0.50000000 	0.60000000 	0.70000000 	0.80000000 	0.90000000 	
0.10000000 	0.10000000 	0.10000000 	0.10000000 	0.10000000 	
0.13975055 	0.13596778 	0.13254500 	0.12944793 	0.12664559 	
0.13897120 	0.13866456 	0.13746035 	0.13496459 	0.13474977 	
0.14155851 	0.14126843 	0.14057408 	0.13852986 	0.13960128 	
0.14757472 	0.13870691 	0.14102961 	0.14185665 	0.14349897 	
0.14245252 	0.14492181 	0.14673841 	0.14604711 	0.14533932 	
0.14566044 	0.14592468 	0.14645189 	0.14400760 	0.14539282 	
0.14477997 	0.14565121 	0.14787941 	0.14314076 	0.14590743 	
0.14649485 	0.14478091 	0.14714208 	0.14640970 	0.14655858 	
0.14605654 	0.14431374 	0.14479282 	0.14612559 	0.14623730 	
0.14716191 	0.14293516 	0.14561831 	0.14298525 	0.14615588 	
0.14739420 	0.14491156 	0.14575014 	0.14457850 	0.14685348 	
0.14489024 	0.14609031 	0.14538338 	0.14463486 	0.14714293 	
0.14281944 	0.14504415 	0.14463586 	0.14440659 	0.14345593 	
0.14520328 	0.14485722 	0.14558081 	0.14461912 	0.14389749 	
0.14542368 	0.14560492 	0.14402447 	0.14514846 	0.14203436 	
0.14486462 	0.14412289 	0.14186417 	0.14538319 	0.14136259 	
0.14630128 	0.14381228 	0.14165920 	0.14414093 	0.14044012 	
0.14152354 	0.13914380 	0.13717404 	0.14111696 	0.13891493 	
0.14333710 	0.13855811 	0.13689373 	0.14059018 	0.14132418 	
0.14319866 	0.13782310 	0.13981575 	0.13957094 	0.14262939 	
0.14281232 	0.14127852 	0.14260410 	0.13845633 	0.14190803 	
0.14512059 	0.13939379 	0.14227631 	0.13990896 	0.14309108 	
0.14626136 	0.14486957 	0.14459277 	0.14306523 	0.14701113 	
0.15047713 	0.14642383 	0.14690150 	0.14400082 	0.14842201 	
0.14753488 	0.14782190 	0.14868203 	0.14661541 	0.14646780 	
0.14670148 	0.14531443 	0.14833153 	0.14671382 	0.14659384 	
0.14694271 	0.14532674 	0.14578461 	0.14688639 	0.14680399 	
0.14453201 	0.14533183 	0.14505018 	0.14735519 	0.14468287 	
0.14122750 	0.14463619 	0.14403933 	0.14579149 	0.14332922 	
0.14565443 	0.14564719 	0.14679055 	0.14627984 	0.14512203 	
0.14453763 	0.14593204 	0.14627919 	0.14763744 	0.14444012 	
0.14520702 	0.14297377 	0.14400800 	0.14427401 	0.14458699 	
0.14088532 	0.14107199 	0.14341425 	0.14425374 	0.14602886 	
0.13998340 	0.14083985 	0.14409649 	0.14424334 	0.14442047 	
0.14216279 	0.14374229 	0.14592496 	0.14582602 	0.14727872 	
0.14097316 	0.14533771 	0.14354901 	0.14384617 	0.14427482 	
0.14176735 	0.14383405 	0.14395638 	0.14454711 	0.14322862 	
0.14162054 	0.14424328 	0.14362026 	0.14504839 	0.14294503 	
0.14455277 	0.14346704 	0.14287439 	0.14571417 	0.14301172 	
0.14577332 	0.14456145 	0.14334122 	0.14330126 	0.14281123 	
0.14523614 	0.14105074 	0.14281281 	0.14284238 	0.14169923 	
0.14309621 	0.13908471 	0.14145376 	0.14159830 	0.14227672 	
0.14176913 	0.14162316 	0.14084362 	0.14064101 	0.14329743 	
0.14411784 	0.14043883 	0.13990667 	0.13856005 	0.14403428 	
0.14420487 	0.14326229 	0.14179333 	0.14007723 	0.14290835 	
0.14345782 	0.14427867 	0.14497413 	0.14057693 	0.14541181 	
0.14316936 	0.14415264 	0.14130620 	0.14074884 	0.14500021 	
0.14203370 	0.14113542 	0.14341322 	0.14098003 	0.14450315 	
0.14469861 	0.14357340 	0.14114275 	0.14093344 	0.14464184 	
0.14477906 	0.14742623 	0.14201715 	0.14326162 	0.14472036 	
0.14657150 	0.14716280 	0.14420782 	0.14372525 	0.14594759 	
0.14629478 	0.14476472 	0.14654815 	0.14640648 	0.14644703 	
0.14540597 	0.14048414 	0.14591083 	0.14817732 	0.14596760 	
0.14289077 	0.14018874 	0.14349131 	0.14349391 	0.14430055 	
0.14520657 	0.14272764 	0.14291478 	0.14297096 	0.14115897 	
0.14215698 	0.14150990 	0.14479761 	0.14225577 	0.14113300 	
0.14294344 	0.14103838 	0.14316541 	0.13980003 	0.14111887 	
0.14517282 	0.14329509 	0.14435838 	0.14200536 	0.14176385 	
0.14223427 	0.14100821 	0.14404951 	0.14235925 	0.14068494 	
0.13982851 	0.14308949 	0.14155194 	0.13998969 	0.14208681 	
0.14229798 	0.14242807 	0.14577554 	0.14175144 	0.14374594 	
0.14654826 	0.14501465 	0.14549246 	0.14196149 	0.14469688 	
0.15034794 	0.14353915 	0.14800470 	0.14763337 	0.14678460 	
0.14702468 	0.14756454 	0.14511382 	0.14683618 	0.14859175 	
0.14397203 	0.14663179 	0.14656065 	0.14791187 	0.15030719 	
0.14656309 	0.14362182 	0.14364764 	0.14799907 	0.14636455 	
0.14526609 	0.14219217 	0.14394920 	0.14731468 	0.14558229 	
0.14183415 	0.14214515 	0.14107776 	0.14617922 	0.14299279 	
0.14095491 	0.14026063 	0.14251015 	0.14318578 	0.14002036 	
0.14126951 	0.14312416 	0.14060666 	0.14014926 	0.14238384 	
0.14433724 	0.14493429 	0.14174129 	0.14269294 	0.14423067 	
0.14381450 	0.14557622 	0.14137221 	0.14300315 	0.14484111 	
0.14052546 	0.14185500 	0.14120599 	0.14437293 	0.14441005 	
0.14111047 	0.14026975 	0.13859181 	0.14175779 	0.14279283 	
0.14446482 	0.14512602 	0.14414445 	0.14507060 	0.14298000 	
0.14656575 	0.14476695 	0.14353632 	0.14525130 	0.14595842 	
0.14586154 	0.14681025 	0.14341479 	0.14787759 	0.14709804 	
0.14780263 	0.14762101 	0.14480127 	0.14778946 	0.14547767 	
0.14454199 	0.14822951 	0.14410232 	0.14774212 	0.14528773 	
0.14135664 	0.14614045 	0.14070808 	0.14535433 	0.14571356 	
0.14459916 	0.14186880 	0.13921219 	0.14579256 	0.14282895 	
0.14455580 	0.14229948 	0.14085962 	0.14477170 	0.14228788 	
0.14454142 	0.14337272 	0.14353189 	0.14388261 	0.14308819 	
0.13837975 	0.13991820 	0.14397172 	0.14136932 	0.14095757 	
0.13762225 	0.14018345 	0.13919985 	0.14135565 	0.13825565 	
0.13618068 	0.14394712 	0.14229856 	0.14219259 	0.13997840 	
0.14432768 	0.14178833 	0.14557362 	0.14521080 	0.14238475 	
0.14793422 	0.14236735 	0.14554169 	0.14618412 	0.14469282 	
0.14586734 	0.13883061 	0.14314701 	0.14217542 	0.14354138 	
0.14106449 	0.13766654 	0.13899511 	0.14068301 	0.14024678 	
0.13717767 	0.13983137 	0.13952836 	0.13927973 	0.14082145 	
0.14255382 	0.13811337 	0.14128953 	0.14056704 	0.13832749 	
0.14422088 	0.14227106 	0.14010560 	0.13983056 	0.14124200 	
0.14522749 	0.14464584 	0.14318820 	0.14223208 	0.14262386 	
0.14453736 	0.14352532 	0.14541267 	0.14419565 	0.14370947 	
0.14416323 	0.14009776 	0.14474826 	0.14495335 	0.14316299 	
0.14109685 	0.13923329 	0.14198507 	0.14272618 	0.13994205 	
0.13969179 	0.13651804 	0.13808067 	0.14234093 	0.13937437 	
0.14009045 	0.14001564 	0.14059298 	0.14346201 	0.13883608 	
0.13930703 	0.14049516 	0.14106068 	0.13999309 	0.13953075 	
0.14560599 	0.14614249 	0.13997952 	0.14039717 	0.14445539 	
0.14739220 	0.14580331 	0.14075993 	0.14309910 	0.14657429 	
0.14893039 	0.14656479 	0.14342098 	0.14322289 	0.14838076 	
0.14975784 	0.14900877 	0.14510891 	0.14485017 	0.14660696 	
0.14861863 	0.14564371 	0.14507958 	0.14399745 	0.14338924 	
0.14697398 	0.14399258 	0.14506596 	0.14302116 	0.14141966 	
0.14304224 	0.14280300 	0.14408593 	0.14116438 	0.14146953 	
0.13835010 	0.13940193 	0.14295987 	0.14135277 	0.14096298 	
0.14025168 	0.13908977 	0.13916202 	0.14154822 	0.13974119 	
0.14048632 	0.13743440 	0.13762407 	0.14187227 	0.14013546 	
0.14152009 	0.14221025 	0.13937027 	0.13961473 	0.14213237 	
0.14030261 	0.14339952 	0.14171898 	0.14022752 	0.14370926 	
0.14110496 	0.14317329 	0.14110511 	0.14037151 	0.14274983 	
0.14280267 	0.14365722 	0.14249499 	0.14092992 	0.14588981 	
0.14745132 	0.14658863 	0.14534332 	0.14428509 	0.14559085 	
0.14620402 	0.14373494 	0.14635917 	0.14528096 	0.14454326 	
0.14523520 	0.14661232 	0.14548416 	0.14654577 	0.14515667 	
0.14541927 	0.14675760 	0.14480758 	0.14422951 	0.14531503 	
0.14662646 	0.14448535 	0.14593160 	0.14434332 	0.14617120 	
0.14677802 	0.14563633 	0.14473016 	0.14484142 	0.14503953 	
0.14559149 	0.14244280 	0.14523294 	0.14584156 	0.14531456 	
0.14209113 	0.14197778 	0.14462316 	0.14419080 	0.14410689 	
0.14306413 	0.14165703 	0.14444943 	0.14401122 	0.14426764 	
0.14632080 	0.14539476 	0.14343281 	0.14574187 	0.14686361 	
0.14835577 	0.14462019 	0.14572871 	0.14642859 	0.14674046 	
0.14775892 	0.14582226 	0.14649452 	0.14703329 	0.14731779 	
0.14509293 	0.14636869 	0.14712688 	0.14649147 	0.14546305 	
0.14411048 	0.14742531 	0.14690850 	0.14934546 	0.14532956 	
0.14723496 	0.14734202 	0.14936374 	0.14910842 	0.14525532 	
0.14699822 	0.14730724 	0.14909209 	0.14745363 	0.14521408 	
0.14630633 	0.14621958 	0.14847061 	0.14664959 	0.14494093 	
0.14495347 	0.14504509 	0.14744725 	0.14787896 	0.14501049 	
0.14504921 	0.14431938 	0.14656188 	0.14678336 	0.14448769 	
0.14320136 	0.14228929 	0.14473672 	0.14715477 	0.14378026 	
0.14231239 	0.14351436 	0.14186846 	0.14556008 	0.14225221 	
0.14365012 	0.14394400 	0.14326202 	0.14467702 	0.14317718 	
0.14370124 	0.14439051 	0.14365436 	0.14315759 	0.14489474 	
0.14371762 	0.14545666 	0.14369385 	0.14506558 	0.14710832 	
0.14372287 	0.14541552 	0.14371137 	0.14603367 	0.14592435 	
0.14676541 	0.14542057 	0.14371914 	0.14478133 	0.14331846 	
0.14372235 	0.14542267 	0.14621224 	0.14528850 	0.14507071 	
0.14676524 	0.14542354 	0.14367222 	0.14391838 	0.14448769 	
0.14372229 	0.14446769 	0.14309153 	0.14606433 	0.14544816 	
0.14690494 	0.14734133 	0.14491768 	0.14401548 	0.14472940 	
0.14697557 	0.14690183 	0.14513288 	0.14613767 	0.14498686 	
0.14700038 	0.14696757 	0.14462432 	0.14536468 	0.14552531 	
0.15111199 	0.15070669 	0.14663293 	0.14479363 	0.14804761 	
0.14901035 	0.15090938 	0.14686257 	0.14653144 	0.14803722 	
0.15016858 	0.15011430 	0.15094405 	0.14678601 	0.14803107 	
0.14340794 	0.14402735 	0.14930356 	0.15051498 	0.14741969 	
0.14238387 	0.14405760 	0.14524230 	0.14726836 	0.14476629 	
0.14421486 	0.14285171 	0.14238944 	0.14306674 	0.14252135 	
0.15099917 	0.15086016 	0.14388548 	0.14330341 	0.14617055 	
0.15121075 	0.15258411 	0.14686519 	0.14692257 	0.14711124 	
0.15156673 	0.15105450 	0.14877623 	0.14862465 	0.14654555 	
0.15426505 	0.14829366 	0.15016736 	0.15115143 	0.14586103 	
0.14643744 	0.14463533 	0.14830662 	0.15214608 	0.14330207 	
0.14164143 	0.14418238 	0.14511597 	0.14721324 	0.14302612 	
0.14084857 	0.14452345 	0.14207999 	0.14421882 	0.14265667 	
0.14030977 	0.14004549 	0.14245555 	0.14543313 	0.14074842 	
0.14099621 	0.14089987 	0.14023401 	0.14216620 	0.14043327 	
0.14035633 	0.14038054 	0.14067047 	0.13908673 	0.14020813 	
0.14343298 	0.14314937 	0.14073557 	0.14002250 	0.14160498 	
0.14226417 	0.14393408 	0.14396360 	0.14111200 	0.14165213 	
0.14602783 	0.14432821 	0.14430428 	0.14430904 	0.14167846 	
0.14640929 	0.14285853 	0.14479199 	0.14474803 	0.14369639 	
0.14728176 	0.14280142 	0.14478813 	0.14476530 	0.14332077 	
0.14490113 	0.14277808 	0.14478628 	0.14477441 	0.14493104 	
0.14259179 	0.14487948 	0.14478539 	0.14477922 	0.14337022 	
0.14411906 	0.14280243 	0.14550756 	0.14543564 	0.14532112 	
0.14278158 	0.14488868 	0.14522452 	0.14463193 	0.14404157 	
0.14180390 	0.13989187 	0.14469397 	0.14259104 	0.14383553 	
0.13941528 	0.13778992 	0.14400666 	0.14331203 	0.14334033 	
0.13811387 	0.14047697 	0.14377376 	0.14681668 	0.14649885 	
0.14099257 	0.14266580 	0.14181770 	0.14384105 	0.14614770 	
0.14212413 	0.14485227 	0.14259603 	0.14382732 	0.14459649 	
0.14505695 	0.14748361 	0.14461438 	0.14382044 	0.14667162 	
0.14753590 	0.14671185 	0.14713912 	0.14381700 	0.14622890 	
0.13941945 	0.14062315 	0.14205934 	0.14381527 	0.14275939 	
0.13761782 	0.14041023 	0.13663954 	0.13905758 	0.13868361 	
0.13263710 	0.13908266 	0.13836205 	0.13706277 	0.13881636 	
0.13884357 	0.14464123 	0.13467015 	0.13739878 	0.14124009 	
0.14176965 	0.14499653 	0.13783720 	0.14033924 	0.14339722 	
0.14203306 	0.14653861 	0.13775116 	0.14117200 	0.14440863 	
0.13998617 	0.14459274 	0.13872590 	0.14359023 	0.14257345 	
0.13640549 	0.13986625 	0.13954169 	0.14241915 	0.14179719 	
0.14041530 	0.14313814 	0.14086357 	0.14039810 	0.14481268 	
0.14369358 	0.14536132 	0.14300378 	0.14283549 	0.14536161 	
0.14697106 	0.14523453 	0.14415138 	0.14394894 	0.14526756 	
0.14299866 	0.14392173 	0.14497396 	0.14604929 	0.14663575 	
0.14544667 	0.14440827 	0.14585639 	0.14635653 	0.14522784 	
0.14647169 	0.14470828 	0.14411668 	0.14744578 	0.14425818 	
0.14670350 	0.14382733 	0.14346920 	0.14691321 	0.14436305 	
0.14601442 	0.14450022 	0.14171289 	0.14468956 	0.14551407 	
0.14493389 	0.14432476 	0.14164265 	0.14456360 	0.14439884 	
0.14414603 	0.14590135 	0.14161075 	0.14436951 	0.14431267 	
0.14753716 	0.14184245 	0.14202716 	0.14563843 	0.14504372 	
0.14837320 	0.14417608 	0.14312294 	0.14311432 	0.14403726 	
0.14973769 	0.14524209 	0.14407642 	0.14398120 	0.14425011 	
0.14863856 	0.14552103 	0.14538489 	0.14471020 	0.14352361 	
0.14681377 	0.14359547 	0.14371964 	0.14433568 	0.14281774 	
0.14510695 	0.14421210 	0.14325333 	0.14349177 	0.14338783 	
0.14230126 	0.14407287 	0.14290166 	0.14272675 	0.14174647 	
0.14553248 	0.14399332 	0.14370057 	0.14235362 	0.14322235 	
0.14149880 	0.14389369 	0.14202845 	0.14275506 	0.14449280 	
0.14034974 	0.14489571 	0.14485609 	0.14236813 	0.14328286 	
0.14103830 	0.14361015 	0.14371377 	0.14413302 	0.14337474 	
0.13926018 	0.14346048 	0.14352118 	0.14440781 	0.14342559 	
0.14030536 	0.14102721 	0.14273078 	0.14429631 	0.14107292 	
0.13576628 	0.14139735 	0.14268702 	0.14354820 	0.14132734 	
0.14008188 	0.13938948 	0.14266663 	0.14296584 	0.13986975 	
0.13568989 	0.14193303 	0.14265714 	0.14181823 	0.14240000 	
0.14351911 	0.14638216 	0.14517358 	0.14264822 	0.14612062 	
0.14890334 	0.14666257 	0.14546776 	0.14492957 	0.14771577 	
0.15011071 	0.14682620 	0.14626679 	0.14827573 	0.14794040 	
0.14857107 	0.14635599 	0.14578575 	0.14957541 	0.14652884 	
0.14760621 	0.14744133 	0.14502300 	0.15007781 	0.14695294 	
0.14684312 	0.14790257 	0.14583756 	0.14895193 	0.14622962 	
0.14074418 	0.14498925 	0.14498355 	0.14671657 	0.14496456 	
0.14145657 	0.14411319 	0.14419400 	0.14505251 	0.14518488 	
0.14207354 	0.14225259 	0.13982974 	0.14421865 	0.14437163 	
0.14036864 	0.14324713 	0.14108415 	0.14025759 	0.14459773 	
0.13666515 	0.14187426 	0.13838523 	0.14113439 	0.14251054 	
0.13436313 	0.14045496 	0.13872189 	0.13866753 	0.14565100 	
0.14270501 	0.14492007 	0.13707006 	0.13720132 	0.14520202 	
0.14725867 	0.14519327 	0.14184625 	0.14145263 	0.14636020 	
0.14764280 	0.14676198 	0.14131216 	0.14430217 	0.14485741 	
0.14233531 	0.14246067 	0.14454099 	0.14566844 	0.14323625 	
0.14255488 	0.14191002 	0.14114225 	0.14280931 	0.14227017 	
0.14492740 	0.14209507 	0.14195020 	0.14324233 	0.14248402 	
0.14622644 	0.14120082 	0.14209582 	0.14217174 	0.14260094 	
0.14206407 	0.14072794 	0.14128626 	0.14338988 	0.14266496 	
0.14109643 	0.14017290 	0.14081161 	0.14204262 	0.14028602 	
0.13821044 	0.13696730 	0.14026233 	0.14133637 	0.13785869 	
0.14117424 	0.13750306 	0.13731102 	0.13791498 	0.13968562 	
0.13680442 	0.13780307 	0.13936697 	0.13990434 	0.14114838 	
0.14102326 	0.14099417 	0.13688122 	0.13741802 	0.14157431 	
0.14363484 	0.14481544 	0.13987433 	0.13986947 	0.14138753 	
0.14144520 	0.14123015 	0.14280038 	0.14251957 	0.14179844 	
0.14201917 	0.14438071 	0.14541427 	0.14398180 	0.14437037 	
0.14265448 	0.14308546 	0.14515269 	0.14557545 	0.14341524 	
0.14342806 	0.14412892 	0.14549843 	0.14573674 	0.14517426 	
0.14604382 	0.14606533 	0.14519297 	0.14453387 	0.14648904 	
0.14789333 	0.14772625 	0.14678893 	0.14420703 	0.14558187 	
0.14591213 	0.14638531 	0.14655294 	0.14575461 	0.14218357 	
0.14163804 	0.14135864 	0.14649546 	0.14634732 	0.14065036 	
0.14519922 	0.14341670 	0.14298230 	0.14224992 	0.14197264 	
0.14606453 	0.14176455 	0.14201837 	0.14052314 	0.13969819 	
0.13542403 	0.13818648 	0.14023475 	0.14267838 	0.13885556 	
0.13643995 	0.14084100 	0.13925519 	0.14632091 	0.13617104 	
0.14143552 	0.13847593 	0.13938173 	0.14220193 	0.14014124 	
0.14334249 	0.13938223 	0.14063873 	0.14016609 	0.14049498 	
0.13996918 	0.14173801 	0.14017331 	0.13927202 	0.14122309 	
0.14277714 	0.14327234 	0.14058720 	0.14147701 	0.14130591 	
0.14667771 	0.14303710 	0.14142490 	0.14286889 	0.14310672 	
0.14848940 	0.14407684 	0.14334366 	0.14151022 	0.14367236 	
0.14991945 	0.14523731 	0.14595505 	0.14320156 	0.14919351 	
0.15064572 	0.14592762 	0.14422342 	0.14304453 	0.14977438 	
0.14912872 	0.14822935 	0.14519134 	0.14389204 	0.14952170 	
0.14323915 	0.15022823 	0.14992148 	0.14594111 	0.14967421 	
0.14678350 	0.14933908 	0.15051506 	0.14781914 	0.14881938 	
0.14471963 	0.14590618 	0.14773506 	0.15002475 	0.14695489 	
0.14560618 	0.14286050 	0.14765679 	0.14856312 	0.14699749 	
0.14290474 	0.14527004 	0.14761971 	0.14636557 	0.14776942 	
0.14347559 	0.14497928 	0.14760215 	0.14494100 	0.14673325 	
0.14215907 	0.14112179 	0.14642102 	0.14283540 	0.14744780 	
0.14278587 	0.14447684 	0.14592082 	0.14320350 	0.14586190 	
0.13977405 	0.14249037 	0.14372821 	0.14353447 	0.14482393 	
0.13852566 	0.14350383 	0.14439811 	0.14243604 	0.14340289 	
0.13948164 	0.14444292 	0.14264361 	0.14329364 	0.14365709 	
0.14541255 	0.14168178 	0.14457323 	0.14361735 	0.14470649 	
0.14689900 	0.14128804 	0.14297359 	0.14479673 	0.14369012 	
0.14365043 	0.14127177 	0.13822440 	0.14323957 	0.14654733 	
0.14343418 	0.14284428 	0.14097553 	0.14307565 	0.14684204 	
0.14667574 	0.14121195 	0.13904651 	0.14027652 	0.14687820 	
0.14604324 	0.14140137 	0.14037838 	0.14084058 	0.14689896 	
0.14585785 	0.14561143 	0.14020590 	0.13999982 	0.14691088 	
0.14434363 	0.14438906 	0.14213021 	0.14202048 	0.14542246 	
0.14341444 	0.14247484 	0.14580019 	0.14068086 	0.14400859 	
0.14560351 	0.14274237 	0.14459170 	0.14190459 	0.14271060 	
0.14593419 	0.14284520 	0.14414550 	0.14344493 	0.14552510 	
0.14537212 	0.14413372 	0.14181333 	0.14463824 	0.14432872 	
0.14750569 	0.14457479 	0.14061227 	0.14287366 	0.14735768 	
0.14673929 	0.14713193 	0.14283993 	0.14542508 	0.14467108 	
0.14263279 	0.14593959 	0.14567834 	0.14698036 	0.14240805 	
0.13853706 	0.14686655 	0.14413717 	0.14607464 	0.14044006 	
0.14315767 	0.14356967 	0.14450126 	0.14676979 	0.13740951 	
0.13794545 	0.14303896 	0.14548164 	0.14371357 	0.13894237 	
0.14106197 	0.14162263 	0.14244710 	0.14333641 	0.13964939 	
0.13895653 	0.13919376 	0.13869334 	0.13962829 	0.13778052 	
0.14112746 	0.13835727 	0.13678093 	0.13757360 	0.13746100 	
0.14042114 	0.13563687 	0.13745944 	0.13947181 	0.13818254 	
0.13939919 	0.13847865 	0.13834165 	0.14068530 	0.13754636 	
0.13984123 	0.13543610 	0.13588882 	0.14102913 	0.13663182 	
0.13673392 	0.13845114 	0.13991861 	0.14055477 	0.13674680 	
0.13682963 	0.13903599 	0.13732997 	0.13840695 	0.13680455 	
0.14062062 	0.13765970 	0.13910682 	0.13863315 	0.13935780 	
0.14164489 	0.14007270 	0.14195624 	0.13799299 	0.13959221 	
0.13998159 	0.14013732 	0.14206594 	0.13798081 	0.13931756 	
0.14021043 	0.14121296 	0.13941644 	0.13797511 	0.14029416 	
0.14155233 	0.14254789 	0.13966920 	0.13797245 	0.14115463 	
0.14176057 	0.14091199 	0.13928930 	0.13936426 	0.14204517 	
0.14182734 	0.14241950 	0.14049859 	0.13790359 	0.14374668 	
0.14372697 	0.14327618 	0.14291862 	0.13954021 	0.14649326 	
0.14234757 	0.14433646 	0.14629760 	0.14273023 	0.14499976 	
0.14354802 	0.14506523 	0.14707700 	0.14128676 	0.14579046 	
0.14139171 	0.13998448 	0.14801238 	0.14209651 	0.14252135 	
0.14395491 	0.14121183 	0.14429234 	0.14354342 	0.14327790 	
0.14260012 	0.14331967 	0.14440194 	0.14194817 	0.14555470 	
0.14217515 	0.14636833 	0.14182887 	0.14046317 	0.14429419 	
0.14367697 	0.14757162 	0.14308663 	0.14288216 	0.14524028 	
0.14327412 	0.14548153 	0.14272621 	0.14332342 	0.14366819 	
0.14219447 	0.14466064 	0.14326552 	0.14581764 	0.14340213 	
0.14161332 	0.14113226 	0.14605304 	0.14393755 	0.14098777 	
0.13925541 	0.14172710 	0.14391120 	0.14332731 	0.13927728 	
0.14046226 	0.13905579 	0.14325158 	0.14093794 	0.14007629 	
0.14164845 	0.14022900 	0.14238000 	0.13907212 	0.13859848 	
0.14055195 	0.14126957 	0.14305346 	0.14002430 	0.14218481 	
0.14167746 	0.14107505 	0.14173296 	0.13994906 	0.14401893 	
0.14366510 	0.14046660 	0.13931266 	0.13991197 	0.14212493 	
0.14212333 	0.14153725 	0.14059603 	0.14002190 	0.14325224 	
0.14380617 	0.14420789 	0.14149312 	0.14007626 	0.14263895 	
0.14506225 	0.14216848 	0.13971660 	0.14010316 	0.14165511 	
0.14413816 	0.14366332 	0.14356713 	0.14103573 	0.14293919 	
0.14576546 	0.14417260 	0.14295131 	0.14140869 	0.14431280 	
0.14687462 	0.14562456 	0.14262524 	0.14322826 	0.14431527 	
0.14506575 	0.14608072 	0.14143089 	0.14467276 	0.14431668 	
0.14597562 	0.14743314 	0.14342960 	0.14606286 	0.14431749 	
0.14376623 	0.14751613 	0.14504120 	0.14743129 	0.14443264 	
0.14557633 	0.14921905 	0.14579886 	0.14750009 	0.14564217 	
0.14281212 	0.14767191 	0.14793866 	0.14618426 	0.14619736 	
0.14232758 	0.14618410 	0.14878977 	0.14656099 	0.14446648 	
0.14117316 	0.14385533 	0.14801989 	0.14496653 	0.14250850 	
0.13847249 	0.14283422 	0.14882936 	0.14608466 	0.14105384 	
0.13986408 	0.14238256 	0.14488948 	0.14290444 	0.14286164 	
0.13776672 	0.14473445 	0.14289351 	0.14250025 	0.14349354 	
0.14056592 	0.14387306 	0.14245273 	0.14210008 	0.14338701 	
0.13929806 	0.14449652 	0.14203636 	0.14265130 	0.14228031 	
0.13977497 	0.14706354 	0.14268093 	0.14402202 	0.14299517 	
0.14086124 	0.14076110 	0.14417952 	0.14446037 	0.14141928 	
0.14175927 	0.13949603 	0.14561288 	0.14658026 	0.14159840 	
0.14095721 	0.14198213 	0.14414094 	0.14506659 	0.14113488 	
0.13683271 	0.14111810 	0.14559555 	0.14618277 	0.14154534 	
0.14343814 	0.14168258 	0.14413263 	0.14365623 	0.14312252 	
0.14563772 	0.14267506 	0.14202873 	0.14288668 	0.14308249 	
0.14382109 	0.14388133 	0.14122080 	0.14450013 	0.14306065 	
0.14240959 	0.14605319 	0.14167391 	0.14445992 	0.14337481 	
0.14503062 	0.14608151 	0.14257657 	0.14443888 	0.14284271 	
0.14671924 	0.14609386 	0.14334838 	0.14442788 	0.14452957 	
0.14474200 	0.14609924 	0.14466521 	0.14411341 	0.14441089 	
0.14406241 	0.14280670 	0.14528977 	0.14389667 	0.14454671 	
0.14204985 	0.14627109 	0.14678865 	0.14530692 	0.14203892 	
0.14143007 	0.14456980 	0.14852098 	0.14660696 	0.14162825 	
0.14181309 	0.14117070 	0.14590131 	0.14519656 	0.14218154 	
0.14535175 	0.13936979 	0.14439987 	0.14660897 	0.14305890 	
0.14401355 	0.13582492 	0.14457196 	0.14444817 	0.14251931 	
0.14190233 	0.14148048 	0.14149514 	0.14278139 	0.14266195 	
0.14519956 	0.14392209 	0.14177248 	0.14219282 	0.14217270 	
0.14904840 	0.14466648 	0.14460221 	0.14315661 	0.14305268 	
0.14557714 	0.14267355 	0.14271029 	0.14291729 	0.14476343 	
0.14298080 	0.14511735 	0.14436566 	0.14418965 	0.14307978 	
0.14143431 	0.14864823 	0.14170328 	0.14753843 	0.14205742 	
0.14426679 	0.14762594 	0.14525293 	0.14837302 	0.14349622 	
0.14289114 	0.14496832 	0.14721933 	0.14961920 	0.14223479 	
0.14216353 	0.13935782 	0.14304888 	0.14846276 	0.14107464 	
0.14048034 	0.14268088 	0.14400815 	0.14825876 	0.14231802 	
0.14296775 	0.14089744 	0.14239056 	0.14814771 	0.14254493 	
0.14237037 	0.14268605 	0.14093198 	0.14415895 	0.14365072 	
0.14267288 	0.14243421 	0.14253093 	0.14319249 	0.14349596 	
0.13863670 	0.14399512 	0.14099727 	0.14302195 	0.14383403 	
0.13922932 	0.14452346 	0.14047926 	0.14255185 	0.14313076 	
0.13837591 	0.14408412 	0.14251639 	0.14377044 	0.14381842 	
0.14213130 	0.14358250 	0.14388292 	0.14369113 	0.14501786 	
0.14396898 	0.14100913 	0.14446340 	0.14365053 	0.14491224 	
0.14464115 	0.14502470 	0.14409900 	0.14151093 	0.14482221 	
0.14501568 	0.14364088 	0.14363709 	0.14272376 	0.14341388 	
0.14501203 	0.14273920 	0.14282321 	0.14189504 	0.14012396 	
0.14501079 	0.14160484 	0.14185377 	0.14337506 	0.14169998 	
0.14387116 	0.13959240 	0.14477164 	0.13938106 	0.14333250 	
0.14335094 	0.14088551 	0.14292966 	0.14082224 	0.14423455 	
0.14468435 	0.14345693 	0.13972649 	0.14173941 	0.14290077 	
0.14432625 	0.14436885 	0.14252730 	0.14333596 	0.14232036 	
0.14197998 	0.14480421 	0.14705472 	0.14433117 	0.14224953 	
0.14268549 	0.14535762 	0.14543627 	0.14470610 	0.14177715 	
0.14678249 	0.14284297 	0.14706592 	0.14443032 	0.14478483 	
0.14638752 	0.14399634 	0.14671081 	0.14461691 	0.14722201 	
0.14563732 	0.14391847 	0.14821148 	0.14438418 	0.14459916 	
0.14544702 	0.14447795 	0.14326217 	0.14407121 	0.14516637 	
0.14383048 	0.14692068 	0.14412625 	0.14493847 	0.14442123 	
0.14542314 	0.14776049 	0.14505332 	0.14755408 	0.14477652 	
0.14197157 	0.14377721 	0.14752126 	0.14469133 	0.14622251 	
0.14660621 	0.14554224 	0.14437446 	0.14527293 	0.14425981 	
0.14255110 	0.14158592 	0.14642800 	0.14375745 	0.14015581 	
0.13948984 	0.14239875 	0.14496582 	0.14470305 	0.14018514 	
0.13891920 	0.14465187 	0.14415811 	0.14633572 	0.14020097 	
0.13756389 	0.14096054 	0.14610644 	0.14411448 	0.14232949 	
0.14189927 	0.13997117 	0.14331199 	0.13964975 	0.14182059 	
0.14117593 	0.14012560 	0.14204939 	0.13881019 	0.14371752 	
0.14181670 	0.14270325 	0.13810012 	0.13946718 	0.14267049 	
0.14235449 	0.14277813 	0.13579934 	0.14199981 	0.14287421 	
0.14220814 	0.14308691 	0.13892002 	0.14141518 	0.14306146 	
0.14723101 	0.14399024 	0.14087244 	0.14101327 	0.14358680 	
0.14753152 	0.14241898 	0.14190312 	0.14156849 	0.14390454 	
0.14760183 	0.14683616 	0.14229673 	0.13992424 	0.14425222 	
0.14264220 	0.14785862 	0.14448573 	0.13980989 	0.14208518 	
0.14136886 	0.14340169 	0.14459246 	0.14246139 	0.14185058 	
0.13939108 	0.14015019 	0.14596205 	0.14286030 	0.14078277 	
0.14338328 	0.13660616 	0.14477693 	0.14161917 	0.14266115 	
0.14480674 	0.13667446 	0.14306990 	0.14095399 	0.14402661 	
0.14311719 	0.14147214 	0.14224885 	0.14187916 	0.14484023 	
0.14224614 	0.14506070 	0.14093326 	0.14616309 	0.14516323 	
0.14102734 	0.14611389 	0.14314566 	0.14533431 	0.14513622 	
0.14128399 	0.14160640 	0.14654148 	0.14609952 	0.14512104 	
0.14202102 	0.14016815 	0.14420367 	0.14241593 	0.14446905 	
0.14310720 	0.14088772 	0.14199991 	0.14057029 	0.14473322 	
0.14338436 	0.14270168 	0.14197521 	0.13911049 	0.14391168 	
0.14398557 	0.14190649 	0.14196398 	0.13897062 	0.14355496 	
0.14340380 	0.14315213 	0.14306032 	0.13884181 	0.14569689 	
0.14399200 	0.14383702 	0.14331180 	0.13877777 	0.14719650 	
0.14391855 	0.14340089 	0.14371600 	0.13931630 	0.14864201 	
0.14613802 	0.14393487 	0.14338802 	0.13905083 	0.14825721 	
0.14423645 	0.14403929 	0.14387824 	0.14043702 	0.14631770 	
0.14211652 	0.14366368 	0.14346093 	0.14257373 	0.14418791 	
0.14256583 	0.14523962 	0.14399721 	0.14322712 	0.14278834 	
0.14347925 	0.14393426 	0.14393438 	0.14572993 	0.14323154 	
0.14350896 	0.14451524 	0.14402912 	0.14563504 	0.14370464 	
0.14351885 	0.14396609 	0.14450299 	0.14539438 	0.14521662 	
0.14352214 	0.14524411 	0.14401267 	0.14560897 	0.14411225 	
0.14396984 	0.14668763 	0.14449552 	0.14538097 	0.14375577 	
0.14457630 	0.14401769 	0.14400921 	0.14592620 	0.14470441 	
0.14524291 	0.14685307 	0.14514241 	0.14494911 	0.14602038 	
0.14075663 	0.14956233 	0.14795682 	0.14759049 	0.14374272 	
0.14022671 	0.14634908 	0.14214887 	0.14650144 	0.14379920 	
0.14072420 	0.14288269 	0.14650864 	0.14598576 	0.14423451 	
0.14214137 	0.14442597 	0.14593496 	0.14535615 	0.14452850 	
0.14196823 	0.14181290 	0.14526602 	0.14289202 	0.14373205 	
0.14186104 	0.14285655 	0.14158108 	0.14415075 	0.14359106 	
0.14311046 	0.14481297 	0.14083750 	0.14260878 	0.14534845 	
0.14161333 	0.14430128 	0.14035760 	0.14245142 	0.14574946 	
0.14245144 	0.14162670 	0.13935940 	0.14237436 	0.14615776 	
0.14591926 	0.14266079 	0.14162731 	0.14429156 	0.14588347 	
0.14660134 	0.14396199 	0.14048703 	0.14210632 	0.14635627 	
0.14635397 	0.14593944 	0.14337272 	0.14183904 	0.14629645 	
0.14548253 	0.14654475 	0.14446562 	0.14277558 	0.14573609 	
0.14302407 	0.14635393 	0.14247114 	0.14402025 	0.14419616 	
0.14400330 	0.14556544 	0.14557363 	0.14561062 	0.14171526 	
0.14453460 	0.14329411 	0.14474287 	0.14443549 	0.14109607 	
0.14313093 	0.14500633 	0.14284982 	0.14322929 	0.14329279 	
0.13714829 	0.14352799 	0.14063497 	0.14466206 	0.14218463 	
0.14100438 	0.14552729 	0.14191419 	0.14568328 	0.14318930 	
0.14376766 	0.14546811 	0.14448472 	0.14189090 	0.13831306 	
0.14281006 	0.14371443 	0.14336203 	0.14100961 	0.14119898 	
0.14470574 	0.13900789 	0.14555479 	0.14261674 	0.14241228 	
0.14286611 	0.14089889 	0.14392196 	0.14351398 	0.14319944 	
0.14758634 	0.14482863 	0.14013651 	0.13975709 	0.14680921 	
0.14718013 	0.14703940 	0.14086590 	0.14304195 	0.14694040 	
0.14755108 	0.14745583 	0.14444006 	0.14433182 	0.14785605 	
0.14793947 	0.14763818 	0.14531901 	0.14517761 	0.14962051 	
0.15051895 	0.14724140 	0.14526473 	0.14468768 	0.14903567 	
0.14279080 	0.14778753 	0.14467722 	0.14306181 	0.14644922 	
0.14545998 	0.14702235 	0.14288573 	0.14566439 	0.14492314 	
0.14329618 	0.14821199 	0.14673965 	0.14603861 	0.14196223 	
0.14184280 	0.14497396 	0.14831916 	0.14952214 	0.14276281 	
0.14454989 	0.14465205 	0.14730606 	0.14643423 	0.14336491 	
0.14462452 	0.14245567 	0.14451440 	0.14475495 	0.14383021 	
0.14465153 	0.14489985 	0.14244088 	0.14460138 	0.14485150 	
0.14466131 	0.14272963 	0.14033441 	0.14289402 	0.14424763 	
0.14855400 	0.14537022 	0.14343583 	0.14350038 	0.14690874 	
0.14875745 	0.14552501 	0.13979260 	0.14319916 	0.15164458 	
0.14824819 	0.14435404 	0.14317657 	0.14366721 	0.15183824 	
0.14883144 	0.14788369 	0.14370613 	0.14530416 	0.14559823 	
0.14529390 	0.14774807 	0.14364837 	0.14654421 	0.14503822 	
0.14453676 	0.14768911 	0.14739249 	0.14738331 	0.14358871 	
0.14531861 	0.14234036 	0.14749043 	0.14747625 	0.14704613 	
0.14433362 	0.13966429 	0.14932859 	0.14637357 	0.14790376 	
0.14697590 	0.13664263 	0.14750197 	0.14443114 	0.14804793 	
0.14079458 	0.14138187 	0.14626989 	0.14369881 	0.14554090 	
0.14118364 	0.14728293 	0.14417763 	0.14420832 	0.14284169 	
0.14457755 	0.14830810 	0.14571501 	0.14508029 	0.14340940 	
0.14521665 	0.14443595 	0.14431612 	0.14631907 	0.14298230 	
0.14455785 	0.14172062 	0.14723600 	0.14749953 	0.14200280 	
0.14520998 	0.13921682 	0.14098908 	0.14464124 	0.14359294 	
0.14648400 	0.14184374 	0.14034424 	0.14313340 	0.14664379 	
0.14921369 	0.14373885 	0.14074320 	0.14131561 	0.14720603 	
0.14808418 	0.14296796 	0.14258403 	0.14053781 	0.14727653 	
0.14296655 	0.14712463 	0.14134707 	0.14049968 	0.14379771 	
0.14086464 	0.14726659 	0.14046981 	0.14048117 	0.14067122 	
0.13915376 	0.14895702 	0.14629419 	0.14574535 	0.14096434 	
0.14496462 	0.14428785 	0.15035281 	0.14862647 	0.14343531 	
0.14576844 	0.14220536 	0.15034438 	0.14879853 	0.14501094 	
0.14561899 	0.14069484 	0.14622935 	0.14495936 	0.14552986 	
0.14610066 	0.14449579 	0.13988665 	0.14468183 	0.14450624 	
0.14208102 	0.14581900 	0.14000511 	0.14278753 	0.14621532 	
0.14261840 	0.14606685 	0.14295222 	0.14602974 	0.14380960 	
0.14508148 	0.14191340 	0.14595660 	0.14619082 	0.14264010 	
0.14306507 	0.14548970 	0.14617362 	0.14627429 	0.14428129 	
0.14332740 	0.14413217 	0.14325730 	0.14845536 	0.14083163 	
0.14016565 	0.14465036 	0.14668746 	0.14731197 	0.14099125 	
0.14153883 	0.14358531 	0.14686816 	0.14730103 	0.13908366 	
0.14253776 	0.14488082 	0.14451383 	0.14504839 	0.13931110 	
0.14445115 	0.13973922 	0.14292320 	0.14460137 	0.13795888 	
0.14473256 	0.14038077 	0.14346867 	0.14255253 	0.13823474 	
0.14369513 	0.14281375 	0.14470567 	0.13976383 	0.14193234 	
0.14594005 	0.14310466 	0.14103579 	0.14027658 	0.14495008 	
0.14665227 	0.14381532 	0.14101414 	0.14232161 	0.14553218 	
0.14319714 	0.14492685 	0.14100445 	0.14203647 	0.14353256 	
0.14244282 	0.14236808 	0.14100011 	0.14424555 	0.14283533 	
0.14138093 	0.14237455 	0.14265379 	0.14320672 	0.14225218 	
0.14110319 	0.14237709 	0.14419436 	0.14392902 	0.14080354 	
0.13855378 	0.14237809 	0.14307373 	0.14133472 	0.13914012 	
0.14164293 	0.14034567 	0.14163568 	0.13965854 	0.14147231 	
0.14226112 	0.13725231 	0.14002950 	0.13967793 	0.14112271 	
0.14333582 	0.14157082 	0.14155069 	0.13966893 	0.14309701 	
0.14474084 	0.14057880 	0.13572352 	0.13966447 	0.14599402 	
0.14632756 	0.14414598 	0.13879823 	0.13966225 	0.14432951 	
0.14552657 	0.14465230 	0.14118526 	0.14236763 	0.14604973 	
0.14629065 	0.14614080 	0.14356223 	0.14311214 	0.14428660 	
0.14184401 	0.14380982 	0.14349366 	0.14060215 	0.14114852 	
0.14228542 	0.14604836 	0.14346203 	0.14310764 	0.13926890 	
0.14146591 	0.14366918 	0.14345741 	0.14630400 	0.14277368 	
0.14323108 	0.14073506 	0.14345531 	0.14572209 	0.14226486 	
0.14190856 	0.14194654 	0.14345435 	0.14395687 	0.14341017 	
0.14152792 	0.14157884 	0.14178537 	0.14309905 	0.14521333 	
0.14179118 	0.14496849 	0.14217895 	0.14056825 	0.14762663 	
0.14272239 	0.14245911 	0.14060968 	0.14138357 	0.14882832 	
0.14237025 	0.14385655 	0.14339903 	0.14399053 	0.14843215 	
0.13955461 	0.14472834 	0.14159879 	0.14214687 	0.14679777 	
0.13679348 	0.14658407 	0.14269990 	0.14285217 	0.14685999 	
0.13945545 	0.14573328 	0.14369605 	0.14588532 	0.14278100 	
0.13668988 	0.14304159 	0.14637585 	0.14851392 	0.14108094 	
0.14191005 	0.14144913 	0.14439711 	0.14637194 	0.13957799 	
0.13965379 	0.14014292 	0.14539221 	0.14458336 	0.14004400 	
0.14029519 	0.13919076 	0.14299308 	0.14333056 	0.13978019 	
0.13966196 	0.13699081 	0.14356010 	0.14187711 	0.14341104 	
0.14685667 	0.14231239 	0.14184847 	0.14138714 	0.14696873 	
0.14771925 	0.13990743 	0.14238686 	0.14034901 	0.14749951 	
0.14760232 	0.14244506 	0.14128570 	0.13985263 	0.14685856 	
0.14603563 	0.14365643 	0.14318169 	0.14107639 	0.14526078 	
0.14649732 	0.14897773 	0.14191106 	0.14229670 	0.14508625 	
0.14652344 	0.14887848 	0.14469724 	0.14435424 	0.14545090 	
0.14510359 	0.14772019 	0.14676608 	0.14624148 	0.14504727 	
0.14563650 	0.14686174 	0.14695982 	0.14740641 	0.14591634 	
0.14577921 	0.14439562 	0.14722328 	0.14682891 	0.14335458 	
0.14204591 	0.14550056 	0.14590615 	0.14507666 	0.14350891 	
0.14081384 	0.14492705 	0.14650094 	0.14548421 	0.14063624 	
0.14196563 	0.14311105 	0.14693309 	0.14502239 	0.14184781 	
0.13964121 	0.14566573 	0.14582672 	0.14599466 	0.14158037 	
0.14116596 	0.14418398 	0.14274506 	0.14422969 	0.14162491 	
0.14230536 	0.14198431 	0.14194223 	0.14317788 	0.14164919 	
0.14501208 	0.14114413 	0.14099212 	0.14469057 	0.14166244 	
0.14446832 	0.14063357 	0.14187174 	0.14083338 	0.13950602 	
0.13883311 	0.14225121 	0.14153201 	0.14170865 	0.13975891 	
0.13922742 	0.14473318 	0.13882230 	0.14180787 	0.13666114 	
0.13772236 	0.14455329 	0.14341776 	0.14352931 	0.13717922 	
0.14114987 	0.13940483 	0.14238842 	0.14372625 	0.14114214 	
0.14377735 	0.13980700 	0.14417342 	0.14053186 	0.14290689 	
0.13976313 	0.14141852 	0.13913441 	0.13765394 	0.14114449 	
0.13812525 	0.13935716 	0.13839297 	0.13692257 	0.13999957 	
0.14010409 	0.14076412 	0.13763334 	0.13901405 	0.13953486 	
0.14303101 	0.14220568 	0.14048998 	0.14204728 	0.14128883 	
0.14631473 	0.14267057 	0.14085722 	0.14269214 	0.14395946 	
0.14796061 	0.14096639 	0.14061400 	0.14128632 	0.14560034 	
0.14246294 	0.14618720 	0.14200332 	0.13995021 	0.14477741 	
0.14306269 	0.14698797 	0.14281701 	0.13827115 	0.14403466 	
0.14314080 	0.14670153 	0.14433643 	0.14065188 	0.14333212 	
0.14459636 	0.14688429 	0.14671449 	0.14265204 	0.14427073 	
0.14424740 	0.14427883 	0.14800679 	0.14507277 	0.14279112 	
0.14205539 	0.14144245 	0.14348210 	0.14594420 	0.14401289 	
0.14393980 	0.14429075 	0.14531698 	0.14610274 	0.14539602 	
0.14605070 	0.14228160 	0.14428550 	0.14594286 	0.14345416 	
0.14454625 	0.14374371 	0.14247037 	0.14458888 	0.14319734 	
0.14542876 	0.14589164 	0.14582493 	0.14433406 	0.14305611 	
0.14688257 	0.14293394 	0.14438983 	0.14471256 	0.14295908 	
0.14539887 	0.14449807 	0.14506082 	0.14512009 	0.14311830 	
0.14090029 	0.14532573 	0.14785392 	0.14761892 	0.14204921 	
0.14284578 	0.14578944 	0.14813760 	0.14841676 	0.14230325 	
0.14021459 	0.14941038 	0.14622218 	0.14477935 	0.14664350 	
0.14628670 	0.14809187 	0.14214862 	0.14531789 	0.14721676 	
0.14987977 	0.14479039 	0.14044782 	0.14488256 	0.14855144 	
0.14865408 	0.13976003 	0.13917963 	0.14103113 	0.14826031 	
0.14966866 	0.14729958 	0.14211190 	0.14134717 	0.14863248 	
0.14906414 	0.14905263 	0.14256013 	0.14596059 	0.14835585 	
0.14226849 	0.14779819 	0.14699917 	0.14696239 	0.14581155 	
0.14383853 	0.14648882 	0.14790541 	0.14779990 	0.14382843 	
0.14403195 	0.14979156 	0.14790567 	0.14672710 	0.14394928 	
0.14358510 	0.14917748 	0.14908751 	0.14717910 	0.14607083 	
0.14214990 	0.14454971 	0.14794632 	0.14820014 	0.14436294 	
0.14103679 	0.14624554 	0.14910757 	0.14556046 	0.14469949 	
0.14257503 	0.14387155 	0.14495664 	0.14277834 	0.14481318 	
0.14260532 	0.14703454 	0.14561753 	0.14328162 	0.14462257 	
0.14536169 	0.14626227 	0.14330866 	0.14300744 	0.14496203 	
0.14413716 	0.14487986 	0.14299104 	0.14269472 	0.14339765 	
0.14185317 	0.14473664 	0.14265442 	0.14320480 	0.14446511 	
0.14760889 	0.14486825 	0.14263521 	0.14389644 	0.14477386 	
0.14619506 	0.14582486 	0.14262665 	0.14239611 	0.14443889 	
0.14466727 	0.14372893 	0.14262283 	0.14307028 	0.14649414 	
0.14878124 	0.14314575 	0.14487001 	0.14534516 	0.14853857 	
0.14824991 	0.14374763 	0.14573462 	0.14444598 	0.14991735 	
0.14927579 	0.14315317 	0.14371805 	0.14479675 	0.14852437 	
0.14957302 	0.14387778 	0.14319631 	0.14441508 	0.14581263 	
0.14690461 	0.14631325 	0.14371277 	0.14478126 	0.14449816 	
0.14532849 	0.14747713 	0.14555172 	0.14777283 	0.14381886 	
0.14719452 	0.14449300 	0.14819808 	0.14723387 	0.14484939 	
0.14823720 	0.14432701 	0.14906506 	0.14725316 	0.14524222 	
0.14249005 	0.14275301 	0.14667557 	0.14614808 	0.14163802 	
0.13738102 	0.14605941 	0.14550652 	0.14587921 	0.14265225 	
0.13745475 	0.14512716 	0.14438502 	0.14471560 	0.14315768 	
0.14138742 	0.14529786 	0.14556210 	0.14572370 	0.14240086 	
0.14097750 	0.13999639 	0.14412157 	0.14434440 	0.14188319 	
0.14488468 	0.14130499 	0.14675704 	0.14212586 	0.14157137 	
0.14014600 	0.14002563 	0.14249453 	0.14077262 	0.14214402 	
0.14209021 	0.14191264 	0.13830920 	0.14285706 	0.14188519 	
0.13716580 	0.14422032 	0.13854621 	0.14331264 	0.13867563 	
0.13534807 	0.14233301 	0.14046237 	0.14269932 	0.13705497 	
0.13211569 	0.14171575 	0.14154872 	0.14323421 	0.13424808 	
0.13893456 	0.13973513 	0.14226077 	0.14410554 	0.13464335 	
0.14275945 	0.13573331 	0.14174154 	0.14261356 	0.13598052 	
0.14190361 	0.13446660 	0.13937217 	0.14055646 	0.13970985 	
0.14129805 	0.13480462 	0.13335431 	0.13779638 	0.14138667 	
0.14392262 	0.14120722 	0.13372029 	0.13825300 	0.14241690 	
0.14641547 	0.14239660 	0.13729946 	0.14004933 	0.14149093 	
0.14304753 	0.13987519 	0.14037569 	0.14285824 	0.14066001 	
0.14124423 	0.14217331 	0.14067207 	0.14217712 	0.14078546 	
0.13889365 	0.14227976 	0.14088515 	0.14226240 	0.14055069 	
0.14214647 	0.14195419 	0.13793618 	0.14230567 	0.13968449 	
0.14411999 	0.14289874 	0.13870967 	0.14232765 	0.14155594 	
0.14198491 	0.14258105 	0.13909407 	0.14203704 	0.13933520 	
0.14112376 	0.14212453 	0.13998900 	0.14189263 	0.13840657 	
0.13886607 	0.14392390 	0.14168151 	0.14269685 	0.13960226 	
0.14319721 	0.14510748 	0.14108139 	0.14263631 	0.14126888 	
0.14198209 	0.14336816 	0.13924871 	0.14223414 	0.14047554 	
0.14150523 	0.13847495 	0.14170250 	0.13988610 	0.14152023 	
0.13987182 	0.14015026 	0.14096070 	0.13871093 	0.14041827 	
0.14358025 	0.13994065 	0.13920401 	0.13931185 	0.14149024 	
0.14427483 	0.14098877 	0.13916519 	0.13966367 	0.14215374 	
0.14293939 	0.14191911 	0.13971723 	0.14029284 	0.13964747 	
0.14313973 	0.14135791 	0.14038256 	0.14203119 	0.14090258 	
0.14341710 	0.13997349 	0.14171266 	0.14192223 	0.14187012 	
0.14371629 	0.14231401 	0.14239414 	0.14146115 	0.14365033 	
0.14486036 	0.14142240 	0.14216730 	0.14027400 	0.14396360 	
0.14247054 	0.14277794 	0.13909871 	0.13934244 	0.14223249 	
0.14302621 	0.14485810 	0.14054223 	0.13965447 	0.14191403 	
0.14278365 	0.14318921 	0.14164501 	0.14140457 	0.14169273 	
0.14669200 	0.14335071 	0.14479361 	0.14252322 	0.14442284 	
0.14775105 	0.14288430 	0.14331751 	0.14271324 	0.14635313 	
0.14843660 	0.14274988 	0.14318174 	0.14229407 	0.14549695 	
0.14456605 	0.14630711 	0.14289893 	0.14205064 	0.14348227 	
0.14325764 	0.14643584 	0.14276937 	0.14201836 	0.14370985 	
0.14374551 	0.14523188 	0.14597722 	0.14464459 	0.14354400 	
0.14347481 	0.14390417 	0.14668060 	0.14710177 	0.14510612 	
0.14573386 	0.14430913 	0.14755366 	0.14533125 	0.14467394 	
0.13977142 	0.14305420 	0.14567572 	0.14419597 	0.14657498 	
0.14003117 	0.14387962 	0.14356631 	0.14322286 	0.14465494 	
0.14056623 	0.14474295 	0.14462381 	0.14360132 	0.14562430 	
0.14126381 	0.14474753 	0.14469231 	0.14529948 	0.14453591 	
0.14307885 	0.14727027 	0.14472380 	0.14402729 	0.14179570 	
0.14466874 	0.14465517 	0.14473828 	0.14607102 	0.14151725 	
0.14557896 	0.14596353 	0.14702588 	0.14389781 	0.14258699 	
0.13987633 	0.14160202 	0.14486849 	0.14314468 	0.14519010 	
0.14165228 	0.14170434 	0.14475844 	0.14291857 	0.14318783 	
0.14071653 	0.14189568 	0.14225323 	0.14233830 	0.14450620 	
0.14371307 	0.14428991 	0.14214113 	0.14187158 	0.14239691 	
0.14974823 	0.14375521 	0.14315331 	0.14384395 	0.14273304 	
0.14260859 	0.14211611 	0.14458248 	0.14245709 	0.14081012 	
0.13725622 	0.14458168 	0.14537462 	0.14505876 	0.13735941 	
0.13402746 	0.14169053 	0.14283251 	0.14544831 	0.13676352 	
0.14010859 	0.13947730 	0.14369090 	0.14443409 	0.14041022 	
0.14123451 	0.13945837 	0.14701198 	0.14217973 	0.14198903 	
0.14087674 	0.13945118 	0.14140677 	0.13991759 	0.14272967 	
0.14035291 	0.14153243 	0.13788491 	0.13678317 	0.13955597 	
0.14046074 	0.14111852 	0.13729591 	0.13766659 	0.14224318 	
0.14182278 	0.14054389 	0.14049454 	0.13994878 	0.13997578 	
0.14091147 	0.14218913 	0.14237513 	0.14089002 	0.14058143 	
0.14196259 	0.13916188 	0.14385701 	0.14053406 	0.14143852 	
0.14160412 	0.14304102 	0.14161596 	0.14188626 	0.14183751 	
0.14361751 	0.14108407 	0.13970374 	0.13692926 	0.14165293 	
0.14303579 	0.14230498 	0.13981689 	0.14009859 	0.14154562 	
0.14447358 	0.14312479 	0.14135051 	0.14076064 	0.14292202 	
0.14627138 	0.14168898 	0.14349822 	0.14161628 	0.14393723 	
0.14695480 	0.14127979 	0.14302571 	0.14196788 	0.14533740 	
0.14145511 	0.14330231 	0.14341853 	0.14169972 	0.14584740 	
0.14163009 	0.14508045 	0.14234797 	0.14135936 	0.14773615 	
0.14213478 	0.14585968 	0.14533409 	0.14297489 	0.14647028 	
0.14402943 	0.14658980 	0.14401201 	0.14407045 	0.14585895 	
0.13939873 	0.14658429 	0.14568156 	0.14555242 	0.14249853 	
0.14027461 	0.14658193 	0.14516517 	0.14650479 	0.14015481 	
0.14203600 	0.14658092 	0.14554129 	0.14654005 	0.14138989 	
0.14488817 	0.14525713 	0.14631713 	0.14655881 	0.14393394 	
0.14306879 	0.14145670 	0.14343808 	0.14656880 	0.14387147 	
0.14202088 	0.13926797 	0.14094698 	0.14549082 	0.14364926 	
0.14174859 	0.13962064 	0.14035349 	0.13958543 	0.14324582 	
0.14524054 	0.14168213 	0.14001852 	0.14013727 	0.14412114 	
0.14432658 	0.14289639 	0.14160273 	0.14151105 	0.14486455 	
0.14529987 	0.14432811 	0.14459226 	0.14426197 	0.14441692 	
0.14843576 	0.14466604 	0.14272087 	0.14335960 	0.14480719 	
0.14652130 	0.14574836 	0.14254066 	0.14475285 	0.14509311 	
0.14759554 	0.14222773 	0.14255611 	0.14538328 	0.14816353 	
0.14341556 	0.14415226 	0.14420609 	0.14431061 	0.14826765 	
0.14161262 	0.14513714 	0.14506811 	0.14503945 	0.14555874 	
0.13827658 	0.14925579 	0.14441215 	0.14445982 	0.14277420 	
0.14222270 	0.14869749 	0.14489139 	0.14388999 	0.14085677 	
0.14142801 	0.14950439 	0.14774722 	0.14781317 	0.14144469 	
0.14097865 	0.14485465 	0.14997280 	0.14979639 	0.14113607 	
0.14239183 	0.13882624 	0.14563864 	0.14869514 	0.14406655 	
0.14189238 	0.13968026 	0.14366398 	0.14515118 	0.14310197 	
0.14300909 	0.14091764 	0.14197573 	0.14142220 	0.14434602 	
0.14412130 	0.14385790 	0.14287443 	0.14109215 	0.14511853 	
0.14413217 	0.14240322 	0.14490818 	0.14340933 	0.14411311 	
0.14413607 	0.14194464 	0.14445767 	0.14220397 	0.14412392 	
0.14574186 	0.14292417 	0.14526821 	0.14162448 	0.14520566 	
0.14497913 	0.14447596 	0.14498406 	0.14259008 	0.14565971 	
0.14344883 	0.14544191 	0.14497387 	0.14251875 	0.14540255 	
0.14243987 	0.14690376 	0.14353616 	0.14171481 	0.14626760 	
0.14169516 	0.14429628 	0.14306741 	0.14524596 	0.14768382 	
0.14380338 	0.14587004 	0.14394657 	0.14690356 	0.14652988 	
0.14569948 	0.14436515 	0.14486421 	0.14476882 	0.14511113 	
0.14573361 	0.14631847 	0.14367076 	0.14546666 	0.14486242 	
0.14106317 	0.14713428 	0.14551597 	0.14577440 	0.14410712 	
0.14120356 	0.14749970 	0.14766300 	0.14534256 	0.14181401 	
0.14269285 	0.14825752 	0.14626389 	0.14357758 	0.14028942 	
0.13903475 	0.14647426 	0.14799558 	0.14277014 	0.14089678 	
0.13568725 	0.14461502 	0.14637749 	0.14717627 	0.13999065 	
0.14050280 	0.14260790 	0.14804849 	0.14454400 	0.13837112 	
0.13928676 	0.13934704 	0.14640254 	0.14391685 	0.13723981 	
0.13741436 	0.13733143 	0.14364757 	0.14382521 	0.13848513 	
0.13980689 	0.13569606 	0.14275003 	0.14081893 	0.13946511 	
0.13881580 	0.14004758 	0.14082073 	0.14104366 	0.13812760 	
0.14302292 	0.13782683 	0.13798054 	0.13996936 	0.14193062 	
0.14580357 	0.14087133 	0.13375290 	0.13819010 	0.14477938 	
0.14341699 	0.14243380 	0.13269043 	0.13768750 	0.14611603 	
0.14552040 	0.14194729 	0.13530175 	0.13767551 	0.14278498 	
0.14482673 	0.14578232 	0.13945185 	0.13766965 	0.14433551 	
0.14281058 	0.14667821 	0.13782568 	0.13766679 	0.14309785 	
0.14504402 	0.14557875 	0.14091772 	0.14049686 	0.14408095 	
0.14239355 	0.14491697 	0.14469255 	0.14388615 	0.14388072 	
0.14575939 	0.14415134 	0.14637151 	0.14392349 	0.14041960 	
0.14813595 	0.14894378 	0.14395022 	0.14562737 	0.14393456 	
0.14447156 	0.14855193 	0.14581927 	0.14506228 	0.14459757 	
0.13785718 	0.14424661 	0.14385707 	0.14535297 	0.14372372 	
0.13895360 	0.14261266 	0.14069341 	0.14244201 	0.14170633 	
0.13646626 	0.14552393 	0.14160340 	0.14114035 	0.13921248 	
0.14055910 	0.14390948 	0.14377535 	0.14212426 	0.14135703 	
0.14246643 	0.14481968 	0.14553590 	0.14218516 	0.14209650 	
0.14196477 	0.13880168 	0.14406859 	0.14396640 	0.14171961 	
0.14000615 	0.13803974 	0.14551092 	0.14532331 	0.14124132 	
0.14177199 	0.13906516 	0.14257649 	0.14066495 	0.14158735 	
0.14119922 	0.14074436 	0.13686176 	0.13966216 	0.14068534 	
0.14039663 	0.14235913 	0.13684939 	0.13846366 	0.13855199 	
0.13945637 	0.14196969 	0.14280118 	0.14104475 	0.13921247 	
0.13966173 	0.14019454 	0.14387103 	0.14120507 	0.13787384 	
0.14024992 	0.14326633 	0.14299508 	0.14209685 	0.14138681 	
0.14110816 	0.13850165 	0.14105660 	0.14058184 	0.14419824 	
0.14549213 	0.13942504 	0.13990282 	0.13827478 	0.14392389 	
0.14505760 	0.13963069 	0.13789969 	0.14108822 	0.14547775 	
0.14877130 	0.13970630 	0.14217532 	0.14258632 	0.14519260 	
0.14587044 	0.14021094 	0.14041841 	0.13856328 	0.14565442 	
0.14918140 	0.14148939 	0.14119492 	0.13928738 	0.14537115 	
0.14464068 	0.14426926 	0.14473577 	0.13940384 	0.14645470 	
0.14946402 	0.14719172 	0.14221261 	0.13946050 	0.14651345 	
0.14709406 	0.14814578 	0.14349365 	0.13948810 	0.14768184 	
0.14724848 	0.14429630 	0.14572226 	0.14166644 	0.14751013 	
0.14545944 	0.14565166 	0.14548921 	0.14446622 	0.14791313 	
0.14619568 	0.14527093 	0.14569080 	0.14549225 	0.15005227 	
0.14266051 	0.14838034 	0.14532520 	0.14567316 	0.14687302 	
0.14082188 	0.14631102 	0.14637002 	0.14535096 	0.14429912 	
0.14643151 	0.14820506 	0.14665642 	0.14785936 	0.14306204 	
0.15084583 	0.14875697 	0.14718845 	0.14939482 	0.14493214 	
0.15094917 	0.14809410 	0.14618480 	0.15001500 	0.14683835 	
0.14434538 	0.14635740 	0.14705418 	0.14999991 	0.14285828 	
0.14088468 	0.14291949 	0.14240696 	0.14921875 	0.14188236 	
0.13926197 	0.14564007 	0.14197830 	0.14747987 	0.14165469 	
0.13875726 	0.14814807 	0.14299252 	0.14260717 	0.14003123 	
0.13744816 	0.15097009 	0.14541336 	0.14495460 	0.14041083 	
0.14496676 	0.14466993 	0.14846115 	0.14704978 	0.14000500 	
0.14542114 	0.14026192 	0.14545233 	0.14881255 	0.14239310 	
0.14351723 	0.13823270 	0.14335601 	0.14295060 	0.14215157 	
0.14650200 	0.13884424 	0.14050441 	0.14182523 	0.14393084 	
0.14771044 	0.13745957 	0.13930628 	0.14160266 	0.14545292 	
0.14693592 	0.14425539 	0.13829092 	0.13983457 	0.14438442 	
0.14556251 	0.14283197 	0.13880994 	0.13860130 	0.14742795 	
0.14475234 	0.14361944 	0.14049602 	0.14077951 	0.14804270 	
0.14447450 	0.14392823 	0.14240718 	0.14428131 	0.14505277 	
0.14437760 	0.14598438 	0.14307124 	0.14356591 	0.14336677 	
0.14432342 	0.14602554 	0.14470484 	0.14575302 	0.14415529 	
0.14348505 	0.14373225 	0.14623818 	0.14648007 	0.14637022 	
0.14457624 	0.14618424 	0.14572829 	0.14725806 	0.14500678 	
0.14529327 	0.14453435 	0.14569348 	0.14668434 	0.14659032 	
0.14194605 	0.14297147 	0.14525645 	0.14526183 	0.14569929 	
0.14433688 	0.14191732 	0.14540222 	0.14539115 	0.14430212 	
0.14300822 	0.14269780 	0.14383558 	0.14397887 	0.14342668 	
0.14266604 	0.14504990 	0.14453882 	0.14444089 	0.14353897 	
0.14253059 	0.14542232 	0.14456062 	0.14470943 	0.14385199 	
0.14207930 	0.14336544 	0.14498706 	0.14460923 	0.14432107 	
0.13998152 	0.14649072 	0.14613363 	0.14512390 	0.14317490 	
0.14191482 	0.14559589 	0.14325549 	0.14609476 	0.14082010 	
0.14393262 	0.14590256 	0.14348487 	0.14350882 	0.14042552 	
0.14863173 	0.14676708 	0.14359071 	0.14359293 	0.13810596 	
0.15043104 	0.14385132 	0.14394521 	0.14391262 	0.14229704 	
0.14902563 	0.14448490 	0.14359965 	0.14340134 	0.14544769 	
0.14653057 	0.13941718 	0.14345636 	0.14259488 	0.14693665 	
0.14642041 	0.13935760 	0.14458349 	0.14252989 	0.14603279 	
0.14638422 	0.14136180 	0.13994395 	0.14006158 	0.14524481 	
0.14309249 	0.14297812 	0.14154852 	0.14145197 	0.14322864 	
0.13885490 	0.14684505 	0.14579192 	0.14022468 	0.14191656 	
0.14010933 	0.14567990 	0.14743042 	0.14369983 	0.14335840 	
0.13930183 	0.14519931 	0.14680768 	0.14470611 	0.14328228 	
0.14213307 	0.14485071 	0.14579052 	0.14558643 	0.14323995 	
0.14372019 	0.14439818 	0.14529430 	0.14671912 	0.14232616 	
0.14640563 	0.13900665 	0.14492710 	0.14673864 	0.14272235 	
0.14286679 	0.14004615 	0.14495085 	0.14511720 	0.14346355 	
0.13923976 	0.13884525 	0.14496170 	0.14329647 	0.14265168 	
0.13836131 	0.14227620 	0.14282137 	0.14199345 	0.14015172 	
0.13678134 	0.14139079 	0.14222076 	0.14325956 	0.13918974 	
0.14595001 	0.14071463 	0.14249658 	0.14361861 	0.14287719 	
0.14746207 	0.13938882 	0.14182929 	0.14289800 	0.14444585 	
0.14250563 	0.13518062 	0.14175982 	0.14355950 	0.14406038 	
0.13788952 	0.13284811 	0.14172867 	0.14261669 	0.14134890 	
0.13619211 	0.13406577 	0.13737280 	0.13987136 	0.14020974 	
0.14131758 	0.14194660 	0.13425461 	0.13523713 	0.14065182 	
0.14210156 	0.14613462 	0.13033785 	0.13329773 	0.14000230 	
0.14471399 	0.14513095 	0.13804987 	0.14095779 	0.13957096 	
0.14603904 	0.14319093 	0.14119435 	0.14341422 	0.14118519 	
0.14571757 	0.13716723 	0.14052710 	0.14286811 	0.14217685 	
0.14285392 	0.13930089 	0.14178636 	0.14128151 	0.14362289 	
0.13977883 	0.13957989 	0.14094043 	0.13889513 	0.14273641 	
0.13991284 	0.14006382 	0.14036860 	0.13791585 	0.14126043 	
0.13933927 	0.13836706 	0.13941199 	0.14106888 	0.14054598 	
0.14185703 	0.14019859 	0.14037500 	0.13924105 	0.14166713 	
0.14158739 	0.14240903 	0.14074385 	0.14080686 	0.14339581 	
0.13974568 	0.14198190 	0.14130741 	0.14128445 	0.14127035 	
0.14213061 	0.14306912 	0.14074983 	0.14332030 	0.14003246 	
0.14236778 	0.14117550 	0.14214723 	0.14409964 	0.14025257 	
0.14412759 	0.13959047 	0.14303672 	0.14347647 	0.14285017 	
0.14575106 	0.14091316 	0.14134105 	0.14201746 	0.14475787 	
0.14445931 	0.14229733 	0.14139277 	0.14173565 	0.14526563 	
0.14013926 	0.14240838 	0.14260726 	0.14294067 	0.14502673 	
0.14220253 	0.14245057 	0.14056608 	0.14007270 	0.14325642 	
0.13997531 	0.14572774 	0.14054509 	0.14089182 	0.14301062 	
0.14073620 	0.14379248 	0.14053603 	0.14203617 	0.14408021 	
0.14369124 	0.14546186 	0.14130401 	0.14581262 	0.14399047 	
0.14244402 	0.14428776 	0.14695650 	0.14418732 	0.14291335 	
0.14294477 	0.14232584 	0.14491539 	0.14536013 	0.14100095 	
0.13926504 	0.14113719 	0.14182100 	0.14543288 	0.14386263 	
0.14042642 	0.14120846 	0.14159166 	0.14546999 	0.14188551 	
0.13920064 	0.14011303 	0.14112766 	0.14387241 	0.14129228 	
0.13909234 	0.13812917 	0.14119742 	0.14387845 	0.14097128 	
0.13744312 	0.14096320 	0.14093402 	0.14388143 	0.14216915 	
0.14303675 	0.14022592 	0.14446635 	0.14226249 	0.14444131 	
0.14508428 	0.13451172 	0.14174379 	0.14272509 	0.14874056 	
0.14788998 	0.13574800 	0.14105731 	0.14132765 	0.14855145 	
0.14080641 	0.14228993 	0.14033719 	0.14053859 	0.14602236 	
0.13895269 	0.14528368 	0.14050054 	0.13957270 	0.14223232 	
0.13838172 	0.14490987 	0.14338306 	0.14022844 	0.13999312 	
0.13864736 	0.14746486 	0.14501253 	0.14191262 	0.14053870 	
0.13915979 	0.14861368 	0.14435638 	0.14341700 	0.14164456 	
0.14312738 	0.14516382 	0.14965379 	0.14673879 	0.14484851 	
0.14957477 	0.14093106 	0.14694468 	0.14821433 	0.14625766 	
0.14775663 	0.13923693 	0.14540338 	0.14516515 	0.14645018 	
0.14346493 	0.14157696 	0.13964377 	0.14169900 	0.14458353 	
0.14384815 	0.13852107 	0.13967463 	0.14058436 	0.14489414 	
0.13957477 	0.14491003 	0.14075150 	0.14178292 	0.14112093 	
0.13636013 	0.14677744 	0.14149411 	0.13917811 	0.13782366 	
0.13683155 	0.14677431 	0.14337351 	0.14210827 	0.13873012 	
0.13928569 	0.14378455 	0.14636894 	0.14442294 	0.13893457 	
0.14139514 	0.14172916 	0.14272371 	0.14677329 	0.13904207 	
0.14427165 	0.14096774 	0.14300703 	0.14432595 	0.13909868 	
0.14474870 	0.13661227 	0.14343706 	0.14479136 	0.14065841 	
0.14276296 	0.13738316 	0.14099258 	0.14067163 	0.14105440 	
0.14148307 	0.14168712 	0.13703759 	0.13675838 	0.14119844 	
0.14406078 	0.14428389 	0.14006111 	0.13808444 	0.14024088 	
0.14395346 	0.14264444 	0.14321495 	0.14163816 	0.14038230 	
0.14414104 	0.14324296 	0.14376291 	0.14378974 	0.14035135 	
0.14145256 	0.14253528 	0.14514162 	0.14407748 	0.14033421 	
0.14036488 	0.14228016 	0.14334846 	0.14474384 	0.14032471 	
0.14075218 	0.14310898 	0.14247905 	0.14327511 	0.14394322 	
0.14093330 	0.14252071 	0.14312935 	0.14382483 	0.14402269 	
0.13755047 	0.14349148 	0.14258549 	0.14335942 	0.14277614 	
0.14148745 	0.14289657 	0.14232619 	0.14386558 	0.14344848 	
0.14531786 	0.14449454 	0.14378104 	0.14404727 	0.14223248 	
0.14257705 	0.14609238 	0.14402731 	0.14397436 	0.14198793 	
0.14544302 	0.14740715 	0.14407750 	0.14410316 	0.14232709 	
0.14942636 	0.14437315 	0.14133918 	0.14308506 	0.14464416 	
0.14641360 	0.14334387 	0.14051272 	0.14278773 	0.14553729 	
0.14562308 	0.14102648 	0.13790780 	0.14352487 	0.14816466 	
0.14374856 	0.14177435 	0.13969642 	0.14214274 	0.14539872 	
0.14221110 	0.14462136 	0.14019459 	0.14205122 	0.14271223 	
0.14859061 	0.14584059 	0.14080880 	0.14239411 	0.14050172 	
0.15066453 	0.14832969 	0.14211660 	0.14445967 	0.14448964 	
0.14527075 	0.14803155 	0.14177381 	0.14499259 	0.14648596 	
0.14479721 	0.14254376 	0.14489798 	0.14770064 	0.14563891 	
0.14692588 	0.13966073 	0.14794350 	0.14837458 	0.14483565 	
0.14657760 	0.14745228 	0.14173661 	0.14641294 	0.14442710 	
0.14573978 	0.14857285 	0.14154636 	0.14582762 	0.14413397 	
0.14410302 	0.15045932 	0.14406266 	0.14481724 	0.14320992 	
0.14522588 	0.14287498 	0.14732777 	0.14686902 	0.14368163 	
0.14744381 	0.14347852 	0.14840519 	0.14840139 	0.14465484 	
0.14414457 	0.14318470 	0.14511909 	0.14542979 	0.14470292 	
0.14808515 	0.14098574 	0.14724434 	0.14273748 	0.14648106 	
0.14885745 	0.14339096 	0.14734690 	0.14330134 	0.14776841 	
0.14943278 	0.14392095 	0.14739532 	0.14158326 	0.14803291 	
0.14819571 	0.14442677 	0.14741821 	0.14380409 	0.14857225 	
0.14610442 	0.14374328 	0.14640780 	0.14536794 	0.14969085 	
0.14365603 	0.14743383 	0.14497135 	0.14694418 	0.14717581 	
0.14795453 	0.14445438 	0.14595140 	0.14474011 	0.14493668 	
0.14439270 	0.14582628 	0.14866237 	0.14646336 	0.14740545 	
0.14840030 	0.15018652 	0.15201855 	0.14789491 	0.14780724 	
0.14701657 	0.14844994 	0.14620917 	0.14531913 	0.14869035 	
0.14627753 	0.14523597 	0.14755884 	0.14820252 	0.14871810 	
0.14732717 	0.14308793 	0.14798770 	0.14957329 	0.14873430 	
0.14956342 	0.14430206 	0.14359935 	0.14684880 	0.14854306 	
0.14798402 	0.14648730 	0.13965499 	0.14442848 	0.14805053 	
0.14146178 	0.14893623 	0.14141207 	0.14250318 	0.14681698 	
0.14106522 	0.14883566 	0.14669932 	0.14647277 	0.14343086 	
0.14470636 	0.14879151 	0.14933044 	0.14848459 	0.13918525 	
0.14357034 	0.14859257 	0.14999384 	0.14742105 	0.14434782 	
0.14511454 	0.14790005 	0.14622786 	0.14668354 	0.14276483 	
0.14611917 	0.14643646 	0.14711290 	0.14754743 	0.14290884 	
0.14646684 	0.14163123 	0.14905406 	0.14679426 	0.14470432 	
0.14489690 	0.13998556 	0.14626953 	0.14781932 	0.14568950 	
0.14483302 	0.14318680 	0.14200878 	0.14414821 	0.14358003 	
0.14481079 	0.14409056 	0.14253326 	0.14063414 	0.14065148 	
0.14216002 	0.14641343 	0.14400544 	0.14075584 	0.14180384 	
0.13994029 	0.14409659 	0.14404112 	0.14516499 	0.14202222 	
0.13911538 	0.14298184 	0.14206634 	0.14535203 	0.14150852 	
0.14341617 	0.13981694 	0.14437974 	0.14359159 	0.14280314 	
0.14343738 	0.14117687 	0.14658047 	0.14125101 	0.14318246 	
0.14408195 	0.14317868 	0.14520591 	0.14264987 	0.14416509 	
0.13997099 	0.14034183 	0.14217445 	0.14455647 	0.14137421 	
0.14233740 	0.13885284 	0.14168399 	0.14299370 	0.14091369 	
0.14759711 	0.14373995 	0.14176205 	0.14039662 	0.14163445 	
0.14888325 	0.14227536 	0.14179609 	0.13824817 	0.14542121 	
0.14708263 	0.14544940 	0.14182542 	0.13926160 	0.14486085 	
0.14598195 	0.14047522 	0.14183928 	0.14237362 	0.14464891 	
0.14478678 	0.13930636 	0.14184583 	0.14492433 	0.14427920 	
0.14229986 	0.14228432 	0.14256074 	0.14248965 	0.14391338 	
0.14073881 	0.14621887 	0.14226571 	0.14243750 	0.14299693 	
0.13958098 	0.14507327 	0.14583595 	0.14279305 	0.14283670 	
0.14063310 	0.14466370 	0.14734368 	0.14378845 	0.14212703 	
0.13954840 	0.14364257 	0.14888675 	0.14578633 	0.14120659 	
0.14028050 	0.14256572 	0.14741076 	0.14717376 	0.14059126 	
0.13737045 	0.14030280 	0.14389015 	0.14655202 	0.13913160 	
0.14179805 	0.14305025 	0.14278321 	0.14719318 	0.13895359 	
0.14158998 	0.14422742 	0.14061957 	0.14599248 	0.14299067 	
0.14216334 	0.14416899 	0.14130972 	0.14667059 	0.14202835 	
0.13712525 	0.13969229 	0.14367789 	0.14632780 	0.14131253 	
0.14565634 	0.14026231 	0.14482207 	0.14371200 	0.14010989 	
0.14573835 	0.13764039 	0.14460415 	0.14473019 	0.14399397 	
0.14576976 	0.14128247 	0.14447455 	0.14457845 	0.14510916 	
0.14314265 	0.14256212 	0.14422611 	0.14447394 	0.14506001 	
0.14052958 	0.14342466 	0.14589944 	0.14424944 	0.14340198 	
0.14059917 	0.13854524 	0.14635072 	0.14575223 	0.14206304 	
0.14284973 	0.14503887 	0.14507255 	0.14302950 	0.14286059 	
0.14357608 	0.14501147 	0.13945794 	0.13986826 	0.14334266 	
0.14760940 	0.14939935 	0.14244638 	0.14108011 	0.14252695 	
0.14975607 	0.14315696 	0.14525046 	0.14513646 	0.14511445 	
0.14827649 	0.13959741 	0.14511967 	0.14506976 	0.14560161 	
0.14756306 	0.14114227 	0.14306331 	0.14503331 	0.14738609 	
0.14534719 	0.14174714 	0.14096676 	0.14321357 	0.14820280 	
0.14515135 	0.14413727 	0.14213869 	0.14182697 	0.14775544 	
0.15006641 	0.14767311 	0.14373040 	0.14445981 	0.14775162 	
0.15085062 	0.14957869 	0.14331212 	0.14446996 	0.14774937 	
0.14567046 	0.14937279 	0.14529667 	0.14447526 	0.14774805 	
0.14274525 	0.14881833 	0.14579770 	0.14757556 	0.14466463 	
0.13974474 	0.14765572 	0.14758719 	0.14918187 	0.14134624 	
0.14102108 	0.14770609 	0.14576039 	0.15031903 	0.14128155 	
0.14165376 	0.14772841 	0.14554545 	0.14627317 	0.14124528 	
0.14483515 	0.14773830 	0.14539212 	0.14654175 	0.14122495 	
0.14530354 	0.14358186 	0.14546234 	0.14692167 	0.14525326 	
0.14707153 	0.14174770 	0.14544337 	0.14842787 	0.14646041 	
0.14081894 	0.14261191 	0.14365578 	0.14777344 	0.14715631 	
0.13888020 	0.14264472 	0.14195676 	0.14435349 	0.14548160 	
0.13821306 	0.14265787 	0.14262352 	0.14311652 	0.14323527 	
0.14302849 	0.14682349 	0.14264691 	0.14279933 	0.14099067 	
0.14598649 	0.14716173 	0.14265762 	0.14360917 	0.14427143 	
0.14308962 	0.14900542 	0.14642697 	0.14360132 	0.14656957 	
0.13983458 	0.14394442 	0.14729484 	0.14786147 	0.14452494 	
0.13940658 	0.14086484 	0.15118195 	0.14688930 	0.14511264 	
0.14484747 	0.13906947 	0.14392779 	0.14650795 	0.14254734 	
0.14541367 	0.14589088 	0.14114996 	0.14589905 	0.14432662 	
0.14458883 	0.14633382 	0.13805264 	0.14234239 	0.14641584 	
0.14282511 	0.14424841 	0.14174044 	0.14210052 	0.14617653 	
0.14065949 	0.14393648 	0.14553697 	0.14097595 	0.14460148 	
0.14260205 	0.14285489 	0.14414557 	0.14460918 	0.14176617 	
0.14635299 	0.14375146 	0.14391875 	0.14521789 	0.14109469 	
0.14721607 	0.14572314 	0.14294966 	0.14226340 	0.14317416 	
0.14566862 	0.14480774 	0.14399273 	0.14205474 	0.14243868 	
0.14098972 	0.14449895 	0.14835280 	0.14322720 	0.14213784 	
0.13984711 	0.14227492 	0.14661238 	0.14465970 	0.13889517 	
0.14176066 	0.14227696 	0.14458091 	0.14690378 	0.14034029 	
0.14526281 	0.14302629 	0.14314115 	0.14616758 	0.14272770 	
0.14146350 	0.14260022 	0.14043600 	0.14443108 	0.14383710 	
0.14261505 	0.14204471 	0.14326844 	0.14523275 	0.14545765 	
0.14165414 	0.14372157 	0.14363152 	0.14413806 	0.14321421 	
0.13658086 	0.14285539 	0.14408292 	0.14285514 	0.14070447 	
0.13580214 	0.14427479 	0.14393586 	0.14099093 	0.13952187 	
0.13461827 	0.14508332 	0.14432597 	0.14014384 	0.13988648 	
0.13634176 	0.14175265 	0.14502957 	0.14253806 	0.13990959 	
0.14014804 	0.13720409 	0.14217026 	0.14315462 	0.13992197 	
0.14198776 	0.14291497 	0.14303025 	0.14318357 	0.13992859 	
0.14178303 	0.14015752 	0.14006491 	0.14319799 	0.13951307 	
