0.05000000 	 -2.82562761 	 0.00000000 	 0.00000000 
0.05000000 	 -2.82562761 	 0.00000000 	 0.00000000 
0.05000000 	 -2.82562761 	 0.00000000 	 0.00000000 
0.05000000 	 -2.82562761 	 0.00000000 	 0.00000000 
0.05000000 	 -2.82562761 	 0.00000000 	 0.00000000 
0.05000000 	 -2.82562761 	 0.00000000 	 0.00000000 
0.05000000 	 -2.82562761 	 0.00000000 	 0.00000000 
0.05000000 	 -2.82562761 	 0.00000000 	 0.00000000 
0.05000000 	 -2.82562761 	 0.00000000 	 0.00000000 
0.05000000 	 -2.82562761 	 0.00000000 	 0.00000000 
0.05500000 	 -2.82288735 	 0.00000000 	 0.00000000 
0.05500000 	 -2.82969556 	 0.00000000 	 0.00000000 
0.05500000 	 -2.82969556 	 0.00000000 	 0.00000000 
0.05500000 	 -2.82969556 	 0.00000000 	 0.00000000 
0.05500000 	 -2.82969556 	 0.00000000 	 0.00000000 
0.05500000 	 -2.82969556 	 0.00000000 	 0.00000000 
0.05500000 	 -2.82969556 	 0.00000000 	 0.00000000 
0.05500000 	 -2.82969556 	 0.00000000 	 0.00000000 
0.05500000 	 -2.82969556 	 0.00000000 	 0.00000000 
0.05500000 	 -2.82969556 	 0.00000000 	 0.00000000 
0.06000000 	 -2.82074569 	 0.00000000 	 0.00000000 
0.06000000 	 -2.82074569 	 0.00000000 	 0.00000000 
0.06000000 	 -2.82074569 	 0.00000000 	 0.00000000 
0.06000000 	 -2.82074569 	 0.00000000 	 0.00000000 
0.06000000 	 -2.82074569 	 0.00000000 	 0.00000000 
0.06000000 	 -2.82074569 	 0.00000000 	 0.00000000 
0.06000000 	 -2.82074569 	 0.00000000 	 0.00000000 
0.06000000 	 -2.82074569 	 0.00000000 	 0.00000000 
0.06000000 	 -2.82074569 	 0.00000000 	 0.00000000 
0.06000000 	 -2.82074569 	 0.00000000 	 0.00000000 
0.06500000 	 -2.82678568 	 0.00000000 	 0.00000000 
0.06500000 	 -2.82678568 	 0.00000000 	 0.00000000 
0.06500000 	 -2.82678568 	 0.00000000 	 0.00000000 
0.06500000 	 -2.82678568 	 0.00000000 	 0.00000000 
0.06500000 	 -2.82678568 	 0.00000000 	 0.00000000 
0.06500000 	 -2.82504444 	 0.00000000 	 0.00000000 
0.06500000 	 -2.82504444 	 0.00000000 	 0.00000000 
0.06500000 	 -2.82504444 	 0.00000000 	 0.00000000 
0.06500000 	 -2.82504444 	 0.00000000 	 0.00000000 
0.06500000 	 -2.82504444 	 0.00000000 	 0.00000000 
0.07000000 	 -2.82833455 	 0.00000000 	 0.00000000 
0.07000000 	 -2.82833455 	 0.00000000 	 0.00000000 
0.07000000 	 -2.82833455 	 0.00000000 	 0.00000000 
0.07000000 	 -2.82833455 	 0.00000000 	 0.00000000 
0.07000000 	 -2.82833455 	 0.00000000 	 0.00000000 
0.07000000 	 -2.82833455 	 0.00000000 	 0.00000000 
0.07000000 	 -2.82833455 	 0.00000000 	 0.00000000 
0.07000000 	 -2.82833455 	 0.00000000 	 0.00000000 
0.07000000 	 -2.82833455 	 0.00000000 	 0.00000000 
0.07000000 	 -2.82833455 	 0.00000000 	 0.00000000 
0.07500000 	 -2.81943405 	 0.00000000 	 0.00000000 
0.07500000 	 -2.81943405 	 0.00000000 	 0.00000000 
0.07500000 	 -2.81943405 	 0.00000000 	 0.00000000 
0.07500000 	 -2.81943405 	 0.00000000 	 0.00000000 
0.07500000 	 -2.81943405 	 0.00000000 	 0.00000000 
0.07500000 	 -2.81943405 	 0.00000000 	 0.00000000 
0.07500000 	 -2.81943405 	 0.00000000 	 0.00000000 
0.07500000 	 -2.81943405 	 0.00000000 	 0.00000000 
0.07500000 	 -2.82202075 	 0.00000000 	 0.00000000 
0.07500000 	 -2.82202075 	 0.00000000 	 0.00000000 
0.08000000 	 -2.82710065 	 0.00000000 	 0.00000000 
0.08000000 	 -2.82710065 	 0.00000000 	 0.00000000 
0.08000000 	 -2.82710065 	 0.00000000 	 0.00000000 
0.08000000 	 -2.82710065 	 0.00000000 	 0.00000000 
0.08000000 	 -2.82710065 	 0.00000000 	 0.00000000 
0.08000000 	 -2.82710065 	 0.00000000 	 0.00000000 
0.08000000 	 -2.82710065 	 0.00000000 	 0.00000000 
0.08000000 	 -2.82710065 	 0.00000000 	 0.00000000 
0.08000000 	 -2.82710065 	 0.00000000 	 0.00000000 
0.08000000 	 -2.82710065 	 0.00000000 	 0.00000000 
0.08500000 	 -2.82005091 	 0.00000000 	 0.00000000 
0.08500000 	 -2.82005091 	 0.00000000 	 0.00000000 
0.08500000 	 -2.82005091 	 0.00000000 	 0.00000000 
0.08500000 	 -2.82005091 	 0.00000000 	 0.00000000 
0.08500000 	 -2.82005091 	 0.00000000 	 0.00000000 
0.08500000 	 -2.82005091 	 0.00000000 	 0.00000000 
0.08500000 	 -2.82005091 	 0.00000000 	 0.00000000 
0.08500000 	 -2.82005091 	 0.00000000 	 0.00000000 
0.08500000 	 -2.82005091 	 0.00000000 	 0.00000000 
0.08500000 	 -2.82005091 	 0.00000000 	 0.00000000 
0.09000000 	 -2.81608824 	 0.00000000 	 0.00000000 
0.09000000 	 -2.81608824 	 0.00000000 	 0.00000000 
0.09000000 	 -2.81608824 	 0.00000000 	 0.00000000 
0.09000000 	 -2.81057751 	 0.00000000 	 0.00000000 
0.09000000 	 -2.81057751 	 0.00000000 	 0.00000000 
0.09000000 	 -2.81057751 	 0.00000000 	 0.00000000 
0.09000000 	 -2.81057751 	 0.00000000 	 0.00000000 
0.09000000 	 -2.81057751 	 0.00000000 	 0.00000000 
0.09000000 	 -2.81057751 	 0.00000000 	 0.00000000 
0.09000000 	 -2.81057751 	 0.00000000 	 0.00000000 
0.09500000 	 -2.81478389 	 0.00000000 	 0.00000000 
0.09500000 	 -2.81478389 	 0.00000000 	 0.00000000 
0.09500000 	 -2.81478389 	 0.00000000 	 0.00000000 
0.09500000 	 -2.81478389 	 0.00000000 	 0.00000000 
0.09500000 	 -2.81478389 	 0.00000000 	 0.00000000 
0.09500000 	 -2.81478389 	 0.00000000 	 0.00000000 
0.09500000 	 -2.81478389 	 0.00000000 	 0.00000000 
0.09500000 	 -2.81478389 	 0.00000000 	 0.00000000 
0.09500000 	 -2.81478389 	 0.00000000 	 0.00000000 
0.09500000 	 -2.81478389 	 0.00000000 	 0.00000000 
0.10000000 	 -2.80066142 	 0.00000000 	 0.00000000 
0.10000000 	 -2.80066142 	 0.00000000 	 0.00000000 
0.10000000 	 -2.80066142 	 0.00000000 	 0.00000000 
0.10000000 	 -2.80066142 	 0.00000000 	 0.00000000 
0.10000000 	 -2.80066142 	 0.00000000 	 0.00000000 
0.10000000 	 -2.80066142 	 0.00000000 	 0.00000000 
0.10000000 	 -2.80066142 	 0.00000000 	 0.00000000 
0.10000000 	 -2.80066142 	 0.00000000 	 0.00000000 
0.10000000 	 -2.80066142 	 0.00000000 	 0.00000000 
0.10000000 	 -2.80066142 	 0.00000000 	 0.00000000 
0.10500000 	 -2.80790032 	 0.00000000 	 0.00000000 
0.10500000 	 -2.80790032 	 0.00000000 	 0.00000000 
0.10500000 	 -2.80790032 	 0.00000000 	 0.00000000 
0.10500000 	 -2.80790032 	 0.00000000 	 0.00000000 
0.10500000 	 -2.80790032 	 0.00000000 	 0.00000000 
0.10500000 	 -2.80790032 	 0.00000000 	 0.00000000 
0.10500000 	 -2.80790032 	 0.00000000 	 0.00000000 
0.10500000 	 -2.80790032 	 0.00000000 	 0.00000000 
0.10500000 	 -2.80790032 	 0.00000000 	 0.00000000 
0.10500000 	 -2.80790032 	 0.00000000 	 0.00000000 
0.11000000 	 -2.80739657 	 0.00000000 	 0.00000000 
0.11000000 	 -2.80739657 	 0.00000000 	 0.00000000 
0.11000000 	 -2.80739657 	 0.00000000 	 0.00000000 
0.11000000 	 -2.80739657 	 0.00000000 	 0.00000000 
0.11000000 	 -2.80739657 	 0.00000000 	 0.00000000 
0.11000000 	 -2.80739657 	 0.00000000 	 0.00000000 
0.11000000 	 -2.80739657 	 0.00000000 	 0.00000000 
0.11000000 	 -2.80739657 	 0.00000000 	 0.00000000 
0.11000000 	 -2.80739657 	 0.00000000 	 0.00000000 
0.11000000 	 -2.80739657 	 0.00000000 	 0.00000000 
0.11500000 	 -2.80279601 	 0.00000000 	 0.00000000 
0.11500000 	 -2.80279601 	 0.00000000 	 0.00000000 
0.11500000 	 -2.80279601 	 0.00000000 	 0.00000000 
0.11500000 	 -2.80279601 	 0.00000000 	 0.00000000 
0.11500000 	 -2.79994351 	 0.00000000 	 0.00000000 
0.11500000 	 -2.79994351 	 0.00000000 	 0.00000000 
0.11500000 	 -2.79994351 	 0.00000000 	 0.00000000 
0.11500000 	 -2.79994351 	 0.00000000 	 0.00000000 
0.11500000 	 -2.79994351 	 0.00000000 	 0.00000000 
0.11500000 	 -2.79994351 	 0.00000000 	 0.00000000 
0.12000000 	 -2.79728371 	 0.00000000 	 0.00000000 
0.12000000 	 -2.79728371 	 0.00000000 	 0.00000000 
0.12000000 	 -2.79728371 	 0.00000000 	 0.00000000 
0.12000000 	 -2.79728371 	 0.00000000 	 0.00000000 
0.12000000 	 -2.79728371 	 0.00000000 	 0.00000000 
0.12000000 	 -2.79728371 	 0.00000000 	 0.00000000 
0.12000000 	 -2.79728371 	 0.00000000 	 0.00000000 
0.12000000 	 -2.79728371 	 0.00000000 	 0.00000000 
0.12000000 	 -2.79728371 	 0.00000000 	 0.00000000 
0.12000000 	 -2.79728371 	 0.00000000 	 0.00000000 
0.12500000 	 -2.79365558 	 0.00000000 	 0.00000000 
0.12500000 	 -2.79365558 	 0.00000000 	 0.00000000 
0.12500000 	 -2.79365558 	 0.00000000 	 0.00000000 
0.12500000 	 -2.79365558 	 0.00000000 	 0.00000000 
0.12500000 	 -2.79365558 	 0.00000000 	 0.00000000 
0.12500000 	 -2.79365558 	 0.00000000 	 0.00000000 
0.12500000 	 -2.79365558 	 0.00000000 	 0.00000000 
0.12500000 	 -2.80347529 	 0.00000000 	 0.00000000 
0.12500000 	 -2.80347529 	 0.00000000 	 0.00000000 
0.12500000 	 -2.80347529 	 0.00000000 	 0.00000000 
0.13000000 	 -2.80227299 	 0.00000000 	 0.00000000 
0.13000000 	 -2.80227299 	 0.00000000 	 0.00000000 
0.13000000 	 -2.80227299 	 0.00000000 	 0.00000000 
0.13000000 	 -2.80227299 	 0.00000000 	 0.00000000 
0.13000000 	 -2.80227299 	 0.00000000 	 0.00000000 
0.13000000 	 -2.80227299 	 0.00000000 	 0.00000000 
0.13000000 	 -2.80227299 	 0.00000000 	 0.00000000 
0.13000000 	 -2.80227299 	 0.00000000 	 0.00000000 
0.13000000 	 -2.80227299 	 0.00000000 	 0.00000000 
0.13000000 	 -2.80227299 	 0.00000000 	 0.00000000 
0.13500000 	 -2.79958469 	 0.00000000 	 0.00000000 
0.13500000 	 -2.79958469 	 0.00000000 	 0.00000000 
0.13500000 	 -2.79958469 	 0.00000000 	 0.00000000 
0.13500000 	 -2.79958469 	 0.00000000 	 0.00000000 
0.13500000 	 -2.79958469 	 0.00000000 	 0.00000000 
0.13500000 	 -2.79958469 	 0.00000000 	 0.00000000 
0.13500000 	 -2.79958469 	 0.00000000 	 0.00000000 
0.13500000 	 -2.79958469 	 0.00000000 	 0.00000000 
0.13500000 	 -2.79958469 	 0.00000000 	 0.00000000 
0.13500000 	 -2.79958469 	 0.00000000 	 0.00000000 
0.14000000 	 -2.79268881 	 0.00000000 	 0.00000000 
0.14000000 	 -2.78862217 	 0.00000000 	 0.00000000 
0.14000000 	 -2.78862217 	 0.00000000 	 0.00000000 
0.14000000 	 -2.78862217 	 0.00000000 	 0.00000000 
0.14000000 	 -2.78862217 	 0.00000000 	 0.00000000 
0.14000000 	 -2.78862217 	 0.00000000 	 0.00000000 
0.14000000 	 -2.78862217 	 0.00000000 	 0.00000000 
0.14000000 	 -2.78862217 	 0.00000000 	 0.00000000 
0.14000000 	 -2.78862217 	 0.00000000 	 0.00000000 
0.14000000 	 -2.78862217 	 0.00000000 	 0.00000000 
0.14500000 	 -2.78448709 	 0.00000000 	 0.00000000 
0.14500000 	 -2.78448709 	 0.00000000 	 0.00000000 
0.14500000 	 -2.78448709 	 0.00000000 	 0.00000000 
0.14500000 	 -2.78448709 	 0.00000000 	 0.00000000 
0.14500000 	 -2.78448709 	 0.00000000 	 0.00000000 
0.14500000 	 -2.78448709 	 0.00000000 	 0.00000000 
0.14500000 	 -2.78448709 	 0.00000000 	 0.00000000 
0.14500000 	 -2.78448709 	 0.00000000 	 0.00000000 
0.14500000 	 -2.78448709 	 0.00000000 	 0.00000000 
0.14500000 	 -2.78448709 	 0.00000000 	 0.00000000 
0.15000000 	 -2.78874182 	 0.00000000 	 0.00000000 
0.15000000 	 -2.78874182 	 0.00000000 	 0.00000000 
0.15000000 	 -2.78874182 	 0.00000000 	 0.00000000 
0.15000000 	 -2.78874182 	 0.00000000 	 0.00000000 
0.15000000 	 -2.78874182 	 0.00000000 	 0.00000000 
0.15000000 	 -2.78874182 	 0.00000000 	 0.00000000 
0.15000000 	 -2.78874182 	 0.00000000 	 0.00000000 
0.15000000 	 -2.78874182 	 0.00000000 	 0.00000000 
0.15000000 	 -2.78874182 	 0.00000000 	 0.00000000 
0.15000000 	 -2.78874182 	 0.00000000 	 0.00000000 
0.15500000 	 -2.78351674 	 0.00000000 	 0.00000000 
0.15500000 	 -2.78351674 	 0.00000000 	 0.00000000 
0.15500000 	 -2.78351674 	 0.00000000 	 0.00000000 
0.15500000 	 -2.78351674 	 0.00000000 	 0.00000000 
0.15500000 	 -2.78351674 	 0.00000000 	 0.00000000 
0.15500000 	 -2.78351674 	 0.00000000 	 0.00000000 
0.15500000 	 -2.78351674 	 0.00000000 	 0.00000000 
0.15500000 	 -2.78351674 	 0.00000000 	 0.00000000 
0.15500000 	 -2.78351674 	 0.00000000 	 0.00000000 
0.15500000 	 -2.78351674 	 0.00000000 	 0.00000000 
0.16000000 	 -2.78163558 	 0.00000000 	 0.00000000 
0.16000000 	 -2.78163558 	 0.00000000 	 0.00000000 
0.16000000 	 -2.78163558 	 0.00000000 	 0.00000000 
0.16000000 	 -2.78163558 	 0.00000000 	 0.00000000 
0.16000000 	 -2.78163558 	 0.00000000 	 0.00000000 
0.16000000 	 -2.78163558 	 0.00000000 	 0.00000000 
0.16000000 	 -2.78163558 	 0.00000000 	 0.00000000 
0.16000000 	 -2.78163558 	 0.00000000 	 0.00000000 
0.16000000 	 -2.78163558 	 0.00000000 	 0.00000000 
0.16000000 	 -2.78163558 	 0.00000000 	 0.00000000 
0.16500000 	 -2.78733817 	 0.00000000 	 0.00000000 
0.16500000 	 -2.78733817 	 0.00000000 	 0.00000000 
0.16500000 	 -2.78733817 	 0.00000000 	 0.00000000 
0.16500000 	 -2.78733817 	 0.00000000 	 0.00000000 
0.16500000 	 -2.78360110 	 0.00000000 	 0.00000000 
0.16500000 	 -2.78360110 	 0.00000000 	 0.00000000 
0.16500000 	 -2.78360110 	 0.00000000 	 0.00000000 
0.16500000 	 -2.78360110 	 0.00000000 	 0.00000000 
0.16500000 	 -2.78360110 	 0.00000000 	 0.00000000 
0.16500000 	 -2.78360110 	 0.00000000 	 0.00000000 
0.17000000 	 -2.78710795 	 0.00000000 	 0.00000000 
0.17000000 	 -2.78710795 	 0.00000000 	 0.00000000 
0.17000000 	 -2.78710795 	 0.00000000 	 0.00000000 
0.17000000 	 -2.78710795 	 0.00000000 	 0.00000000 
0.17000000 	 -2.78710795 	 0.00000000 	 0.00000000 
0.17000000 	 -2.78710795 	 0.00000000 	 0.00000000 
0.17000000 	 -2.78710795 	 0.00000000 	 0.00000000 
0.17000000 	 -2.78710795 	 0.00000000 	 0.00000000 
0.17000000 	 -2.78710795 	 0.00000000 	 0.00000000 
0.17000000 	 -2.78710795 	 0.00000000 	 0.00000000 
0.17500000 	 -2.77668391 	 0.00000000 	 0.00000000 
0.17500000 	 -2.77668391 	 0.00000000 	 0.00000000 
0.17500000 	 -2.77668391 	 0.00000000 	 0.00000000 
0.17500000 	 -2.77668391 	 0.00000000 	 0.00000000 
0.17500000 	 -2.77668391 	 0.00000000 	 0.00000000 
0.17500000 	 -2.77668391 	 0.00000000 	 0.00000000 
0.17500000 	 -2.77668391 	 0.00000000 	 0.00000000 
0.17500000 	 -2.77936417 	 0.00000000 	 0.00000000 
0.17500000 	 -2.77936417 	 0.00000000 	 0.00000000 
0.17500000 	 -2.77936417 	 0.00000000 	 0.00000000 
0.18000000 	 -2.76802651 	 0.00000000 	 0.00000000 
0.18000000 	 -2.76802651 	 0.00000000 	 0.00000000 
0.18000000 	 -2.76802651 	 0.00000000 	 0.00000000 
0.18000000 	 -2.76802651 	 0.00000000 	 0.00000000 
0.18000000 	 -2.76802651 	 0.00000000 	 0.00000000 
0.18000000 	 -2.76802651 	 0.00000000 	 0.00000000 
0.18000000 	 -2.76802651 	 0.00000000 	 0.00000000 
0.18000000 	 -2.76802651 	 0.00000000 	 0.00000000 
0.18000000 	 -2.76802651 	 0.00000000 	 0.00000000 
0.18000000 	 -2.76802651 	 0.00000000 	 0.00000000 
0.18500000 	 -2.78422054 	 0.00000000 	 0.00000000 
0.18500000 	 -2.78422054 	 0.00000000 	 0.00000000 
0.18500000 	 -2.78422054 	 0.00000000 	 0.00000000 
0.18500000 	 -2.78422054 	 0.00000000 	 0.00000000 
0.18500000 	 -2.78422054 	 0.00000000 	 0.00000000 
0.18500000 	 -2.78422054 	 0.00000000 	 0.00000000 
0.18500000 	 -2.78422054 	 0.00000000 	 0.00000000 
0.18500000 	 -2.78422054 	 0.00000000 	 0.00000000 
0.18500000 	 -2.78422054 	 0.00000000 	 0.00000000 
0.18500000 	 -2.78422054 	 0.00000000 	 0.00000000 
0.19000000 	 -2.78264717 	 0.00000000 	 0.00000000 
0.19000000 	 -2.76879342 	 0.00000000 	 0.00000000 
0.19000000 	 -2.76879342 	 0.00000000 	 0.00000000 
0.19000000 	 -2.76879342 	 0.00000000 	 0.00000000 
0.19000000 	 -2.76879342 	 0.00000000 	 0.00000000 
0.19000000 	 -2.76879342 	 0.00000000 	 0.00000000 
0.19000000 	 -2.76879342 	 0.00000000 	 0.00000000 
0.19000000 	 -2.76879342 	 0.00000000 	 0.00000000 
0.19000000 	 -2.76879342 	 0.00000000 	 0.00000000 
0.19000000 	 -2.76879342 	 0.00000000 	 0.00000000 
0.19500000 	 -2.76933401 	 0.00000000 	 0.00000000 
0.19500000 	 -2.76933401 	 0.00000000 	 0.00000000 
0.19500000 	 -2.76933401 	 0.00000000 	 0.00000000 
0.19500000 	 -2.76933401 	 0.00000000 	 0.00000000 
0.19500000 	 -2.76933401 	 0.00000000 	 0.00000000 
0.19500000 	 -2.76933401 	 0.00000000 	 0.00000000 
0.19500000 	 -2.76933401 	 0.00000000 	 0.00000000 
0.19500000 	 -2.76933401 	 0.00000000 	 0.00000000 
0.19500000 	 -2.76933401 	 0.00000000 	 0.00000000 
0.19500000 	 -2.76933401 	 0.00000000 	 0.00000000 
0.20000000 	 -2.76266193 	 0.00000000 	 0.00000000 
0.20000000 	 -2.76266193 	 0.00000000 	 0.00000000 
0.20000000 	 -2.76266193 	 0.00000000 	 0.00000000 
0.20000000 	 -2.76266193 	 0.00000000 	 0.00000000 
0.20000000 	 -2.76266193 	 0.00000000 	 0.00000000 
0.20000000 	 -2.76266193 	 0.00000000 	 0.00000000 
0.20000000 	 -2.76266193 	 0.00000000 	 0.00000000 
0.20000000 	 -2.76266193 	 0.00000000 	 0.00000000 
0.20000000 	 -2.76266193 	 0.00000000 	 0.00000000 
0.20000000 	 -2.76266193 	 0.00000000 	 0.00000000 
0.20500000 	 -2.76407401 	 0.00000000 	 0.00000000 
0.20500000 	 -2.76407401 	 0.00000000 	 0.00000000 
0.20500000 	 -2.76407401 	 0.00000000 	 0.00000000 
0.20500000 	 -2.76407401 	 0.00000000 	 0.00000000 
0.20500000 	 -2.76407401 	 0.00000000 	 0.00000000 
0.20500000 	 -2.76407401 	 0.00000000 	 0.00000000 
0.20500000 	 -2.76407401 	 0.00000000 	 0.00000000 
0.20500000 	 -2.76407401 	 0.00000000 	 0.00000000 
0.20500000 	 -2.76407401 	 0.00000000 	 0.00000000 
0.20500000 	 -2.76407401 	 0.00000000 	 0.00000000 
0.21000000 	 -2.77366172 	 0.00000000 	 0.00000000 
0.21000000 	 -2.77366172 	 0.00000000 	 0.00000000 
0.21000000 	 -2.77366172 	 0.00000000 	 0.00000000 
0.21000000 	 -2.77366172 	 0.00000000 	 0.00000000 
0.21000000 	 -2.77366172 	 0.00000000 	 0.00000000 
0.21000000 	 -2.77366172 	 0.00000000 	 0.00000000 
0.21000000 	 -2.77366172 	 0.00000000 	 0.00000000 
0.21000000 	 -2.77366172 	 0.00000000 	 0.00000000 
0.21000000 	 -2.77366172 	 0.00000000 	 0.00000000 
0.21000000 	 -2.77366172 	 0.00000000 	 0.00000000 
0.21500000 	 -2.76085698 	 0.00000000 	 0.00000000 
0.21500000 	 -2.76085698 	 0.00000000 	 0.00000000 
0.21500000 	 -2.76085698 	 0.00000000 	 0.00000000 
0.21500000 	 -2.76085698 	 0.00000000 	 0.00000000 
0.21500000 	 -2.77165875 	 0.00000000 	 0.00000000 
0.21500000 	 -2.77165875 	 0.00000000 	 0.00000000 
0.21500000 	 -2.77165875 	 0.00000000 	 0.00000000 
0.21500000 	 -2.77165875 	 0.00000000 	 0.00000000 
0.21500000 	 -2.77165875 	 0.00000000 	 0.00000000 
0.21500000 	 -2.77165875 	 0.00000000 	 0.00000000 
0.22000000 	 -2.76090509 	 0.00000000 	 0.00000000 
0.22000000 	 -2.76090509 	 0.00000000 	 0.00000000 
0.22000000 	 -2.76090509 	 0.00000000 	 0.00000000 
0.22000000 	 -2.76090509 	 0.00000000 	 0.00000000 
0.22000000 	 -2.76090509 	 0.00000000 	 0.00000000 
0.22000000 	 -2.76090509 	 0.00000000 	 0.00000000 
0.22000000 	 -2.76090509 	 0.00000000 	 0.00000000 
0.22000000 	 -2.76090509 	 0.00000000 	 0.00000000 
0.22000000 	 -2.76090509 	 0.00000000 	 0.00000000 
0.22000000 	 -2.76090509 	 0.00000000 	 0.00000000 
0.22500000 	 -2.76492438 	 0.00000000 	 0.00000000 
0.22500000 	 -2.76492438 	 0.00000000 	 0.00000000 
0.22500000 	 -2.76492438 	 0.00000000 	 0.00000000 
0.22500000 	 -2.76492438 	 0.00000000 	 0.00000000 
0.22500000 	 -2.76492438 	 0.00000000 	 0.00000000 
0.22500000 	 -2.76492438 	 0.00000000 	 0.00000000 
0.22500000 	 -2.76566902 	 0.00000000 	 0.00000000 
0.22500000 	 -2.76566902 	 0.00000000 	 0.00000000 
0.22500000 	 -2.76566902 	 0.00000000 	 0.00000000 
0.22500000 	 -2.76566902 	 0.00000000 	 0.00000000 
0.23000000 	 -2.76964047 	 0.00000000 	 0.00000000 
0.23000000 	 -2.76964047 	 0.00000000 	 0.00000000 
0.23000000 	 -2.76964047 	 0.00000000 	 0.00000000 
0.23000000 	 -2.76964047 	 0.00000000 	 0.00000000 
0.23000000 	 -2.76964047 	 0.00000000 	 0.00000000 
0.23000000 	 -2.76964047 	 0.00000000 	 0.00000000 
0.23000000 	 -2.76964047 	 0.00000000 	 0.00000000 
0.23000000 	 -2.76964047 	 0.00000000 	 0.00000000 
0.23000000 	 -2.76964047 	 0.00000000 	 0.00000000 
0.23000000 	 -2.76964047 	 0.00000000 	 0.00000000 
0.23500000 	 -2.76324001 	 0.00000000 	 0.00000000 
0.23500000 	 -2.76324001 	 0.00000000 	 0.00000000 
0.23500000 	 -2.76324001 	 0.00000000 	 0.00000000 
0.23500000 	 -2.76324001 	 0.00000000 	 0.00000000 
0.23500000 	 -2.76324001 	 0.00000000 	 0.00000000 
0.23500000 	 -2.76324001 	 0.00000000 	 0.00000000 
0.23500000 	 -2.76324001 	 0.00000000 	 0.00000000 
0.23500000 	 -2.76324001 	 0.00000000 	 0.00000000 
0.23500000 	 -2.76324001 	 0.00000000 	 0.00000000 
0.23500000 	 -2.76324001 	 0.00000000 	 0.00000000 
0.24000000 	 -2.76201582 	 0.00000000 	 0.00000000 
0.24000000 	 -2.76051483 	 0.00000000 	 0.00000000 
0.24000000 	 -2.76051483 	 0.00000000 	 0.00000000 
0.24000000 	 -2.76051483 	 0.00000000 	 0.00000000 
0.24000000 	 -2.76051483 	 0.00000000 	 0.00000000 
0.24000000 	 -2.76051483 	 0.00000000 	 0.00000000 
0.24000000 	 -2.76051483 	 0.00000000 	 0.00000000 
0.24000000 	 -2.76051483 	 0.00000000 	 0.00000000 
0.24000000 	 -2.76051483 	 0.00000000 	 0.00000000 
0.24000000 	 -2.76051483 	 0.00000000 	 0.00000000 
0.24500000 	 -2.75457012 	 0.00000000 	 0.00000000 
0.24500000 	 -2.75457012 	 0.00000000 	 0.00000000 
0.24500000 	 -2.75457012 	 0.00000000 	 0.00000000 
0.24500000 	 -2.75457012 	 0.00000000 	 0.00000000 
0.24500000 	 -2.75457012 	 0.00000000 	 0.00000000 
0.24500000 	 -2.75457012 	 0.00000000 	 0.00000000 
0.24500000 	 -2.75457012 	 0.00000000 	 0.00000000 
0.24500000 	 -2.75457012 	 0.00000000 	 0.00000000 
0.24500000 	 -2.75457012 	 0.00000000 	 0.00000000 
0.24500000 	 -2.75457012 	 0.00000000 	 0.00000000 
