0.00000000 	 500.00000000 	 -5.00000000 
0.01000000 	 477.00000000 	 -3.82270981 
0.02000000 	 461.00000000 	 -2.38110352 
0.03000000 	 448.00000000 	 -0.98923279 
0.04000000 	 443.00000000 	 -0.02230332 
0.05000000 	 447.00000000 	 0.35816771 
0.06000000 	 455.00000000 	 0.38157003 
0.07000000 	 463.00000000 	 0.28265301 
0.08000000 	 475.00000000 	 -0.11678748 
0.09000000 	 475.00000000 	 0.02569389 
0.10000000 	 479.00000000 	 -0.05571770 
0.11000000 	 479.00000000 	 0.04179934 
0.12000000 	 481.00000000 	 0.02702315 
0.13000000 	 481.00000000 	 0.10152475 
0.14000000 	 485.00000000 	 -0.03633572 
0.15000000 	 495.00000000 	 -0.49579217 
0.16000000 	 494.00000000 	 -0.42953238 
0.17000000 	 493.00000000 	 -0.36112001 
0.18000000 	 492.00000000 	 -0.29077673 
0.19000000 	 492.00000000 	 -0.26955386 
0.20000000 	 494.00000000 	 -0.35081215 
0.21000000 	 493.00000000 	 -0.28578145 
0.22000000 	 495.00000000 	 -0.37097466 
0.23000000 	 495.00000000 	 -0.36005038 
0.24000000 	 494.00000000 	 -0.29902515 
0.25000000 	 493.00000000 	 -0.23629399 
0.26000000 	 493.00000000 	 -0.22273733 
0.27000000 	 493.00000000 	 -0.20968277 
0.28000000 	 497.00000000 	 -0.39911575 
0.29000000 	 496.00000000 	 -0.34357527 
0.30000000 	 496.00000000 	 -0.33688179 
0.31000000 	 496.00000000 	 -0.33040423 
0.32000000 	 496.00000000 	 -0.32412910 
0.33000000 	 496.00000000 	 -0.31804412 
0.34000000 	 498.00000000 	 -0.41274187 
0.35000000 	 496.00000000 	 -0.30927524 
0.36000000 	 495.00000000 	 -0.25324324 
0.37000000 	 495.00000000 	 -0.24645247 
0.38000000 	 497.00000000 	 -0.34064700 
0.39000000 	 499.00000000 	 -0.43719100 
0.40000000 	 498.00000000 	 -0.38578928 
0.41000000 	 498.00000000 	 -0.38334536 
0.42000000 	 498.00000000 	 -0.38095964 
0.43000000 	 500.00000000 	 -0.47882993 
0.44000000 	 499.00000000 	 -0.42877986 
0.45000000 	 498.00000000 	 -0.37751717 
0.46000000 	 500.00000000 	 -0.47553943 
0.47000000 	 500.00000000 	 -0.47553943 
0.48000000 	 510.00000000 	 -0.97060511 
0.49000000 	 510.00000000 	 -0.98070849 
0.50000000 	 511.00000000 	 -1.03958142 
0.51000000 	 523.00000000 	 -1.63054566 
0.52000000 	 536.00000000 	 -2.26598490 
0.53000000 	 543.00000000 	 -2.62315918 
0.54000000 	 580.00000000 	 -4.30932378 
0.55000000 	 596.00000000 	 -5.05710151 
0.56000000 	 630.00000000 	 -6.52248772 
0.57000000 	 662.00000000 	 -7.86249592 
0.58000000 	 755.00000000 	 -11.26977379 
0.59000000 	 735.00000000 	 -10.77321528 
0.60000000 	 714.00000000 	 -10.20905286 
0.61000000 	 702.00000000 	 -9.93132819 
0.62000000 	 704.00000000 	 -10.13927671 
0.63000000 	 708.00000000 	 -10.41670200 
0.64000000 	 697.00000000 	 -10.16110836 
0.65000000 	 694.00000000 	 -10.18103261 
0.66000000 	 706.00000000 	 -10.73380539 
0.67000000 	 692.00000000 	 -10.36180735 
0.68000000 	 682.00000000 	 -10.11737706 
0.69000000 	 674.00000000 	 -9.93485996 
0.70000000 	 678.00000000 	 -10.18944011 
0.71000000 	 660.00000000 	 -9.62398589 
0.72000000 	 651.00000000 	 -9.37713098 
0.73000000 	 649.00000000 	 -9.39058509 
0.74000000 	 638.00000000 	 -9.05134068 
0.75000000 	 626.00000000 	 -8.65788627 
0.76000000 	 633.00000000 	 -9.00981592 
0.77000000 	 647.00000000 	 -9.63329141 
0.78000000 	 638.00000000 	 -9.36569952 
0.79000000 	 628.00000000 	 -9.04787641 
0.80000000 	 625.00000000 	 -8.99939226 
0.81000000 	 631.00000000 	 -9.30711905 
0.82000000 	 635.00000000 	 -9.53604190 
0.83000000 	 893.00000000 	 -18.13207449 
0.84000000 	 839.00000000 	 -16.74529027 
0.85000000 	 781.00000000 	 -15.10663742 
0.86000000 	 741.00000000 	 -13.92191589 
0.87000000 	 716.00000000 	 -13.17694826 
0.88000000 	 690.00000000 	 -12.35424314 
0.89000000 	 666.00000000 	 -11.55966785 
0.90000000 	 657.00000000 	 -11.29916032 
0.91000000 	 663.00000000 	 -11.60145547 
0.92000000 	 665.00000000 	 -11.75343252 
0.93000000 	 661.00000000 	 -11.67926350 
0.94000000 	 655.00000000 	 -11.52553929 
0.95000000 	 644.00000000 	 -11.17318632 
0.96000000 	 652.00000000 	 -11.54774123 
0.97000000 	 640.00000000 	 -11.15174306 
0.98000000 	 629.00000000 	 -10.78129457 
0.99000000 	 628.00000000 	 -10.79947771 
1.00000000 	 625.00000000 	 -10.73674781 
1.01000000 	 611.00000000 	 -10.22561410 
1.02000000 	 615.00000000 	 -10.43788624 
1.03000000 	 605.00000000 	 -10.07828715 
1.04000000 	 603.00000000 	 -10.04132782 
1.05000000 	 599.00000000 	 -9.91953526 
1.06000000 	 605.00000000 	 -10.21131372 
1.07000000 	 607.00000000 	 -10.33835951 
1.08000000 	 600.00000000 	 -10.09327016 
1.09000000 	 603.00000000 	 -10.25977557 
1.10000000 	 598.00000000 	 -10.09418475 
1.11000000 	 603.00000000 	 -10.34265723 
1.12000000 	 593.00000000 	 -9.96639735 
1.13000000 	 607.00000000 	 -10.58749749 
1.14000000 	 603.00000000 	 -10.46473410 
1.15000000 	 603.00000000 	 -10.50545347 
1.16000000 	 599.00000000 	 -10.37943184 
1.17000000 	 588.00000000 	 -9.95466676 
1.18000000 	 595.00000000 	 -10.28487542 
1.19000000 	 589.00000000 	 -10.06803968 
1.20000000 	 569.00000000 	 -9.23852471 
1.21000000 	 567.00000000 	 -9.17720561 
1.22000000 	 559.00000000 	 -8.84772854 
1.23000000 	 554.00000000 	 -8.64577989 
1.24000000 	 556.00000000 	 -8.75654681 
1.25000000 	 552.00000000 	 -8.59727265 
1.26000000 	 550.00000000 	 -8.52615939 
1.27000000 	 558.00000000 	 -8.90593834 
1.28000000 	 569.00000000 	 -9.41541085 
1.29000000 	 576.00000000 	 -9.74614429 
1.30000000 	 573.00000000 	 -9.64280714 
1.31000000 	 567.00000000 	 -9.40565400 
1.32000000 	 582.00000000 	 -10.08224911 
1.33000000 	 571.00000000 	 -9.63376372 
1.34000000 	 562.00000000 	 -9.26135232 
1.35000000 	 562.00000000 	 -9.28299931 
1.36000000 	 563.00000000 	 -9.34893159 
1.37000000 	 564.00000000 	 -9.41495256 
1.38000000 	 562.00000000 	 -9.34796247 
1.39000000 	 583.00000000 	 -10.28611994 
1.40000000 	 580.00000000 	 -10.18456771 
1.41000000 	 571.00000000 	 -9.81991097 
1.42000000 	 568.00000000 	 -9.71159315 
1.43000000 	 590.00000000 	 -10.68391364 
1.44000000 	 582.00000000 	 -10.37134656 
1.45000000 	 574.00000000 	 -10.05150344 
1.46000000 	 573.00000000 	 -10.03154523 
1.47000000 	 571.00000000 	 -9.96730902 
1.48000000 	 556.00000000 	 -9.32421538 
1.49000000 	 565.00000000 	 -9.74346341 
1.50000000 	 558.00000000 	 -9.45216380 
1.51000000 	 554.00000000 	 -9.29047758 
1.52000000 	 544.00000000 	 -8.85195944 
1.53000000 	 546.00000000 	 -8.95748390 
1.54000000 	 561.00000000 	 -9.64931962 
1.55000000 	 560.00000000 	 -9.62328316 
1.56000000 	 559.00000000 	 -9.59676204 
1.57000000 	 549.00000000 	 -9.16324762 
1.58000000 	 547.00000000 	 -9.08679942 
1.59000000 	 542.00000000 	 -8.87135529 
1.60000000 	 558.00000000 	 -9.61128211 
1.61000000 	 552.00000000 	 -9.35805127 
1.62000000 	 558.00000000 	 -9.64359268 
1.63000000 	 566.00000000 	 -10.01630353 
1.64000000 	 586.00000000 	 -10.90334662 
1.65000000 	 583.00000000 	 -10.79907876 
1.66000000 	 584.00000000 	 -10.86505305 
1.67000000 	 586.00000000 	 -10.97377066 
1.68000000 	 580.00000000 	 -10.74009632 
1.69000000 	 580.00000000 	 -10.76205194 
1.70000000 	 599.00000000 	 -11.58971578 
1.71000000 	 595.00000000 	 -11.44862229 
1.72000000 	 588.00000000 	 -11.17804476 
1.73000000 	 571.00000000 	 -10.46802889 
1.74000000 	 576.00000000 	 -10.70506791 
1.75000000 	 574.00000000 	 -10.63832552 
1.76000000 	 572.00000000 	 -10.57067070 
1.77000000 	 557.00000000 	 -9.92532845 
1.78000000 	 557.00000000 	 -9.94049097 
1.79000000 	 551.00000000 	 -9.68480801 
1.80000000 	 542.00000000 	 -9.28657764 
1.81000000 	 538.00000000 	 -9.11253220 
1.82000000 	 524.00000000 	 -8.46342218 
1.83000000 	 539.00000000 	 -9.17542421 
1.84000000 	 548.00000000 	 -9.59962193 
1.85000000 	 549.00000000 	 -9.65758825 
1.86000000 	 541.00000000 	 -9.30317509 
1.87000000 	 548.00000000 	 -9.63511155 
1.88000000 	 548.00000000 	 -9.64730134 
1.89000000 	 548.00000000 	 -9.65942663 
1.90000000 	 557.00000000 	 -10.07873692 
1.91000000 	 557.00000000 	 -10.09286744 
1.92000000 	 560.00000000 	 -10.24121295 
1.93000000 	 555.00000000 	 -10.03167608 
1.94000000 	 564.00000000 	 -10.44727798 
1.95000000 	 578.00000000 	 -11.07571023 
1.96000000 	 581.00000000 	 -11.22362296 
1.97000000 	 579.00000000 	 -11.15646962 
1.98000000 	 571.00000000 	 -10.82715994 
1.99000000 	 557.00000000 	 -10.22324174 
2.00000000 	 551.00000000 	 -9.96597561 
2.01000000 	 541.00000000 	 -9.52016779 
2.02000000 	 557.00000000 	 -10.25857068 
2.03000000 	 551.00000000 	 -10.00110512 
2.04000000 	 552.00000000 	 -10.05833883 
2.05000000 	 549.00000000 	 -9.93416456 
2.06000000 	 546.00000000 	 -9.80852383 
2.07000000 	 544.00000000 	 -9.72740994 
2.08000000 	 541.00000000 	 -9.59929790 
2.09000000 	 546.00000000 	 -9.83871750 
2.10000000 	 548.00000000 	 -9.94060276 
2.11000000 	 538.00000000 	 -9.49104564 
2.12000000 	 528.00000000 	 -9.03062675 
2.13000000 	 531.00000000 	 -9.17866552 
2.14000000 	 535.00000000 	 -9.37331098 
2.15000000 	 530.00000000 	 -9.14643476 
2.16000000 	 517.00000000 	 -8.53232555 
2.17000000 	 530.00000000 	 -9.15703078 
2.18000000 	 535.00000000 	 -9.39845650 
2.19000000 	 544.00000000 	 -9.82324259 
2.20000000 	 533.00000000 	 -9.32213125 
2.21000000 	 532.00000000 	 -9.28241289 
2.22000000 	 525.00000000 	 -8.95826819 
2.23000000 	 524.00000000 	 -8.91607348 
2.24000000 	 527.00000000 	 -9.06402763 
2.25000000 	 536.00000000 	 -9.49321155 
2.26000000 	 535.00000000 	 -9.45421713 
2.27000000 	 536.00000000 	 -9.50835388 
2.28000000 	 546.00000000 	 -9.97809772 
2.29000000 	 533.00000000 	 -9.38526710 
2.30000000 	 524.00000000 	 -8.96647071 
2.31000000 	 529.00000000 	 -9.20896337 
2.32000000 	 544.00000000 	 -9.91405922 
2.33000000 	 539.00000000 	 -9.69226680 
2.34000000 	 523.00000000 	 -8.94693843 
2.35000000 	 523.00000000 	 -8.95172283 
2.36000000 	 516.00000000 	 -8.61961949 
2.37000000 	 514.00000000 	 -8.52585464 
2.38000000 	 513.00000000 	 -8.48006988 
2.39000000 	 530.00000000 	 -9.29778383 
2.40000000 	 526.00000000 	 -9.11445866 
2.41000000 	 527.00000000 	 -9.16720068 
2.42000000 	 517.00000000 	 -8.69369193 
2.43000000 	 516.00000000 	 -8.64872900 
2.44000000 	 520.00000000 	 -8.84500747 
2.45000000 	 512.00000000 	 -8.46140492 
2.46000000 	 516.00000000 	 -8.65836865 
2.47000000 	 525.00000000 	 -9.09384420 
2.48000000 	 521.00000000 	 -8.90755704 
2.49000000 	 528.00000000 	 -9.24534381 
2.50000000 	 522.00000000 	 -8.96507523 
2.51000000 	 520.00000000 	 -8.87339462 
2.52000000 	 523.00000000 	 -9.02110187 
2.53000000 	 512.00000000 	 -8.49412491 
2.54000000 	 507.00000000 	 -8.25111867 
2.55000000 	 515.00000000 	 -8.64387913 
2.56000000 	 514.00000000 	 -8.59817485 
2.57000000 	 505.00000000 	 -8.15924025 
2.58000000 	 514.00000000 	 -8.60182533 
2.59000000 	 511.00000000 	 -8.45814901 
2.60000000 	 515.00000000 	 -8.65517422 
2.61000000 	 508.00000000 	 -8.31586920 
2.62000000 	 513.00000000 	 -8.56224377 
2.63000000 	 518.00000000 	 -8.80716860 
2.64000000 	 512.00000000 	 -8.51925233 
2.65000000 	 519.00000000 	 -8.86097119 
2.66000000 	 509.00000000 	 -8.37807977 
2.67000000 	 510.00000000 	 -8.42881790 
2.68000000 	 506.00000000 	 -8.23381375 
2.69000000 	 507.00000000 	 -8.28428071 
2.70000000 	 505.00000000 	 -8.18675366 
2.71000000 	 500.00000000 	 -7.93891331 
2.72000000 	 502.00000000 	 -8.03871384 
2.73000000 	 512.00000000 	 -8.53219205 
2.74000000 	 517.00000000 	 -8.77731220 
2.75000000 	 511.00000000 	 -8.48851962 
2.76000000 	 513.00000000 	 -8.58814714 
2.77000000 	 511.00000000 	 -8.49280735 
2.78000000 	 511.00000000 	 -8.49476432 
2.79000000 	 514.00000000 	 -8.64305616 
2.80000000 	 514.00000000 	 -8.64552180 
2.81000000 	 513.00000000 	 -8.59929315 
2.82000000 	 508.00000000 	 -8.35670872 
2.83000000 	 506.00000000 	 -8.25949151 
2.84000000 	 502.00000000 	 -8.06212782 
2.85000000 	 512.00000000 	 -8.55559063 
2.86000000 	 514.00000000 	 -8.65512976 
2.87000000 	 517.00000000 	 -8.80302549 
2.88000000 	 519.00000000 	 -8.90245303 
2.89000000 	 523.00000000 	 -9.09761883 
2.90000000 	 517.00000000 	 -8.81303111 
2.91000000 	 517.00000000 	 -8.81590351 
2.92000000 	 530.00000000 	 -9.43961938 
2.93000000 	 515.00000000 	 -8.72683848 
2.94000000 	 514.00000000 	 -8.68076110 
2.95000000 	 515.00000000 	 -8.73169225 
2.96000000 	 520.00000000 	 -8.97573655 
2.97000000 	 517.00000000 	 -8.83438953 
2.98000000 	 509.00000000 	 -8.44732301 
2.99000000 	 511.00000000 	 -8.54685398 
3.00000000 	 507.00000000 	 -8.35220277 
3.01000000 	 515.00000000 	 -8.74475493 
3.02000000 	 508.00000000 	 -8.40506552 
3.03000000 	 510.00000000 	 -8.50460716 
3.04000000 	 514.00000000 	 -8.70154916 
3.05000000 	 513.00000000 	 -8.65512719 
3.06000000 	 515.00000000 	 -8.75450061 
3.07000000 	 512.00000000 	 -8.61085079 
3.08000000 	 505.00000000 	 -8.26862094 
3.09000000 	 509.00000000 	 -8.46666566 
3.10000000 	 512.00000000 	 -8.61501958 
3.11000000 	 522.00000000 	 -9.10050012 
3.12000000 	 524.00000000 	 -9.19955281 
3.13000000 	 526.00000000 	 -9.29853572 
3.14000000 	 525.00000000 	 -9.25499804 
3.15000000 	 520.00000000 	 -9.01963400 
3.16000000 	 524.00000000 	 -9.21430872 
3.17000000 	 528.00000000 	 -9.40812115 
3.18000000 	 533.00000000 	 -9.64803333 
3.19000000 	 537.00000000 	 -9.83995897 
3.20000000 	 533.00000000 	 -9.65861955 
3.21000000 	 525.00000000 	 -9.28551819 
3.22000000 	 520.00000000 	 -9.05006997 
3.23000000 	 519.00000000 	 -9.00498242 
3.24000000 	 517.00000000 	 -8.91133496 
3.25000000 	 515.00000000 	 -8.81700752 
3.26000000 	 513.00000000 	 -8.72199791 
3.27000000 	 511.00000000 	 -8.62630390 
3.28000000 	 505.00000000 	 -8.33268353 
3.29000000 	 507.00000000 	 -8.43225399 
3.30000000 	 504.00000000 	 -8.28493885 
3.31000000 	 504.00000000 	 -8.28554068 
3.32000000 	 501.00000000 	 -8.13688652 
3.33000000 	 494.00000000 	 -7.78527192 
3.34000000 	 507.00000000 	 -8.43375544 
3.35000000 	 515.00000000 	 -8.82619040 
3.36000000 	 515.00000000 	 -8.82838972 
3.37000000 	 515.00000000 	 -8.83058251 
3.38000000 	 512.00000000 	 -8.68671192 
3.39000000 	 514.00000000 	 -8.78592694 
3.40000000 	 514.00000000 	 -8.78795746 
3.41000000 	 514.00000000 	 -8.78998203 
3.42000000 	 513.00000000 	 -8.74331518 
3.43000000 	 510.00000000 	 -8.59855802 
3.44000000 	 512.00000000 	 -8.69784465 
3.45000000 	 512.00000000 	 -8.69956324 
3.46000000 	 522.00000000 	 -9.18485093 
3.47000000 	 511.00000000 	 -8.65550326 
3.48000000 	 511.00000000 	 -8.65706658 
3.49000000 	 505.00000000 	 -8.36334641 
3.50000000 	 504.00000000 	 -8.31450311 
3.51000000 	 509.00000000 	 -8.56186436 
3.52000000 	 514.00000000 	 -8.80751262 
3.53000000 	 507.00000000 	 -8.46666182 
3.54000000 	 514.00000000 	 -8.81045021 
3.55000000 	 506.00000000 	 -8.42023004 
3.56000000 	 497.00000000 	 -7.97240164 
3.57000000 	 500.00000000 	 -8.12243201 
3.58000000 	 504.00000000 	 -8.32163626 
3.59000000 	 500.00000000 	 -8.12298690 
3.60000000 	 502.00000000 	 -8.22278743 
3.61000000 	 523.00000000 	 -9.24759750 
3.62000000 	 535.00000000 	 -9.81783546 
3.63000000 	 531.00000000 	 -9.63487701 
3.64000000 	 524.00000000 	 -9.30725004 
3.65000000 	 531.00000000 	 -9.64221966 
3.66000000 	 518.00000000 	 -9.02665906 
3.67000000 	 515.00000000 	 -8.88385973 
3.68000000 	 507.00000000 	 -8.49447037 
3.69000000 	 527.00000000 	 -9.46265093 
3.70000000 	 523.00000000 	 -9.27572736 
3.71000000 	 525.00000000 	 -9.37417787 
3.72000000 	 527.00000000 	 -9.47251393 
3.73000000 	 535.00000000 	 -9.85269385 
3.74000000 	 533.00000000 	 -9.76358342 
3.75000000 	 523.00000000 	 -9.29434531 
3.76000000 	 510.00000000 	 -8.66806710 
3.77000000 	 519.00000000 	 -9.10670921 
3.78000000 	 525.00000000 	 -9.39653535 
3.79000000 	 512.00000000 	 -8.77291276 
3.80000000 	 511.00000000 	 -8.72559718 
3.81000000 	 516.00000000 	 -8.97045448 
3.82000000 	 518.00000000 	 -9.06922783 
3.83000000 	 510.00000000 	 -8.68242348 
3.84000000 	 516.00000000 	 -8.97611371 
3.85000000 	 523.00000000 	 -9.31502654 
3.86000000 	 516.00000000 	 -8.98107186 
3.87000000 	 521.00000000 	 -9.22418856 
3.88000000 	 519.00000000 	 -9.13068550 
3.89000000 	 520.00000000 	 -9.18120561 
3.90000000 	 534.00000000 	 -9.84789544 
3.91000000 	 533.00000000 	 -9.80524145 
3.92000000 	 536.00000000 	 -9.94963598 
3.93000000 	 528.00000000 	 -9.57811182 
3.94000000 	 525.00000000 	 -9.43911866 
3.95000000 	 517.00000000 	 -9.05832195 
3.96000000 	 515.00000000 	 -8.96353338 
3.97000000 	 502.00000000 	 -8.32622524 
3.98000000 	 513.00000000 	 -8.86836914 
3.99000000 	 510.00000000 	 -8.72334940 
4.00000000 	 503.00000000 	 -8.37907318 
4.01000000 	 502.00000000 	 -8.32969487 
4.02000000 	 503.00000000 	 -8.37969439 
4.03000000 	 509.00000000 	 -8.67651164 
4.04000000 	 506.00000000 	 -8.52983192 
4.05000000 	 507.00000000 	 -8.57992661 
4.06000000 	 502.00000000 	 -8.33301060 
4.07000000 	 505.00000000 	 -8.48221355 
4.08000000 	 500.00000000 	 -8.23406498 
4.09000000 	 507.00000000 	 -8.58163761 
4.10000000 	 502.00000000 	 -8.33471325 
4.11000000 	 504.00000000 	 -8.43435978 
4.12000000 	 513.00000000 	 -8.87733272 
4.13000000 	 519.00000000 	 -9.16958740 
4.14000000 	 523.00000000 	 -9.36377909 
4.15000000 	 528.00000000 	 -9.60435882 
4.16000000 	 510.00000000 	 -8.74049440 
4.17000000 	 501.00000000 	 -8.29656599 
4.18000000 	 498.00000000 	 -8.14653488 
4.19000000 	 498.00000000 	 -8.14629574 
4.20000000 	 521.00000000 	 -9.27480629 
4.21000000 	 515.00000000 	 -8.98767087 
4.22000000 	 514.00000000 	 -8.94083110 
4.23000000 	 510.00000000 	 -8.74714971 
4.24000000 	 506.00000000 	 -8.55146591 
4.25000000 	 508.00000000 	 -8.65078705 
4.26000000 	 510.00000000 	 -8.74995053 
4.27000000 	 504.00000000 	 -8.45524850 
4.28000000 	 510.00000000 	 -8.75157537 
4.29000000 	 505.00000000 	 -8.50642196 
4.30000000 	 503.00000000 	 -8.40779399 
4.31000000 	 506.00000000 	 -8.55680345 
4.32000000 	 513.00000000 	 -8.90097316 
4.33000000 	 502.00000000 	 -8.36056200 
4.34000000 	 506.00000000 	 -8.55920569 
4.35000000 	 500.00000000 	 -8.26167697 
4.36000000 	 496.00000000 	 -8.06087268 
4.37000000 	 497.00000000 	 -8.11076565 
4.38000000 	 505.00000000 	 -8.50963224 
4.39000000 	 521.00000000 	 -9.28998920 
4.40000000 	 521.00000000 	 -9.29232681 
4.41000000 	 523.00000000 	 -9.39044467 
4.42000000 	 524.00000000 	 -9.44074392 
4.43000000 	 515.00000000 	 -9.01027013 
4.44000000 	 509.00000000 	 -8.71896238 
4.45000000 	 513.00000000 	 -8.91566033 
4.46000000 	 499.00000000 	 -8.22535537 
4.47000000 	 507.00000000 	 -8.62286610 
4.48000000 	 516.00000000 	 -9.06353598 
4.49000000 	 512.00000000 	 -8.87073629 
4.50000000 	 512.00000000 	 -8.87205388 
4.51000000 	 518.00000000 	 -9.16463397 
4.52000000 	 525.00000000 	 -9.50216563 
4.53000000 	 538.00000000 	 -10.11636568 
4.54000000 	 530.00000000 	 -9.74586046 
4.55000000 	 524.00000000 	 -9.46442899 
4.56000000 	 521.00000000 	 -9.32345830 
4.57000000 	 511.00000000 	 -8.84119766 
4.58000000 	 504.00000000 	 -8.49755246 
4.59000000 	 504.00000000 	 -8.49798646 
4.60000000 	 502.00000000 	 -8.39901580 
4.61000000 	 502.00000000 	 -8.39923229 
4.62000000 	 505.00000000 	 -8.54840605 
4.63000000 	 501.00000000 	 -8.35013512 
4.64000000 	 502.00000000 	 -8.40009323 
4.65000000 	 506.00000000 	 -8.59872160 
4.66000000 	 502.00000000 	 -8.40094780 
4.67000000 	 500.00000000 	 -8.30136098 
4.68000000 	 509.00000000 	 -8.74735893 
4.69000000 	 510.00000000 	 -8.79737761 
4.70000000 	 513.00000000 	 -8.94505893 
4.71000000 	 521.00000000 	 -9.33327625 
4.72000000 	 529.00000000 	 -9.71641513 
4.73000000 	 519.00000000 	 -9.24228135 
4.74000000 	 516.00000000 	 -9.09932048 
4.75000000 	 516.00000000 	 -9.10097831 
4.76000000 	 520.00000000 	 -9.29568380 
4.77000000 	 514.00000000 	 -9.00760074 
4.78000000 	 523.00000000 	 -9.44300002 
4.79000000 	 518.00000000 	 -9.20519172 
4.80000000 	 524.00000000 	 -9.49494481 
4.81000000 	 522.00000000 	 -9.40177918 
4.82000000 	 520.00000000 	 -9.30804315 
4.83000000 	 516.00000000 	 -9.11702205 
4.84000000 	 514.00000000 	 -9.02156155 
4.85000000 	 525.00000000 	 -9.55235994 
4.86000000 	 528.00000000 	 -9.69732025 
4.87000000 	 521.00000000 	 -9.36646134 
4.88000000 	 523.00000000 	 -9.46435458 
4.89000000 	 528.00000000 	 -9.70452432 
4.90000000 	 529.00000000 	 -9.75460803 
4.91000000 	 525.00000000 	 -9.56772449 
4.92000000 	 525.00000000 	 -9.57020366 
4.93000000 	 522.00000000 	 -9.42941094 
4.94000000 	 512.00000000 	 -8.94801600 
4.95000000 	 511.00000000 	 -8.90033793 
4.96000000 	 502.00000000 	 -8.45719802 
4.97000000 	 509.00000000 	 -8.80359624 
4.98000000 	 508.00000000 	 -8.75532760 
4.99000000 	 519.00000000 	 -9.29168375 
5.00000000 	 509.00000000 	 -8.80715187 
5.01000000 	 502.00000000 	 -8.46184466 
5.02000000 	 505.00000000 	 -8.61100121 
5.03000000 	 512.00000000 	 -8.95565065 
5.04000000 	 513.00000000 	 -9.00560757 
5.05000000 	 509.00000000 	 -8.81118254 
5.06000000 	 507.00000000 	 -8.71363863 
5.07000000 	 499.00000000 	 -8.31670148 
5.08000000 	 506.00000000 	 -8.66486730 
5.09000000 	 509.00000000 	 -8.81323686 
5.10000000 	 500.00000000 	 -8.36811341 
5.11000000 	 504.00000000 	 -8.56731765 
5.12000000 	 502.00000000 	 -8.46830302 
5.13000000 	 504.00000000 	 -8.56790127 
5.14000000 	 496.00000000 	 -8.16828029 
5.15000000 	 507.00000000 	 -8.71626730 
5.16000000 	 508.00000000 	 -8.76620199 
5.17000000 	 506.00000000 	 -8.66835010 
5.18000000 	 499.00000000 	 -8.32066147 
5.19000000 	 496.00000000 	 -8.16981081 
5.20000000 	 496.00000000 	 -8.16942465 
5.21000000 	 503.00000000 	 -8.51939531 
5.22000000 	 507.00000000 	 -8.71770264 
5.23000000 	 509.00000000 	 -8.81679254 
5.24000000 	 507.00000000 	 -8.71921836 
5.25000000 	 503.00000000 	 -8.52185957 
5.26000000 	 504.00000000 	 -8.57179633 
5.27000000 	 509.00000000 	 -8.81896804 
5.28000000 	 514.00000000 	 -9.06419396 
5.29000000 	 509.00000000 	 -8.82111780 
5.30000000 	 519.00000000 	 -9.30835597 
5.31000000 	 524.00000000 	 -9.54980692 
5.32000000 	 522.00000000 	 -9.45640769 
5.33000000 	 526.00000000 	 -9.64926798 
5.34000000 	 512.00000000 	 -8.97722657 
5.35000000 	 516.00000000 	 -9.17288833 
5.36000000 	 520.00000000 	 -9.36740863 
5.37000000 	 520.00000000 	 -9.36923455 
5.38000000 	 524.00000000 	 -9.56262889 
5.39000000 	 521.00000000 	 -9.42126239 
5.40000000 	 530.00000000 	 -9.85134123 
5.41000000 	 527.00000000 	 -9.71212243 
5.42000000 	 513.00000000 	 -9.04143070 
5.43000000 	 502.00000000 	 -8.50071932 
5.44000000 	 516.00000000 	 -9.18856892 
5.45000000 	 518.00000000 	 -9.28672573 
5.46000000 	 515.00000000 	 -9.14313656 
5.47000000 	 517.00000000 	 -9.24138686 
5.48000000 	 520.00000000 	 -9.38756060 
5.49000000 	 513.00000000 	 -9.05052244 
5.50000000 	 517.00000000 	 -9.24586489 
5.51000000 	 515.00000000 	 -9.15048255 
5.52000000 	 517.00000000 	 -9.24872061 
5.53000000 	 503.00000000 	 -8.56391452 
5.54000000 	 514.00000000 	 -9.10501185 
5.55000000 	 506.00000000 	 -8.71409087 
5.56000000 	 528.00000000 	 -9.77861759 
5.57000000 	 521.00000000 	 -9.44740715 
5.58000000 	 524.00000000 	 -9.59279149 
5.59000000 	 520.00000000 	 -9.40331644 
5.60000000 	 521.00000000 	 -9.45309812 
5.61000000 	 520.00000000 	 -9.40690078 
5.62000000 	 523.00000000 	 -9.55246179 
5.63000000 	 509.00000000 	 -8.87612264 
5.64000000 	 510.00000000 	 -8.92598115 
5.65000000 	 525.00000000 	 -9.65154579 
5.66000000 	 515.00000000 	 -9.17291678 
5.67000000 	 510.00000000 	 -8.93031571 
5.68000000 	 518.00000000 	 -9.32030022 
5.69000000 	 522.00000000 	 -9.51416277 
5.70000000 	 520.00000000 	 -9.42008194 
5.71000000 	 525.00000000 	 -9.66103541 
5.72000000 	 534.00000000 	 -10.08810726 
5.73000000 	 525.00000000 	 -9.66603817 
5.74000000 	 520.00000000 	 -9.42892690 
5.75000000 	 519.00000000 	 -9.38250894 
5.76000000 	 513.00000000 	 -9.09342673 
5.77000000 	 531.00000000 	 -9.95669325 
5.78000000 	 526.00000000 	 -9.72277485 
5.79000000 	 527.00000000 	 -9.77244707 
5.80000000 	 538.00000000 	 -10.29116427 
5.81000000 	 541.00000000 	 -10.43333415 
5.82000000 	 538.00000000 	 -10.29770155 
5.83000000 	 542.00000000 	 -10.48602868 
5.84000000 	 525.00000000 	 -9.69278803 
5.85000000 	 548.00000000 	 -10.76679869 
5.86000000 	 544.00000000 	 -10.58755840 
5.87000000 	 528.00000000 	 -9.84482637 
5.88000000 	 524.00000000 	 -9.65702806 
5.89000000 	 520.00000000 	 -9.46744620 
5.90000000 	 522.00000000 	 -9.56507751 
5.91000000 	 529.00000000 	 -9.89992007 
5.92000000 	 528.00000000 	 -9.85499729 
5.93000000 	 526.00000000 	 -9.76241766 
5.94000000 	 534.00000000 	 -10.14191687 
5.95000000 	 538.00000000 	 -10.33124909 
5.96000000 	 522.00000000 	 -9.57954737 
5.97000000 	 523.00000000 	 -9.62919743 
5.98000000 	 529.00000000 	 -9.91625178 
5.99000000 	 525.00000000 	 -9.72885065 
6.00000000 	 515.00000000 	 -9.25009953 
6.01000000 	 519.00000000 	 -9.44475366 
6.02000000 	 523.00000000 	 -9.63824201 
6.03000000 	 528.00000000 	 -9.87797707 
6.04000000 	 524.00000000 	 -9.69011739 
6.05000000 	 521.00000000 	 -9.54851366 
6.06000000 	 515.00000000 	 -9.26063241 
6.07000000 	 525.00000000 	 -9.74263387 
6.08000000 	 512.00000000 	 -9.11779911 
6.09000000 	 522.00000000 	 -9.60234677 
6.10000000 	 533.00000000 	 -10.12545741 
6.11000000 	 536.00000000 	 -10.26839094 
6.12000000 	 535.00000000 	 -10.22454570 
6.13000000 	 533.00000000 	 -10.13367196 
6.14000000 	 515.00000000 	 -9.27741121 
6.15000000 	 523.00000000 	 -9.66397687 
6.16000000 	 517.00000000 	 -9.37733735 
6.17000000 	 516.00000000 	 -9.33028935 
6.18000000 	 524.00000000 	 -9.71618654 
6.19000000 	 515.00000000 	 -9.28496047 
6.20000000 	 506.00000000 	 -8.84539657 
6.21000000 	 499.00000000 	 -8.49761245 
6.22000000 	 496.00000000 	 -8.34677776 
6.23000000 	 502.00000000 	 -8.64706027 
6.24000000 	 497.00000000 	 -8.39696786 
6.25000000 	 505.00000000 	 -8.79593722 
6.26000000 	 496.00000000 	 -8.34677203 
6.27000000 	 492.00000000 	 -8.14402151 
6.28000000 	 495.00000000 	 -8.29535557 
6.29000000 	 496.00000000 	 -8.34541022 
6.30000000 	 508.00000000 	 -8.94272951 
6.31000000 	 509.00000000 	 -8.99252263 
6.32000000 	 503.00000000 	 -8.69678216 
6.33000000 	 501.00000000 	 -8.59741669 
6.34000000 	 506.00000000 	 -8.84575968 
6.35000000 	 507.00000000 	 -8.89558767 
6.36000000 	 518.00000000 	 -9.43274013 
6.37000000 	 523.00000000 	 -9.67428371 
6.38000000 	 523.00000000 	 -9.67604599 
6.39000000 	 534.00000000 	 -10.19816489 
6.40000000 	 524.00000000 	 -9.72813085 
6.41000000 	 518.00000000 	 -9.44204834 
6.42000000 	 516.00000000 	 -9.34671364 
6.43000000 	 521.00000000 	 -9.58902022 
6.44000000 	 512.00000000 	 -9.15498193 
6.45000000 	 522.00000000 	 -9.63947525 
6.46000000 	 531.00000000 	 -10.06850247 
6.47000000 	 528.00000000 	 -9.92918337 
6.48000000 	 523.00000000 	 -9.69341505 
6.49000000 	 516.00000000 	 -9.35827999 
6.50000000 	 527.00000000 	 -9.88683606 
6.51000000 	 524.00000000 	 -9.74613413 
6.52000000 	 523.00000000 	 -9.70017631 
6.53000000 	 520.00000000 	 -9.55808179 
6.54000000 	 521.00000000 	 -9.60761181 
6.55000000 	 533.00000000 	 -10.17846668 
6.56000000 	 522.00000000 	 -9.65955649 
6.57000000 	 512.00000000 	 -9.17762091 
6.58000000 	 516.00000000 	 -9.37307550 
6.59000000 	 511.00000000 	 -9.13084106 
6.60000000 	 516.00000000 	 -9.37509474 
6.61000000 	 534.00000000 	 -10.23351291 
6.62000000 	 524.00000000 	 -9.76339347 
6.63000000 	 516.00000000 	 -9.38053836 
6.64000000 	 509.00000000 	 -9.04025558 
6.65000000 	 503.00000000 	 -8.74448009 
6.66000000 	 507.00000000 	 -8.94272548 
6.67000000 	 504.00000000 	 -8.79487819 
6.68000000 	 507.00000000 	 -8.94354479 
6.69000000 	 516.00000000 	 -9.38395838 
6.70000000 	 510.00000000 	 -9.09273271 
6.71000000 	 513.00000000 	 -9.24009850 
6.72000000 	 532.00000000 	 -10.15024450 
6.73000000 	 523.00000000 	 -9.72599830 
6.74000000 	 537.00000000 	 -10.38808222 
6.75000000 	 526.00000000 	 -9.87330425 
6.76000000 	 531.00000000 	 -10.11169920 
6.77000000 	 527.00000000 	 -9.92488373 
6.78000000 	 528.00000000 	 -9.97421636 
6.79000000 	 523.00000000 	 -9.73835206 
6.80000000 	 519.00000000 	 -9.54806597 
6.81000000 	 525.00000000 	 -9.83679461 
6.82000000 	 529.00000000 	 -10.02833734 
6.83000000 	 532.00000000 	 -10.17177748 
6.84000000 	 526.00000000 	 -9.89048794 
6.85000000 	 509.00000000 	 -9.07100814 
6.86000000 	 502.00000000 	 -8.72546087 
6.87000000 	 495.00000000 	 -8.37454721 
6.88000000 	 501.00000000 	 -8.67539047 
6.89000000 	 496.00000000 	 -8.42470861 
6.90000000 	 511.00000000 	 -9.16925917 
6.91000000 	 502.00000000 	 -8.72580973 
6.92000000 	 505.00000000 	 -8.87491169 
6.93000000 	 508.00000000 	 -9.02334611 
6.94000000 	 495.00000000 	 -8.37582579 
6.95000000 	 502.00000000 	 -8.72652319 
6.96000000 	 493.00000000 	 -8.27439294 
6.97000000 	 499.00000000 	 -8.57631028 
6.98000000 	 497.00000000 	 -8.47583684 
6.99000000 	 496.00000000 	 -8.42526912 
7.00000000 	 496.00000000 	 -8.42498225 
7.01000000 	 494.00000000 	 -8.32368556 
7.02000000 	 493.00000000 	 -8.27259705 
7.03000000 	 492.00000000 	 -8.22133422 
7.04000000 	 493.00000000 	 -8.27152289 
7.05000000 	 491.00000000 	 -8.16939677 
7.06000000 	 491.00000000 	 -8.16875357 
7.07000000 	 488.00000000 	 -8.01489323 
7.08000000 	 493.00000000 	 -8.26887964 
7.09000000 	 504.00000000 	 -8.82005985 
7.10000000 	 500.00000000 	 -8.62113618 
7.11000000 	 495.00000000 	 -8.36987778 
7.12000000 	 499.00000000 	 -8.57073322 
7.13000000 	 496.00000000 	 -8.41990880 
7.14000000 	 491.00000000 	 -8.16633259 
7.15000000 	 494.00000000 	 -8.31798222 
7.16000000 	 500.00000000 	 -8.61937522 
7.17000000 	 521.00000000 	 -9.64792380 
7.18000000 	 515.00000000 	 -9.35977779 
7.19000000 	 505.00000000 	 -8.87059378 
7.20000000 	 503.00000000 	 -8.77173280 
7.21000000 	 504.00000000 	 -8.82159267 
7.22000000 	 495.00000000 	 -8.37140594 
7.23000000 	 502.00000000 	 -8.72211735 
7.24000000 	 500.00000000 	 -8.62245466 
7.25000000 	 496.00000000 	 -8.42165037 
7.26000000 	 505.00000000 	 -8.87093634 
7.27000000 	 501.00000000 	 -8.67247031 
7.28000000 	 518.00000000 	 -9.50676745 
7.29000000 	 534.00000000 	 -10.26849524 
7.30000000 	 532.00000000 	 -10.17693950 
7.31000000 	 533.00000000 	 -10.22600946 
7.32000000 	 510.00000000 	 -9.12542483 
7.33000000 	 507.00000000 	 -8.97860718 
7.34000000 	 510.00000000 	 -9.12657376 
7.35000000 	 521.00000000 	 -9.66073022 
7.36000000 	 522.00000000 	 -9.71006636 
7.37000000 	 521.00000000 	 -9.66358834 
7.38000000 	 519.00000000 	 -9.56882807 
7.39000000 	 521.00000000 	 -9.66624374 
7.40000000 	 522.00000000 	 -9.71557232 
7.41000000 	 521.00000000 	 -9.66908642 
7.42000000 	 516.00000000 	 -9.42939069 
7.43000000 	 520.00000000 	 -9.62350169 
7.44000000 	 514.00000000 	 -9.33468094 
7.45000000 	 512.00000000 	 -9.23814161 
7.46000000 	 501.00000000 	 -8.69597330 
7.47000000 	 513.00000000 	 -9.28778377 
7.48000000 	 510.00000000 	 -9.14201367 
7.49000000 	 503.00000000 	 -8.79716075 
7.50000000 	 506.00000000 	 -8.94602263 
7.51000000 	 507.00000000 	 -8.99577808 
7.52000000 	 497.00000000 	 -8.49821584 
7.53000000 	 500.00000000 	 -8.64846784 
7.54000000 	 500.00000000 	 -8.64846784 
7.55000000 	 498.00000000 	 -8.54826731 
7.56000000 	 492.00000000 	 -8.24510075 
7.57000000 	 506.00000000 	 -8.94601690 
7.58000000 	 502.00000000 	 -8.74799658 
7.59000000 	 495.00000000 	 -8.39706914 
7.60000000 	 506.00000000 	 -8.94621121 
7.61000000 	 508.00000000 	 -9.04522253 
7.62000000 	 507.00000000 	 -8.99648221 
7.63000000 	 511.00000000 	 -9.19340241 
7.64000000 	 512.00000000 	 -9.24299038 
7.65000000 	 504.00000000 	 -8.85005650 
7.66000000 	 503.00000000 	 -8.80066411 
7.67000000 	 507.00000000 	 -8.99887993 
7.68000000 	 502.00000000 	 -8.75156040 
7.69000000 	 502.00000000 	 -8.75169018 
7.70000000 	 517.00000000 	 -9.48788866 
7.71000000 	 510.00000000 	 -9.14816908 
7.72000000 	 516.00000000 	 -9.44121135 
7.73000000 	 517.00000000 	 -9.49063279 
7.74000000 	 522.00000000 	 -9.73233056 
7.75000000 	 510.00000000 	 -9.15229802 
7.76000000 	 499.00000000 	 -8.60782024 
7.77000000 	 513.00000000 	 -9.29949956 
7.78000000 	 521.00000000 	 -9.68717928 
7.79000000 	 524.00000000 	 -9.83204069 
7.80000000 	 505.00000000 	 -8.91021199 
7.81000000 	 502.00000000 	 -8.76157276 
7.82000000 	 513.00000000 	 -9.30359352 
7.83000000 	 516.00000000 	 -9.45018606 
7.84000000 	 511.00000000 	 -9.20776110 
7.85000000 	 513.00000000 	 -9.30611052 
7.86000000 	 513.00000000 	 -9.30692692 
7.87000000 	 507.00000000 	 -9.01362125 
7.88000000 	 504.00000000 	 -8.86569394 
7.89000000 	 511.00000000 	 -9.21077947 
7.90000000 	 505.00000000 	 -8.91618910 
7.91000000 	 502.00000000 	 -8.76754585 
7.92000000 	 504.00000000 	 -8.86707557 
7.93000000 	 499.00000000 	 -8.61807247 
7.94000000 	 509.00000000 	 -9.11405745 
7.95000000 	 504.00000000 	 -8.86782474 
7.96000000 	 504.00000000 	 -8.86807500 
7.97000000 	 513.00000000 	 -9.31081437 
7.98000000 	 510.00000000 	 -9.16499051 
7.99000000 	 510.00000000 	 -9.16561012 
8.00000000 	 502.00000000 	 -8.77096380 
8.01000000 	 504.00000000 	 -8.87049210 
8.02000000 	 504.00000000 	 -8.87074049 
8.03000000 	 497.00000000 	 -8.52133251 
8.04000000 	 490.00000000 	 -8.16652951 
8.05000000 	 494.00000000 	 -8.36915525 
8.06000000 	 490.00000000 	 -8.16552764 
8.07000000 	 498.00000000 	 -8.56976893 
8.08000000 	 499.00000000 	 -8.61979538 
8.09000000 	 500.00000000 	 -8.66978358 
8.10000000 	 501.00000000 	 -8.71973365 
8.11000000 	 500.00000000 	 -8.66984517 
8.12000000 	 510.00000000 	 -9.16491086 
8.13000000 	 509.00000000 	 -9.11645206 
8.14000000 	 510.00000000 	 -9.16606770 
8.15000000 	 498.00000000 	 -8.57140893 
8.16000000 	 508.00000000 	 -9.06832040 
8.17000000 	 501.00000000 	 -8.72192245 
8.18000000 	 494.00000000 	 -8.37021892 
8.19000000 	 494.00000000 	 -8.36985040 
8.20000000 	 502.00000000 	 -8.77109740 
8.21000000 	 506.00000000 	 -8.96963270 
8.22000000 	 503.00000000 	 -8.82133301 
8.23000000 	 501.00000000 	 -8.72191300 
8.24000000 	 501.00000000 	 -8.72197362 
8.25000000 	 495.00000000 	 -8.42082570 
8.26000000 	 491.00000000 	 -8.21768065 
8.27000000 	 500.00000000 	 -8.67123082 
8.28000000 	 497.00000000 	 -8.52077901 
8.29000000 	 493.00000000 	 -8.31857623 
8.30000000 	 491.00000000 	 -8.21652540 
8.31000000 	 487.00000000 	 -8.01147884 
8.32000000 	 481.00000000 	 -7.70076593 
8.33000000 	 484.00000000 	 -7.85504415 
8.34000000 	 494.00000000 	 -8.36533450 
8.35000000 	 507.00000000 	 -9.01436020 
8.36000000 	 512.00000000 	 -9.26011650 
8.37000000 	 510.00000000 	 -9.16297739 
8.38000000 	 502.00000000 	 -8.76830301 
8.39000000 	 500.00000000 	 -8.66862143 
8.40000000 	 497.00000000 	 -8.51816962 
8.41000000 	 503.00000000 	 -8.81799433 
8.42000000 	 501.00000000 	 -8.71857022 
8.43000000 	 496.00000000 	 -8.46787511 
8.44000000 	 507.00000000 	 -9.01601411 
8.45000000 	 507.00000000 	 -9.01642544 
8.46000000 	 513.00000000 	 -9.31095732 
8.47000000 	 515.00000000 	 -9.40899132 
8.48000000 	 510.00000000 	 -9.16595837 
8.49000000 	 507.00000000 	 -9.01904843 
8.50000000 	 506.00000000 	 -8.97009899 
8.51000000 	 501.00000000 	 -8.72218521 
8.52000000 	 504.00000000 	 -8.87149801 
8.53000000 	 502.00000000 	 -8.77232783 
8.54000000 	 519.00000000 	 -9.60503878 
8.55000000 	 506.00000000 	 -8.97194896 
8.56000000 	 493.00000000 	 -8.32160996 
8.57000000 	 505.00000000 	 -8.92243005 
8.58000000 	 491.00000000 	 -8.21986244 
8.59000000 	 509.00000000 	 -9.11943102 
8.60000000 	 501.00000000 	 -8.72390174 
8.61000000 	 509.00000000 	 -9.12000764 
8.62000000 	 504.00000000 	 -8.87373133 
8.63000000 	 509.00000000 	 -9.12075587 
8.64000000 	 516.00000000 	 -9.46274079 
8.65000000 	 511.00000000 	 -9.22022177 
8.66000000 	 511.00000000 	 -9.22084999 
8.67000000 	 512.00000000 	 -9.27035336 
8.68000000 	 505.00000000 	 -8.92688154 
8.69000000 	 499.00000000 	 -8.62835946 
8.70000000 	 502.00000000 	 -8.77815253 
8.71000000 	 511.00000000 	 -9.22250388 
8.72000000 	 513.00000000 	 -9.32078415 
8.73000000 	 510.00000000 	 -9.17489121 
8.74000000 	 511.00000000 	 -9.22442925 
8.75000000 	 512.00000000 	 -9.27392688 
8.76000000 	 507.00000000 	 -9.02926319 
8.77000000 	 497.00000000 	 -8.53163507 
8.78000000 	 496.00000000 	 -8.48111123 
8.79000000 	 505.00000000 	 -8.93044535 
8.80000000 	 497.00000000 	 -8.53151795 
8.81000000 	 497.00000000 	 -8.53134717 
8.82000000 	 497.00000000 	 -8.53117659 
8.83000000 	 500.00000000 	 -8.68145801 
8.84000000 	 501.00000000 	 -8.73140808 
8.85000000 	 514.00000000 	 -9.37189363 
8.86000000 	 510.00000000 	 -9.17735935 
8.87000000 	 503.00000000 	 -8.83240359 
8.88000000 	 507.00000000 	 -9.03059284 
8.89000000 	 493.00000000 	 -8.33093807 
8.90000000 	 502.00000000 	 -8.78281568 
8.91000000 	 509.00000000 	 -9.12912511 
8.92000000 	 501.00000000 	 -8.73357722 
8.93000000 	 510.00000000 	 -9.17874877 
8.94000000 	 502.00000000 	 -8.78403738 
8.95000000 	 494.00000000 	 -8.38253383 
8.96000000 	 499.00000000 	 -8.63396145 
8.97000000 	 485.00000000 	 -7.92247553 
8.98000000 	 494.00000000 	 -8.38129321 
8.99000000 	 492.00000000 	 -8.27953747 
9.00000000 	 492.00000000 	 -8.27908944 
9.01000000 	 484.00000000 	 -7.86879665 
9.02000000 	 477.00000000 	 -7.50368483 
9.03000000 	 485.00000000 	 -7.91819108 
9.04000000 	 493.00000000 	 -8.32635581 
9.05000000 	 486.00000000 	 -7.96845259 
9.06000000 	 490.00000000 	 -8.17258812 
9.07000000 	 498.00000000 	 -8.57689841 
9.08000000 	 498.00000000 	 -8.57678806 
9.09000000 	 499.00000000 	 -8.62682829 
9.10000000 	 489.00000000 	 -8.12068314 
9.11000000 	 479.00000000 	 -7.60352536 
9.12000000 	 486.00000000 	 -7.96504983 
9.13000000 	 484.00000000 	 -7.86117926 
9.14000000 	 488.00000000 	 -8.06605216 
9.15000000 	 494.00000000 	 -8.37089120 
9.16000000 	 506.00000000 	 -8.97059052 
9.17000000 	 510.00000000 	 -9.16776713 
9.18000000 	 511.00000000 	 -9.21727803 
9.19000000 	 506.00000000 	 -8.97204700 
9.20000000 	 507.00000000 	 -9.02172950 
9.21000000 	 508.00000000 	 -9.07136799 
9.22000000 	 503.00000000 	 -8.82451646 
9.23000000 	 500.00000000 	 -8.67512669 
9.24000000 	 497.00000000 	 -8.52467488 
9.25000000 	 495.00000000 	 -8.42370564 
9.26000000 	 488.00000000 	 -8.06737539 
9.27000000 	 480.00000000 	 -7.65348770 
9.28000000 	 478.00000000 	 -7.54800368 
9.29000000 	 483.00000000 	 -7.80694080 
9.30000000 	 484.00000000 	 -7.85771725 
9.31000000 	 485.00000000 	 -7.90844352 
9.32000000 	 491.00000000 	 -8.21500740 
9.33000000 	 481.00000000 	 -7.70009925 
9.34000000 	 493.00000000 	 -8.31510989 
9.35000000 	 501.00000000 	 -8.71715609 
9.36000000 	 506.00000000 	 -8.96547366 
9.37000000 	 500.00000000 	 -8.66757765 
9.38000000 	 501.00000000 	 -8.71752772 
9.39000000 	 506.00000000 	 -8.96584512 
9.40000000 	 516.00000000 	 -9.45541477 
9.41000000 	 507.00000000 	 -9.01635756 
9.42000000 	 492.00000000 	 -8.26591936 
9.43000000 	 489.00000000 	 -8.11258608 
9.44000000 	 489.00000000 	 -8.11199694 
9.45000000 	 487.00000000 	 -8.00894928 
9.46000000 	 487.00000000 	 -8.00825308 
9.47000000 	 493.00000000 	 -8.31368390 
9.48000000 	 491.00000000 	 -8.21168593 
9.49000000 	 490.00000000 	 -8.16023901 
9.50000000 	 481.00000000 	 -7.69625434 
9.51000000 	 490.00000000 	 -8.15868894 
9.52000000 	 481.00000000 	 -7.69470538 
9.53000000 	 486.00000000 	 -7.95222294 
9.54000000 	 490.00000000 	 -8.15639790 
9.55000000 	 494.00000000 	 -8.35912218 
9.56000000 	 497.00000000 	 -8.51016920 
9.57000000 	 493.00000000 	 -8.30799069 
9.58000000 	 500.00000000 	 -8.66009587 
9.59000000 	 494.00000000 	 -8.35828134 
9.60000000 	 506.00000000 	 -8.95799575 
9.61000000 	 507.00000000 	 -9.00766443 
9.62000000 	 508.00000000 	 -9.05728683 
9.63000000 	 509.00000000 	 -9.10686313 
9.64000000 	 497.00000000 	 -8.51087603 
9.65000000 	 506.00000000 	 -8.95938620 
9.66000000 	 501.00000000 	 -8.71143070 
9.67000000 	 499.00000000 	 -8.61148222 
9.68000000 	 498.00000000 	 -8.56128005 
9.69000000 	 495.00000000 	 -8.41011878 
9.70000000 	 509.00000000 	 -9.10711610 
9.71000000 	 511.00000000 	 -9.20561476 
9.72000000 	 511.00000000 	 -9.20617447 
9.73000000 	 505.00000000 	 -8.91145458 
9.74000000 	 500.00000000 	 -8.66295171 
9.75000000 	 495.00000000 	 -8.41169332 
9.76000000 	 509.00000000 	 -9.10869223 
9.77000000 	 515.00000000 	 -9.40212083 
9.78000000 	 512.00000000 	 -9.25681953 
9.79000000 	 505.00000000 	 -8.91327027 
9.80000000 	 505.00000000 	 -8.91352410 
9.81000000 	 500.00000000 	 -8.66501941 
9.82000000 	 489.00000000 	 -8.10887918 
9.83000000 	 509.00000000 	 -9.11045160 
9.84000000 	 504.00000000 	 -8.86411114 
9.85000000 	 508.00000000 	 -9.06194287 
9.86000000 	 510.00000000 	 -9.16057729 
9.87000000 	 503.00000000 	 -8.81556498 
9.88000000 	 499.00000000 	 -8.61611449 
9.89000000 	 491.00000000 	 -8.21201469 
9.90000000 	 498.00000000 	 -8.56545473 
9.91000000 	 497.00000000 	 -8.51510235 
9.92000000 	 500.00000000 	 -8.66540249 
9.93000000 	 503.00000000 	 -8.81495428 
9.94000000 	 502.00000000 	 -8.76535348 
9.95000000 	 504.00000000 	 -8.86485749 
9.96000000 	 505.00000000 	 -8.91461152 
9.97000000 	 511.00000000 	 -9.21014005 
9.98000000 	 518.00000000 	 -9.55082648 
9.99000000 	 507.00000000 	 -9.01510558 
