0.00000000 	 0.00000000 	 0.00000000 	 0.00000000 
0.00500000 	 149.13632892 	 0.03384771 	 4.03098949 
0.01000000 	 517.76427050 	 0.02761287 	 4.03129042 
0.01500000 	 916.61480784 	 0.02091783 	 4.03151840 
0.02000000 	 1211.20691798 	 0.01574952 	 4.03169006 
0.02500000 	 1350.29268678 	 0.01327336 	 4.03183474 
0.03000000 	 1340.49064529 	 0.01368591 	 4.03198392 
0.03500000 	 1213.99686905 	 0.01626705 	 4.03216124 
0.04000000 	 1017.72330463 	 0.01990381 	 4.03237822 
0.04500000 	 811.41659180 	 0.02358622 	 4.03263535 
0.05000000 	 653.77756251 	 0.02636676 	 4.03292281 
0.05500000 	 581.62792787 	 0.02756509 	 4.03322336 
0.06000000 	 597.66120727 	 0.02700912 	 4.03351786 
0.06500000 	 672.60483565 	 0.02514390 	 4.03379205 
0.07000000 	 761.00446428 	 0.02292585 	 4.03404207 
0.07500000 	 821.50206555 	 0.02127468 	 4.03427410 
0.08000000 	 830.63085944 	 0.02071177 	 4.03450000 
0.08500000 	 788.13033313 	 0.02123711 	 4.03473165 
0.09000000 	 714.25803691 	 0.02238160 	 4.03497579 
0.09500000 	 641.39604868 	 0.02354992 	 4.03523269 
0.10000000 	 602.27568304 	 0.02407949 	 4.03549538 
0.10500000 	 617.45313732 	 0.02366603 	 4.03575358 
0.11000000 	 685.41938100 	 0.02236330 	 4.03599759 
0.11500000 	 783.03325237 	 0.02050952 	 4.03622138 
0.12000000 	 877.71803891 	 0.01867490 	 4.03642516 
0.12500000 	 942.21022350 	 0.01741106 	 4.03661517 
0.13000000 	 962.95074999 	 0.01700400 	 4.03680074 
0.13500000 	 940.69608394 	 0.01746507 	 4.03699135 
0.14000000 	 887.18576794 	 0.01865309 	 4.03719493 
0.14500000 	 819.53726534 	 0.02001998 	 4.03741345 
0.15000000 	 756.52134892 	 0.02111881 	 4.03764397 
0.15500000 	 716.24462879 	 0.02168945 	 4.03788073 
0.16000000 	 709.73878667 	 0.02162364 	 4.03811679 
0.16500000 	 734.12277854 	 0.02100822 	 4.03834614 
0.17000000 	 773.95480923 	 0.02010612 	 4.03856566 
0.17500000 	 810.33663885 	 0.01916619 	 4.03877492 
0.18000000 	 829.63434387 	 0.01842199 	 4.03897608 
0.18500000 	 828.18608581 	 0.01813443 	 4.03917410 
0.19000000 	 811.18429331 	 0.01830689 	 4.03937401 
0.19500000 	 787.78748501 	 0.01871339 	 4.03957838 
0.20000000 	 766.87748257 	 0.01906204 	 4.03978656 
0.20500000 	 754.23137553 	 0.01918612 	 4.03999611 
0.21000000 	 751.40845074 	 0.01910229 	 4.04020475 
0.21500000 	 755.87332646 	 0.01892228 	 4.04041144 
0.22000000 	 762.89468264 	 0.01869626 	 4.04061567 
0.22500000 	 768.48326250 	 0.01851221 	 4.04081789 
0.23000000 	 770.91074852 	 0.01835142 	 4.04101838 
0.23500000 	 769.76358310 	 0.01829681 	 4.04121827 
0.24000000 	 766.68998505 	 0.01833125 	 4.04141856 
0.24500000 	 767.03247471 	 0.01831500 	 4.04161867 
0.25000000 	 776.64501424 	 0.01807234 	 4.04181614 
0.25500000 	 795.72683063 	 0.01763942 	 4.04200889 
0.26000000 	 817.47564446 	 0.01719019 	 4.04219675 
0.26500000 	 833.61422304 	 0.01682010 	 4.04238056 
0.27000000 	 840.68991162 	 0.01660525 	 4.04256204 
0.27500000 	 840.36104775 	 0.01655630 	 4.04274299 
0.28000000 	 834.29693196 	 0.01664358 	 4.04292490 
0.28500000 	 820.65279966 	 0.01682079 	 4.04310876 
0.29000000 	 796.14216378 	 0.01715905 	 4.04329632 
0.29500000 	 761.76471547 	 0.01764990 	 4.04348926 
0.30000000 	 726.41187106 	 0.01816327 	 4.04368782 
0.30500000 	 703.74629272 	 0.01847044 	 4.04388974 
0.31000000 	 702.55085485 	 0.01845807 	 4.04409154 
0.31500000 	 720.00369527 	 0.01816436 	 4.04429014 
0.32000000 	 744.63426871 	 0.01766975 	 4.04448335 
0.32500000 	 764.65544526 	 0.01716090 	 4.04467099 
0.33000000 	 774.37960012 	 0.01669123 	 4.04485351 
0.33500000 	 775.68985947 	 0.01628690 	 4.04503162 
0.34000000 	 774.52612408 	 0.01594016 	 4.04520594 
0.34500000 	 776.54887469 	 0.01574233 	 4.04537811 
0.35000000 	 783.91739319 	 0.01567591 	 4.04554956 
0.35500000 	 794.81139752 	 0.01559952 	 4.04572017 
0.36000000 	 805.76816179 	 0.01547866 	 4.04588948 
0.36500000 	 813.27588912 	 0.01538303 	 4.04605774 
0.37000000 	 814.64893932 	 0.01546425 	 4.04622690 
0.37500000 	 808.96130836 	 0.01574162 	 4.04639911 
0.38000000 	 798.33942718 	 0.01610390 	 4.04657528 
0.38500000 	 787.47918842 	 0.01634571 	 4.04675410 
0.39000000 	 781.39715919 	 0.01643562 	 4.04693392 
0.39500000 	 782.56502848 	 0.01634132 	 4.04711271 
0.40000000 	 789.57105952 	 0.01607022 	 4.04728855 
0.40500000 	 799.16769944 	 0.01562505 	 4.04745952 
0.41000000 	 808.31088514 	 0.01516690 	 4.04762549 
0.41500000 	 814.26802827 	 0.01472635 	 4.04778664 
0.42000000 	 813.67451722 	 0.01435706 	 4.04794375 
0.42500000 	 802.45330647 	 0.01427117 	 4.04809994 
0.43000000 	 778.34760545 	 0.01451794 	 4.04825883 
0.43500000 	 743.42756556 	 0.01500373 	 4.04842304 
0.44000000 	 705.46456558 	 0.01552286 	 4.04859294 
0.44500000 	 677.19123250 	 0.01588662 	 4.04876683 
0.45000000 	 670.56308986 	 0.01597905 	 4.04894174 
0.45500000 	 688.65426506 	 0.01564669 	 4.04911302 
0.46000000 	 723.56550922 	 0.01498956 	 4.04927711 
0.46500000 	 762.79067582 	 0.01427466 	 4.04943338 
0.47000000 	 796.41016726 	 0.01371660 	 4.04958355 
0.47500000 	 819.87434435 	 0.01337342 	 4.04972997 
0.48000000 	 833.64696464 	 0.01312234 	 4.04987364 
0.48500000 	 840.78533245 	 0.01295482 	 4.05001548 
0.49000000 	 843.89277816 	 0.01287283 	 4.05015644 
0.49500000 	 842.95517698 	 0.01291540 	 4.05029786 
0.50000000 	 836.11748232 	 0.01308987 	 4.05044119 
0.50500000 	 822.66578615 	 0.01329156 	 4.05058675 
0.51000000 	 803.92212612 	 0.01344266 	 4.05073396 
0.51500000 	 783.03537139 	 0.01353029 	 4.05088213 
0.52000000 	 765.37235797 	 0.01354290 	 4.05103045 
0.52500000 	 757.16799102 	 0.01342489 	 4.05117749 
0.53000000 	 760.32713511 	 0.01319796 	 4.05132204 
0.53500000 	 768.99951107 	 0.01301058 	 4.05146455 
0.54000000 	 773.11845270 	 0.01291095 	 4.05160596 
0.54500000 	 765.83851259 	 0.01298539 	 4.05174820 
0.55000000 	 749.37911121 	 0.01325858 	 4.05189344 
0.55500000 	 733.55296266 	 0.01360774 	 4.05204251 
0.56000000 	 727.96616331 	 0.01388310 	 4.05219460 
0.56500000 	 735.93064017 	 0.01392443 	 4.05234715 
0.57000000 	 753.49928076 	 0.01363851 	 4.05249657 
0.57500000 	 772.69049171 	 0.01316222 	 4.05264077 
0.58000000 	 786.66297743 	 0.01267630 	 4.05277966 
0.58500000 	 793.04845382 	 0.01238134 	 4.05291533 
0.59000000 	 793.34373986 	 0.01231904 	 4.05305031 
0.59500000 	 789.43026714 	 0.01238667 	 4.05318604 
0.60000000 	 780.62452325 	 0.01254249 	 4.05332348 
0.60500000 	 765.07448340 	 0.01280679 	 4.05346382 
0.61000000 	 744.10203636 	 0.01321675 	 4.05360866 
0.61500000 	 723.92762420 	 0.01363459 	 4.05375809 
0.62000000 	 712.91911324 	 0.01384624 	 4.05390984 
0.62500000 	 716.47880227 	 0.01366447 	 4.05405960 
0.63000000 	 734.14304394 	 0.01318289 	 4.05420409 
0.63500000 	 761.25777234 	 0.01256130 	 4.05434177 
0.64000000 	 791.30390226 	 0.01190469 	 4.05447226 
0.64500000 	 816.50145289 	 0.01130242 	 4.05459616 
0.65000000 	 829.34808627 	 0.01092119 	 4.05471587 
0.65500000 	 824.96180395 	 0.01087840 	 4.05483512 
0.66000000 	 803.92799880 	 0.01115363 	 4.05495739 
0.66500000 	 773.54032532 	 0.01163327 	 4.05508493 
0.67000000 	 744.66799395 	 0.01209710 	 4.05521755 
0.67500000 	 726.97574980 	 0.01237075 	 4.05535318 
0.68000000 	 725.67354155 	 0.01233775 	 4.05548845 
0.68500000 	 739.80807961 	 0.01200242 	 4.05562005 
0.69000000 	 762.05427013 	 0.01146425 	 4.05574575 
0.69500000 	 783.05693751 	 0.01093256 	 4.05586562 
0.70000000 	 797.50132381 	 0.01058862 	 4.05598173 
0.70500000 	 805.93373590 	 0.01042929 	 4.05609609 
0.71000000 	 811.55648937 	 0.01036312 	 4.05620974 
0.71500000 	 815.54052782 	 0.01036065 	 4.05632335 
0.72000000 	 815.26018876 	 0.01044533 	 4.05643790 
0.72500000 	 807.87704355 	 0.01058959 	 4.05655404 
0.73000000 	 794.50886298 	 0.01076595 	 4.05667211 
0.73500000 	 779.82279099 	 0.01101685 	 4.05679293 
0.74000000 	 767.35638816 	 0.01124367 	 4.05691625 
0.74500000 	 756.87939901 	 0.01142600 	 4.05704157 
0.75000000 	 746.92016722 	 0.01155513 	 4.05716832 
0.75500000 	 737.39268005 	 0.01162590 	 4.05729584 
0.76000000 	 729.55297485 	 0.01163140 	 4.05742343 
0.76500000 	 724.69723250 	 0.01160821 	 4.05755076 
0.77000000 	 723.18593610 	 0.01159942 	 4.05767801 
0.77500000 	 725.09278885 	 0.01164408 	 4.05780574 
0.78000000 	 731.07329272 	 0.01165113 	 4.05793356 
0.78500000 	 741.45130140 	 0.01149031 	 4.05805962 
0.79000000 	 755.28210405 	 0.01115667 	 4.05818203 
0.79500000 	 770.94177583 	 0.01078899 	 4.05830040 
0.80000000 	 786.73383814 	 0.01045864 	 4.05841515 
0.80500000 	 800.92322240 	 0.01016997 	 4.05852673 
0.81000000 	 811.53922360 	 0.00989292 	 4.05863528 
0.81500000 	 816.64948929 	 0.00963369 	 4.05874099 
0.82000000 	 815.55892446 	 0.00944557 	 4.05884464 
0.82500000 	 808.38134865 	 0.00938799 	 4.05894766 
0.83000000 	 795.46451491 	 0.00949622 	 4.05905186 
0.83500000 	 779.03699943 	 0.00970115 	 4.05915832 
0.84000000 	 763.96833467 	 0.00989416 	 4.05926690 
0.84500000 	 754.75220762 	 0.01006482 	 4.05937736 
0.85000000 	 751.64541929 	 0.01020962 	 4.05948941 
0.85500000 	 751.66407468 	 0.01023356 	 4.05960172 
0.86000000 	 752.16275008 	 0.01011498 	 4.05971274 
0.86500000 	 752.84241122 	 0.00993465 	 4.05982177 
0.87000000 	 755.26594729 	 0.00973694 	 4.05992865 
0.87500000 	 759.60352890 	 0.00954815 	 4.06003345 
0.88000000 	 762.48809053 	 0.00938308 	 4.06013644 
0.88500000 	 759.42817383 	 0.00935436 	 4.06023912 
0.89000000 	 749.03808218 	 0.00960170 	 4.06034452 
0.89500000 	 735.22751742 	 0.00992676 	 4.06045349 
0.90000000 	 725.78381316 	 0.01014137 	 4.06056482 
0.90500000 	 727.28869268 	 0.01006295 	 4.06067529 
0.91000000 	 740.60383020 	 0.00972945 	 4.06078210 
0.91500000 	 760.59342809 	 0.00929462 	 4.06088414 
0.92000000 	 778.92241413 	 0.00891881 	 4.06098206 
0.92500000 	 788.92304586 	 0.00872981 	 4.06107791 
0.93000000 	 789.83226135 	 0.00867484 	 4.06117315 
0.93500000 	 786.65498587 	 0.00871773 	 4.06126887 
0.94000000 	 785.34200615 	 0.00875739 	 4.06136502 
0.94500000 	 788.03113968 	 0.00867589 	 4.06146028 
0.95000000 	 792.01126635 	 0.00851433 	 4.06155377 
0.95500000 	 791.62075990 	 0.00846237 	 4.06164669 
0.96000000 	 782.04225798 	 0.00866323 	 4.06174182 
0.96500000 	 763.46877192 	 0.00908808 	 4.06184162 
0.97000000 	 741.45642143 	 0.00961093 	 4.06194716 
0.97500000 	 723.70982535 	 0.00998896 	 4.06205686 
0.98000000 	 717.17431685 	 0.01007339 	 4.06216748 
0.98500000 	 724.93006916 	 0.00993472 	 4.06227659 
0.99000000 	 743.30759484 	 0.00959435 	 4.06238196 
0.99500000 	 763.97699877 	 0.00915641 	 4.06248252 
1.00000000 	 778.76044941 	 0.00870199 	 4.06257810 
