0.0000 	 -1.9630 	 1.4434 	 4.7784 	 0.0000 
0.0005 	 -1.9664 	 1.4380 	 4.7750 	 0.0000 
0.0010 	 -1.9696 	 1.4325 	 4.7716 	 0.0001 
0.0015 	 -1.9727 	 1.4269 	 4.7683 	 0.0002 
0.0020 	 -1.9756 	 1.4214 	 4.7650 	 0.0004 
0.0025 	 -1.9783 	 1.4158 	 4.7618 	 0.0006 
0.0030 	 -1.9808 	 1.4102 	 4.7587 	 0.0008 
0.0035 	 -1.9831 	 1.4045 	 4.7556 	 0.0011 
0.0040 	 -1.9853 	 1.3988 	 4.7526 	 0.0014 
0.0045 	 -1.9873 	 1.3932 	 4.7496 	 0.0018 
0.0050 	 -1.9890 	 1.3875 	 4.7468 	 0.0022 
0.0055 	 -1.9906 	 1.3818 	 4.7440 	 0.0027 
0.0060 	 -1.9920 	 1.3760 	 4.7413 	 0.0032 
0.0065 	 -1.9932 	 1.3703 	 4.7387 	 0.0037 
0.0070 	 -1.9942 	 1.3646 	 4.7362 	 0.0043 
0.0075 	 -1.9950 	 1.3589 	 4.7338 	 0.0049 
0.0080 	 -1.9957 	 1.3532 	 4.7314 	 0.0056 
0.0085 	 -1.9961 	 1.3474 	 4.7292 	 0.0063 
0.0090 	 -1.9964 	 1.3417 	 4.7271 	 0.0071 
0.0095 	 -1.9964 	 1.3360 	 4.7251 	 0.0079 
0.0100 	 -1.9963 	 1.3304 	 4.7232 	 0.0087 
0.0105 	 -1.9960 	 1.3247 	 4.7214 	 0.0096 
0.0110 	 -1.9955 	 1.3191 	 4.7197 	 0.0105 
0.0115 	 -1.9948 	 1.3134 	 4.7181 	 0.0115 
0.0120 	 -1.9939 	 1.3079 	 4.7166 	 0.0125 
0.0125 	 -1.9928 	 1.3023 	 4.7153 	 0.0135 
0.0130 	 -1.9916 	 1.2968 	 4.7140 	 0.0146 
0.0135 	 -1.9902 	 1.2913 	 4.7129 	 0.0157 
0.0140 	 -1.9886 	 1.2858 	 4.7119 	 0.0169 
0.0145 	 -1.9868 	 1.2804 	 4.7110 	 0.0181 
0.0150 	 -1.9848 	 1.2751 	 4.7103 	 0.0193 
0.0155 	 -1.9827 	 1.2698 	 4.7097 	 0.0206 
0.0160 	 -1.9804 	 1.2645 	 4.7091 	 0.0219 
0.0165 	 -1.9780 	 1.2593 	 4.7087 	 0.0232 
0.0170 	 -1.9753 	 1.2541 	 4.7085 	 0.0246 
0.0175 	 -1.9726 	 1.2490 	 4.7083 	 0.0260 
0.0180 	 -1.9696 	 1.2439 	 4.7083 	 0.0274 
0.0185 	 -1.9665 	 1.2389 	 4.7084 	 0.0289 
0.0190 	 -1.9633 	 1.2340 	 4.7086 	 0.0304 
0.0195 	 -1.9599 	 1.2291 	 4.7089 	 0.0320 
0.0200 	 -1.9564 	 1.2242 	 4.7093 	 0.0335 
0.0205 	 -1.9527 	 1.2195 	 4.7099 	 0.0351 
0.0210 	 -1.9489 	 1.2148 	 4.7105 	 0.0368 
0.0215 	 -1.9449 	 1.2101 	 4.7113 	 0.0384 
0.0220 	 -1.9408 	 1.2055 	 4.7122 	 0.0401 
0.0225 	 -1.9366 	 1.2010 	 4.7132 	 0.0419 
0.0230 	 -1.9323 	 1.1966 	 4.7142 	 0.0436 
0.0235 	 -1.9278 	 1.1922 	 4.7154 	 0.0454 
0.0240 	 -1.9233 	 1.1879 	 4.7167 	 0.0472 
0.0245 	 -1.9186 	 1.1836 	 4.7181 	 0.0490 
0.0250 	 -1.9138 	 1.1795 	 4.7196 	 0.0509 
0.0255 	 -1.9090 	 1.1753 	 4.7212 	 0.0528 
0.0260 	 -1.9040 	 1.1713 	 4.7228 	 0.0547 
0.0265 	 -1.8989 	 1.1673 	 4.7246 	 0.0566 
0.0270 	 -1.8938 	 1.1634 	 4.7264 	 0.0585 
0.0275 	 -1.8886 	 1.1595 	 4.7283 	 0.0605 
0.0280 	 -1.8833 	 1.1557 	 4.7303 	 0.0625 
0.0285 	 -1.8779 	 1.1520 	 4.7324 	 0.0645 
0.0290 	 -1.8724 	 1.1484 	 4.7345 	 0.0666 
0.0295 	 -1.8669 	 1.1448 	 4.7367 	 0.0686 
0.0300 	 -1.8614 	 1.1412 	 4.7390 	 0.0707 
0.0305 	 -1.8558 	 1.1378 	 4.7413 	 0.0728 
0.0310 	 -1.8501 	 1.1344 	 4.7437 	 0.0749 
0.0315 	 -1.8444 	 1.1310 	 4.7462 	 0.0771 
0.0320 	 -1.8387 	 1.1277 	 4.7487 	 0.0792 
0.0325 	 -1.8329 	 1.1245 	 4.7512 	 0.0814 
0.0330 	 -1.8271 	 1.1214 	 4.7538 	 0.0835 
0.0335 	 -1.8213 	 1.1183 	 4.7565 	 0.0857 
0.0340 	 -1.8155 	 1.1152 	 4.7592 	 0.0880 
0.0345 	 -1.8097 	 1.1123 	 4.7619 	 0.0902 
0.0350 	 -1.8038 	 1.1094 	 4.7647 	 0.0924 
0.0355 	 -1.7980 	 1.1065 	 4.7674 	 0.0947 
0.0360 	 -1.7922 	 1.1037 	 4.7703 	 0.0969 
0.0365 	 -1.7864 	 1.1010 	 4.7731 	 0.0992 
0.0370 	 -1.7806 	 1.0983 	 4.7760 	 0.1015 
0.0375 	 -1.7748 	 1.0956 	 4.7788 	 0.1038 
0.0380 	 -1.7691 	 1.0931 	 4.7817 	 0.1061 
0.0385 	 -1.7634 	 1.0906 	 4.7846 	 0.1084 
0.0390 	 -1.7577 	 1.0881 	 4.7876 	 0.1107 
0.0395 	 -1.7521 	 1.0857 	 4.7905 	 0.1130 
0.0400 	 -1.7466 	 1.0834 	 4.7934 	 0.1154 
0.0405 	 -1.7411 	 1.0811 	 4.7963 	 0.1177 
0.0410 	 -1.7356 	 1.0788 	 4.7993 	 0.1200 
0.0415 	 -1.7303 	 1.0766 	 4.8022 	 0.1224 
0.0420 	 -1.7250 	 1.0745 	 4.8051 	 0.1248 
0.0425 	 -1.7198 	 1.0724 	 4.8080 	 0.1271 
0.0430 	 -1.7148 	 1.0704 	 4.8109 	 0.1295 
0.0435 	 -1.7098 	 1.0684 	 4.8138 	 0.1318 
0.0440 	 -1.7049 	 1.0665 	 4.8166 	 0.1342 
0.0445 	 -1.7001 	 1.0647 	 4.8194 	 0.1366 
0.0450 	 -1.6954 	 1.0629 	 4.8222 	 0.1390 
0.0455 	 -1.6909 	 1.0611 	 4.8250 	 0.1413 
0.0460 	 -1.6865 	 1.0594 	 4.8278 	 0.1437 
0.0465 	 -1.6822 	 1.0578 	 4.8305 	 0.1461 
0.0470 	 -1.6781 	 1.0562 	 4.8332 	 0.1485 
0.0475 	 -1.6741 	 1.0547 	 4.8358 	 0.1509 
0.0480 	 -1.6702 	 1.0532 	 4.8384 	 0.1532 
0.0485 	 -1.6665 	 1.0518 	 4.8410 	 0.1556 
0.0490 	 -1.6630 	 1.0504 	 4.8435 	 0.1580 
0.0495 	 -1.6597 	 1.0491 	 4.8460 	 0.1604 
0.0500 	 -1.6565 	 1.0479 	 4.8484 	 0.1627 
0.0505 	 -1.6535 	 1.0467 	 4.8508 	 0.1651 
0.0510 	 -1.6507 	 1.0456 	 4.8531 	 0.1675 
0.0515 	 -1.6480 	 1.0445 	 4.8554 	 0.1698 
0.0520 	 -1.6456 	 1.0435 	 4.8576 	 0.1722 
0.0525 	 -1.6434 	 1.0426 	 4.8598 	 0.1745 
0.0530 	 -1.6414 	 1.0417 	 4.8619 	 0.1769 
0.0535 	 -1.6396 	 1.0409 	 4.8639 	 0.1792 
0.0540 	 -1.6380 	 1.0402 	 4.8659 	 0.1816 
0.0545 	 -1.6366 	 1.0395 	 4.8678 	 0.1839 
0.0550 	 -1.6354 	 1.0389 	 4.8696 	 0.1862 
0.0555 	 -1.6345 	 1.0384 	 4.8714 	 0.1886 
0.0560 	 -1.6338 	 1.0379 	 4.8731 	 0.1909 
0.0565 	 -1.6333 	 1.0375 	 4.8747 	 0.1932 
0.0570 	 -1.6330 	 1.0372 	 4.8763 	 0.1955 
0.0575 	 -1.6330 	 1.0369 	 4.8778 	 0.1978 
0.0580 	 -1.6332 	 1.0367 	 4.8792 	 0.2001 
0.0585 	 -1.6336 	 1.0366 	 4.8806 	 0.2024 
0.0590 	 -1.6343 	 1.0365 	 4.8819 	 0.2046 
0.0595 	 -1.6352 	 1.0365 	 4.8831 	 0.2069 
0.0600 	 -1.6364 	 1.0366 	 4.8843 	 0.2092 
0.0605 	 -1.6378 	 1.0367 	 4.8853 	 0.2114 
0.0610 	 -1.6394 	 1.0369 	 4.8863 	 0.2136 
0.0615 	 -1.6413 	 1.0372 	 4.8873 	 0.2159 
0.0620 	 -1.6433 	 1.0375 	 4.8881 	 0.2181 
0.0625 	 -1.6457 	 1.0379 	 4.8889 	 0.2203 
0.0630 	 -1.6482 	 1.0384 	 4.8897 	 0.2225 
0.0635 	 -1.6510 	 1.0389 	 4.8903 	 0.2247 
0.0640 	 -1.6540 	 1.0395 	 4.8909 	 0.2269 
0.0645 	 -1.6572 	 1.0401 	 4.8915 	 0.2291 
0.0650 	 -1.6606 	 1.0408 	 4.8919 	 0.2312 
0.0655 	 -1.6642 	 1.0416 	 4.8923 	 0.2334 
0.0660 	 -1.6681 	 1.0424 	 4.8927 	 0.2355 
0.0665 	 -1.6721 	 1.0433 	 4.8930 	 0.2377 
0.0670 	 -1.6764 	 1.0442 	 4.8932 	 0.2398 
0.0675 	 -1.6808 	 1.0451 	 4.8933 	 0.2419 
0.0680 	 -1.6854 	 1.0462 	 4.8935 	 0.2440 
0.0685 	 -1.6902 	 1.0472 	 4.8935 	 0.2461 
0.0690 	 -1.6952 	 1.0483 	 4.8935 	 0.2482 
0.0695 	 -1.7004 	 1.0495 	 4.8935 	 0.2503 
0.0700 	 -1.7057 	 1.0507 	 4.8934 	 0.2524 
0.0705 	 -1.7113 	 1.0519 	 4.8932 	 0.2544 
0.0710 	 -1.7169 	 1.0532 	 4.8931 	 0.2565 
0.0715 	 -1.7227 	 1.0545 	 4.8928 	 0.2585 
0.0720 	 -1.7287 	 1.0559 	 4.8926 	 0.2605 
0.0725 	 -1.7348 	 1.0572 	 4.8922 	 0.2626 
0.0730 	 -1.7410 	 1.0587 	 4.8919 	 0.2646 
0.0735 	 -1.7474 	 1.0601 	 4.8915 	 0.2666 
0.0740 	 -1.7539 	 1.0616 	 4.8911 	 0.2686 
0.0745 	 -1.7605 	 1.0631 	 4.8906 	 0.2705 
0.0750 	 -1.7672 	 1.0646 	 4.8901 	 0.2725 
0.0755 	 -1.7741 	 1.0661 	 4.8896 	 0.2745 
0.0760 	 -1.7810 	 1.0677 	 4.8891 	 0.2764 
0.0765 	 -1.7881 	 1.0693 	 4.8885 	 0.2783 
0.0770 	 -1.7952 	 1.0709 	 4.8879 	 0.2803 
0.0775 	 -1.8024 	 1.0725 	 4.8873 	 0.2822 
0.0780 	 -1.8097 	 1.0741 	 4.8867 	 0.2841 
0.0785 	 -1.8171 	 1.0758 	 4.8860 	 0.2860 
0.0790 	 -1.8246 	 1.0775 	 4.8853 	 0.2879 
0.0795 	 -1.8321 	 1.0791 	 4.8847 	 0.2897 
0.0800 	 -1.8397 	 1.0808 	 4.8840 	 0.2916 
0.0805 	 -1.8473 	 1.0825 	 4.8833 	 0.2935 
0.0810 	 -1.8550 	 1.0842 	 4.8825 	 0.2953 
0.0815 	 -1.8628 	 1.0859 	 4.8818 	 0.2972 
0.0820 	 -1.8706 	 1.0876 	 4.8811 	 0.2990 
0.0825 	 -1.8784 	 1.0894 	 4.8803 	 0.3008 
0.0830 	 -1.8863 	 1.0911 	 4.8796 	 0.3026 
0.0835 	 -1.8942 	 1.0928 	 4.8788 	 0.3044 
0.0840 	 -1.9021 	 1.0946 	 4.8781 	 0.3062 
0.0845 	 -1.9101 	 1.0963 	 4.8773 	 0.3080 
0.0850 	 -1.9181 	 1.0980 	 4.8766 	 0.3098 
0.0855 	 -1.9261 	 1.0998 	 4.8759 	 0.3115 
0.0860 	 -1.9341 	 1.1015 	 4.8751 	 0.3133 
0.0865 	 -1.9421 	 1.1032 	 4.8744 	 0.3151 
0.0870 	 -1.9501 	 1.1050 	 4.8737 	 0.3168 
0.0875 	 -1.9581 	 1.1067 	 4.8730 	 0.3185 
0.0880 	 -1.9661 	 1.1084 	 4.8722 	 0.3203 
0.0885 	 -1.9742 	 1.1102 	 4.8715 	 0.3220 
0.0890 	 -1.9822 	 1.1119 	 4.8709 	 0.3237 
0.0895 	 -1.9902 	 1.1136 	 4.8702 	 0.3254 
0.0900 	 -1.9982 	 1.1153 	 4.8695 	 0.3271 
0.0905 	 -2.0062 	 1.1171 	 4.8689 	 0.3288 
0.0910 	 -2.0142 	 1.1188 	 4.8682 	 0.3304 
0.0915 	 -2.0221 	 1.1205 	 4.8676 	 0.3321 
0.0920 	 -2.0301 	 1.1222 	 4.8670 	 0.3338 
0.0925 	 -2.0380 	 1.1239 	 4.8664 	 0.3354 
0.0930 	 -2.0459 	 1.1256 	 4.8658 	 0.3371 
0.0935 	 -2.0537 	 1.1273 	 4.8652 	 0.3387 
0.0940 	 -2.0616 	 1.1291 	 4.8647 	 0.3404 
0.0945 	 -2.0694 	 1.1308 	 4.8641 	 0.3420 
0.0950 	 -2.0772 	 1.1325 	 4.8636 	 0.3436 
0.0955 	 -2.0849 	 1.1342 	 4.8631 	 0.3453 
0.0960 	 -2.0926 	 1.1359 	 4.8626 	 0.3469 
0.0965 	 -2.1003 	 1.1376 	 4.8622 	 0.3485 
0.0970 	 -2.1080 	 1.1394 	 4.8617 	 0.3501 
0.0975 	 -2.1156 	 1.1411 	 4.8613 	 0.3517 
0.0980 	 -2.1231 	 1.1428 	 4.8608 	 0.3533 
0.0985 	 -2.1306 	 1.1445 	 4.8604 	 0.3549 
0.0990 	 -2.1381 	 1.1463 	 4.8600 	 0.3564 
0.0995 	 -2.1455 	 1.1480 	 4.8597 	 0.3580 
0.1000 	 -2.1529 	 1.1498 	 4.8593 	 0.3596 
0.1005 	 -2.1602 	 1.1516 	 4.8590 	 0.3611 
0.1010 	 -2.1675 	 1.1533 	 4.8586 	 0.3627 
0.1015 	 -2.1747 	 1.1551 	 4.8583 	 0.3643 
0.1020 	 -2.1818 	 1.1569 	 4.8580 	 0.3658 
0.1025 	 -2.1889 	 1.1587 	 4.8578 	 0.3673 
0.1030 	 -2.1960 	 1.1606 	 4.8575 	 0.3689 
0.1035 	 -2.2029 	 1.1624 	 4.8573 	 0.3704 
0.1040 	 -2.2098 	 1.1643 	 4.8570 	 0.3720 
0.1045 	 -2.2167 	 1.1661 	 4.8568 	 0.3735 
0.1050 	 -2.2235 	 1.1680 	 4.8566 	 0.3750 
0.1055 	 -2.2302 	 1.1700 	 4.8564 	 0.3765 
0.1060 	 -2.2369 	 1.1719 	 4.8562 	 0.3780 
0.1065 	 -2.2434 	 1.1739 	 4.8561 	 0.3796 
0.1070 	 -2.2500 	 1.1759 	 4.8559 	 0.3811 
0.1075 	 -2.2564 	 1.1779 	 4.8558 	 0.3826 
0.1080 	 -2.2628 	 1.1799 	 4.8557 	 0.3841 
0.1085 	 -2.2691 	 1.1820 	 4.8555 	 0.3856 
0.1090 	 -2.2753 	 1.1841 	 4.8554 	 0.3870 
0.1095 	 -2.2814 	 1.1863 	 4.8554 	 0.3885 
0.1100 	 -2.2875 	 1.1885 	 4.8553 	 0.3900 
0.1105 	 -2.2935 	 1.1907 	 4.8552 	 0.3915 
0.1110 	 -2.2994 	 1.1929 	 4.8551 	 0.3930 
0.1115 	 -2.3052 	 1.1952 	 4.8551 	 0.3945 
0.1120 	 -2.3109 	 1.1976 	 4.8550 	 0.3959 
0.1125 	 -2.3166 	 1.1999 	 4.8550 	 0.3974 
0.1130 	 -2.3221 	 1.2024 	 4.8550 	 0.3989 
0.1135 	 -2.3276 	 1.2048 	 4.8550 	 0.4003 
0.1140 	 -2.3330 	 1.2073 	 4.8549 	 0.4018 
0.1145 	 -2.3383 	 1.2099 	 4.8549 	 0.4032 
0.1150 	 -2.3435 	 1.2125 	 4.8549 	 0.4047 
0.1155 	 -2.3485 	 1.2151 	 4.8549 	 0.4062 
0.1160 	 -2.3535 	 1.2178 	 4.8549 	 0.4076 
0.1165 	 -2.3584 	 1.2205 	 4.8549 	 0.4090 
0.1170 	 -2.3632 	 1.2233 	 4.8549 	 0.4105 
0.1175 	 -2.3678 	 1.2262 	 4.8550 	 0.4119 
0.1180 	 -2.3724 	 1.2290 	 4.8550 	 0.4134 
0.1185 	 -2.3769 	 1.2320 	 4.8550 	 0.4148 
0.1190 	 -2.3812 	 1.2350 	 4.8550 	 0.4162 
0.1195 	 -2.3854 	 1.2380 	 4.8550 	 0.4177 
0.1200 	 -2.3895 	 1.2411 	 4.8550 	 0.4191 
0.1205 	 -2.3935 	 1.2443 	 4.8551 	 0.4205 
0.1210 	 -2.3973 	 1.2475 	 4.8551 	 0.4219 
0.1215 	 -2.4011 	 1.2507 	 4.8551 	 0.4233 
0.1220 	 -2.4047 	 1.2540 	 4.8551 	 0.4248 
0.1225 	 -2.4081 	 1.2574 	 4.8551 	 0.4262 
0.1230 	 -2.4114 	 1.2608 	 4.8551 	 0.4276 
0.1235 	 -2.4146 	 1.2642 	 4.8550 	 0.4290 
0.1240 	 -2.4177 	 1.2677 	 4.8550 	 0.4304 
0.1245 	 -2.4206 	 1.2713 	 4.8550 	 0.4318 
0.1250 	 -2.4233 	 1.2749 	 4.8549 	 0.4332 
0.1255 	 -2.4259 	 1.2785 	 4.8549 	 0.4346 
0.1260 	 -2.4284 	 1.2822 	 4.8548 	 0.4360 
0.1265 	 -2.4307 	 1.2859 	 4.8547 	 0.4374 
0.1270 	 -2.4328 	 1.2897 	 4.8546 	 0.4388 
0.1275 	 -2.4348 	 1.2935 	 4.8545 	 0.4401 
0.1280 	 -2.4366 	 1.2974 	 4.8543 	 0.4415 
0.1285 	 -2.4383 	 1.3012 	 4.8542 	 0.4429 
0.1290 	 -2.4398 	 1.3052 	 4.8540 	 0.4443 
0.1295 	 -2.4411 	 1.3091 	 4.8538 	 0.4457 
0.1300 	 -2.4422 	 1.3131 	 4.8536 	 0.4470 
0.1305 	 -2.4431 	 1.3172 	 4.8533 	 0.4484 
0.1310 	 -2.4439 	 1.3212 	 4.8530 	 0.4498 
0.1315 	 -2.4445 	 1.3253 	 4.8527 	 0.4511 
0.1320 	 -2.4449 	 1.3295 	 4.8524 	 0.4525 
0.1325 	 -2.4452 	 1.3336 	 4.8521 	 0.4539 
0.1330 	 -2.4452 	 1.3378 	 4.8517 	 0.4552 
0.1335 	 -2.4451 	 1.3420 	 4.8513 	 0.4566 
0.1340 	 -2.4447 	 1.3462 	 4.8508 	 0.4579 
0.1345 	 -2.4442 	 1.3504 	 4.8504 	 0.4593 
0.1350 	 -2.4435 	 1.3546 	 4.8499 	 0.4606 
0.1355 	 -2.4426 	 1.3589 	 4.8493 	 0.4619 
0.1360 	 -2.4415 	 1.3631 	 4.8487 	 0.4633 
0.1365 	 -2.4402 	 1.3674 	 4.8481 	 0.4646 
0.1370 	 -2.4387 	 1.3716 	 4.8475 	 0.4659 
0.1375 	 -2.4370 	 1.3759 	 4.8468 	 0.4673 
0.1380 	 -2.4351 	 1.3802 	 4.8461 	 0.4686 
0.1385 	 -2.4330 	 1.3845 	 4.8453 	 0.4699 
0.1390 	 -2.4308 	 1.3887 	 4.8445 	 0.4712 
0.1395 	 -2.4283 	 1.3930 	 4.8437 	 0.4726 
0.1400 	 -2.4256 	 1.3972 	 4.8428 	 0.4739 
0.1405 	 -2.4228 	 1.4015 	 4.8419 	 0.4752 
0.1410 	 -2.4198 	 1.4057 	 4.8409 	 0.4765 
0.1415 	 -2.4165 	 1.4099 	 4.8399 	 0.4778 
0.1420 	 -2.4131 	 1.4141 	 4.8389 	 0.4791 
0.1425 	 -2.4095 	 1.4183 	 4.8378 	 0.4804 
0.1430 	 -2.4058 	 1.4225 	 4.8367 	 0.4817 
0.1435 	 -2.4018 	 1.4266 	 4.8355 	 0.4830 
0.1440 	 -2.3977 	 1.4307 	 4.8343 	 0.4843 
0.1445 	 -2.3934 	 1.4348 	 4.8330 	 0.4856 
0.1450 	 -2.3889 	 1.4389 	 4.8317 	 0.4869 
0.1455 	 -2.3843 	 1.4429 	 4.8304 	 0.4881 
0.1460 	 -2.3795 	 1.4469 	 4.8290 	 0.4894 
0.1465 	 -2.3746 	 1.4509 	 4.8276 	 0.4907 
0.1470 	 -2.3695 	 1.4548 	 4.8261 	 0.4920 
0.1475 	 -2.3643 	 1.4587 	 4.8246 	 0.4932 
0.1480 	 -2.3589 	 1.4626 	 4.8230 	 0.4945 
0.1485 	 -2.3534 	 1.4664 	 4.8214 	 0.4958 
0.1490 	 -2.3478 	 1.4702 	 4.8198 	 0.4970 
0.1495 	 -2.3421 	 1.4740 	 4.8181 	 0.4983 
0.1500 	 -2.3362 	 1.4777 	 4.8163 	 0.4995 
0.1505 	 -2.3302 	 1.4813 	 4.8146 	 0.5008 
0.1510 	 -2.3241 	 1.4849 	 4.8127 	 0.5020 
0.1515 	 -2.3179 	 1.4885 	 4.8109 	 0.5033 
0.1520 	 -2.3117 	 1.4920 	 4.8090 	 0.5045 
0.1525 	 -2.3053 	 1.4955 	 4.8070 	 0.5057 
0.1530 	 -2.2988 	 1.4989 	 4.8050 	 0.5070 
0.1535 	 -2.2923 	 1.5022 	 4.8030 	 0.5082 
0.1540 	 -2.2857 	 1.5055 	 4.8009 	 0.5094 
0.1545 	 -2.2790 	 1.5088 	 4.7988 	 0.5107 
0.1550 	 -2.2723 	 1.5120 	 4.7966 	 0.5119 
0.1555 	 -2.2656 	 1.5151 	 4.7944 	 0.5131 
0.1560 	 -2.2588 	 1.5181 	 4.7922 	 0.5143 
0.1565 	 -2.2519 	 1.5211 	 4.7899 	 0.5155 
0.1570 	 -2.2450 	 1.5240 	 4.7875 	 0.5167 
0.1575 	 -2.2381 	 1.5269 	 4.7852 	 0.5179 
0.1580 	 -2.2312 	 1.5297 	 4.7828 	 0.5191 
0.1585 	 -2.2243 	 1.5324 	 4.7803 	 0.5203 
0.1590 	 -2.2174 	 1.5350 	 4.7778 	 0.5215 
0.1595 	 -2.2105 	 1.5376 	 4.7753 	 0.5227 
0.1600 	 -2.2036 	 1.5400 	 4.7727 	 0.5239 
0.1605 	 -2.1967 	 1.5424 	 4.7701 	 0.5251 
0.1610 	 -2.1898 	 1.5447 	 4.7675 	 0.5263 
0.1615 	 -2.1830 	 1.5469 	 4.7648 	 0.5275 
0.1620 	 -2.1763 	 1.5491 	 4.7621 	 0.5287 
0.1625 	 -2.1696 	 1.5511 	 4.7593 	 0.5298 
0.1630 	 -2.1629 	 1.5531 	 4.7565 	 0.5310 
0.1635 	 -2.1563 	 1.5549 	 4.7537 	 0.5322 
0.1640 	 -2.1498 	 1.5567 	 4.7509 	 0.5333 
0.1645 	 -2.1434 	 1.5584 	 4.7480 	 0.5345 
0.1650 	 -2.1371 	 1.5599 	 4.7451 	 0.5357 
0.1655 	 -2.1308 	 1.5614 	 4.7422 	 0.5368 
0.1660 	 -2.1247 	 1.5628 	 4.7392 	 0.5380 
0.1665 	 -2.1187 	 1.5640 	 4.7363 	 0.5391 
0.1670 	 -2.1128 	 1.5652 	 4.7333 	 0.5403 
0.1675 	 -2.1070 	 1.5662 	 4.7303 	 0.5415 
0.1680 	 -2.1014 	 1.5672 	 4.7272 	 0.5426 
0.1685 	 -2.0959 	 1.5680 	 4.7242 	 0.5437 
0.1690 	 -2.0906 	 1.5687 	 4.7212 	 0.5449 
0.1695 	 -2.0855 	 1.5693 	 4.7181 	 0.5460 
0.1700 	 -2.0805 	 1.5698 	 4.7150 	 0.5472 
0.1705 	 -2.0756 	 1.5702 	 4.7120 	 0.5483 
0.1710 	 -2.0710 	 1.5704 	 4.7089 	 0.5494 
0.1715 	 -2.0665 	 1.5706 	 4.7058 	 0.5506 
0.1720 	 -2.0622 	 1.5706 	 4.7028 	 0.5517 
0.1725 	 -2.0582 	 1.5705 	 4.6997 	 0.5528 
0.1730 	 -2.0543 	 1.5703 	 4.6967 	 0.5540 
0.1735 	 -2.0507 	 1.5699 	 4.6937 	 0.5551 
0.1740 	 -2.0472 	 1.5695 	 4.6907 	 0.5562 
0.1745 	 -2.0440 	 1.5689 	 4.6877 	 0.5573 
0.1750 	 -2.0410 	 1.5682 	 4.6847 	 0.5585 
0.1755 	 -2.0382 	 1.5674 	 4.6818 	 0.5596 
0.1760 	 -2.0356 	 1.5665 	 4.6789 	 0.5607 
0.1765 	 -2.0333 	 1.5654 	 4.6761 	 0.5618 
0.1770 	 -2.0312 	 1.5643 	 4.6733 	 0.5629 
0.1775 	 -2.0294 	 1.5630 	 4.6705 	 0.5640 
0.1780 	 -2.0278 	 1.5616 	 4.6678 	 0.5651 
0.1785 	 -2.0264 	 1.5601 	 4.6651 	 0.5662 
0.1790 	 -2.0253 	 1.5584 	 4.6625 	 0.5673 
0.1795 	 -2.0244 	 1.5567 	 4.6599 	 0.5684 
0.1800 	 -2.0237 	 1.5549 	 4.6574 	 0.5695 
0.1805 	 -2.0233 	 1.5529 	 4.6550 	 0.5706 
0.1810 	 -2.0231 	 1.5508 	 4.6526 	 0.5717 
0.1815 	 -2.0231 	 1.5487 	 4.6503 	 0.5728 
0.1820 	 -2.0234 	 1.5464 	 4.6481 	 0.5739 
0.1825 	 -2.0239 	 1.5440 	 4.6460 	 0.5750 
0.1830 	 -2.0246 	 1.5415 	 4.6439 	 0.5761 
0.1835 	 -2.0256 	 1.5390 	 4.6420 	 0.5772 
0.1840 	 -2.0268 	 1.5363 	 4.6401 	 0.5783 
0.1845 	 -2.0281 	 1.5335 	 4.6383 	 0.5794 
0.1850 	 -2.0297 	 1.5307 	 4.6366 	 0.5805 
0.1855 	 -2.0315 	 1.5277 	 4.6350 	 0.5816 
0.1860 	 -2.0335 	 1.5247 	 4.6335 	 0.5827 
0.1865 	 -2.0357 	 1.5216 	 4.6321 	 0.5838 
0.1870 	 -2.0380 	 1.5184 	 4.6308 	 0.5848 
0.1875 	 -2.0406 	 1.5151 	 4.6296 	 0.5859 
0.1880 	 -2.0433 	 1.5118 	 4.6285 	 0.5870 
0.1885 	 -2.0462 	 1.5084 	 4.6275 	 0.5881 
0.1890 	 -2.0493 	 1.5049 	 4.6267 	 0.5892 
0.1895 	 -2.0525 	 1.5013 	 4.6259 	 0.5902 
0.1900 	 -2.0558 	 1.4977 	 4.6253 	 0.5913 
0.1905 	 -2.0593 	 1.4940 	 4.6247 	 0.5924 
0.1910 	 -2.0630 	 1.4903 	 4.6243 	 0.5935 
0.1915 	 -2.0668 	 1.4865 	 4.6240 	 0.5945 
0.1920 	 -2.0707 	 1.4827 	 4.6238 	 0.5956 
0.1925 	 -2.0747 	 1.4788 	 4.6238 	 0.5967 
0.1930 	 -2.0788 	 1.4749 	 4.6238 	 0.5978 
0.1935 	 -2.0831 	 1.4709 	 4.6240 	 0.5988 
0.1940 	 -2.0874 	 1.4669 	 4.6243 	 0.5999 
0.1945 	 -2.0919 	 1.4629 	 4.6247 	 0.6010 
0.1950 	 -2.0964 	 1.4588 	 4.6253 	 0.6021 
0.1955 	 -2.1010 	 1.4547 	 4.6259 	 0.6031 
0.1960 	 -2.1057 	 1.4506 	 4.6267 	 0.6042 
0.1965 	 -2.1105 	 1.4464 	 4.6276 	 0.6053 
0.1970 	 -2.1153 	 1.4422 	 4.6285 	 0.6063 
0.1975 	 -2.1202 	 1.4380 	 4.6296 	 0.6074 
0.1980 	 -2.1252 	 1.4338 	 4.6309 	 0.6084 
0.1985 	 -2.1302 	 1.4296 	 4.6322 	 0.6095 
0.1990 	 -2.1352 	 1.4254 	 4.6336 	 0.6106 
0.1995 	 -2.1403 	 1.4212 	 4.6352 	 0.6116 
0.2000 	 -2.1455 	 1.4169 	 4.6368 	 0.6127 
0.2005 	 -2.1506 	 1.4127 	 4.6385 	 0.6138 
0.2010 	 -2.1558 	 1.4085 	 4.6404 	 0.6148 
0.2015 	 -2.1610 	 1.4043 	 4.6423 	 0.6159 
0.2020 	 -2.1663 	 1.4000 	 4.6443 	 0.6169 
0.2025 	 -2.1715 	 1.3958 	 4.6465 	 0.6180 
0.2030 	 -2.1767 	 1.3916 	 4.6487 	 0.6190 
0.2035 	 -2.1820 	 1.3875 	 4.6510 	 0.6201 
0.2040 	 -2.1873 	 1.3833 	 4.6534 	 0.6212 
0.2045 	 -2.1925 	 1.3792 	 4.6558 	 0.6222 
0.2050 	 -2.1978 	 1.3751 	 4.6584 	 0.6233 
0.2055 	 -2.2030 	 1.3710 	 4.6610 	 0.6243 
0.2060 	 -2.2082 	 1.3670 	 4.6637 	 0.6254 
0.2065 	 -2.2134 	 1.3630 	 4.6664 	 0.6264 
0.2070 	 -2.2186 	 1.3590 	 4.6692 	 0.6275 
0.2075 	 -2.2237 	 1.3550 	 4.6721 	 0.6285 
0.2080 	 -2.2288 	 1.3511 	 4.6750 	 0.6296 
0.2085 	 -2.2339 	 1.3473 	 4.6780 	 0.6306 
0.2090 	 -2.2389 	 1.3435 	 4.6811 	 0.6317 
0.2095 	 -2.2439 	 1.3397 	 4.6841 	 0.6327 
0.2100 	 -2.2488 	 1.3360 	 4.6873 	 0.6338 
0.2105 	 -2.2537 	 1.3324 	 4.6904 	 0.6348 
0.2110 	 -2.2585 	 1.3288 	 4.6937 	 0.6359 
0.2115 	 -2.2632 	 1.3252 	 4.6969 	 0.6369 
0.2120 	 -2.2679 	 1.3217 	 4.7002 	 0.6380 
0.2125 	 -2.2725 	 1.3183 	 4.7035 	 0.6390 
0.2130 	 -2.2770 	 1.3150 	 4.7068 	 0.6401 
0.2135 	 -2.2815 	 1.3117 	 4.7101 	 0.6411 
0.2140 	 -2.2858 	 1.3085 	 4.7135 	 0.6422 
0.2145 	 -2.2901 	 1.3054 	 4.7168 	 0.6432 
0.2150 	 -2.2942 	 1.3023 	 4.7202 	 0.6442 
0.2155 	 -2.2983 	 1.2994 	 4.7236 	 0.6453 
0.2160 	 -2.3022 	 1.2965 	 4.7270 	 0.6463 
0.2165 	 -2.3061 	 1.2937 	 4.7304 	 0.6474 
0.2170 	 -2.3098 	 1.2910 	 4.7338 	 0.6484 
0.2175 	 -2.3134 	 1.2884 	 4.7372 	 0.6495 
0.2180 	 -2.3169 	 1.2858 	 4.7405 	 0.6505 
0.2185 	 -2.3202 	 1.2834 	 4.7439 	 0.6515 
0.2190 	 -2.3234 	 1.2810 	 4.7473 	 0.6526 
0.2195 	 -2.3265 	 1.2788 	 4.7506 	 0.6536 
0.2200 	 -2.3294 	 1.2767 	 4.7540 	 0.6547 
0.2205 	 -2.3322 	 1.2746 	 4.7573 	 0.6557 
0.2210 	 -2.3349 	 1.2727 	 4.7606 	 0.6568 
0.2215 	 -2.3374 	 1.2708 	 4.7639 	 0.6578 
0.2220 	 -2.3397 	 1.2691 	 4.7671 	 0.6588 
0.2225 	 -2.3419 	 1.2675 	 4.7704 	 0.6599 
0.2230 	 -2.3439 	 1.2659 	 4.7736 	 0.6609 
0.2235 	 -2.3457 	 1.2645 	 4.7767 	 0.6620 
0.2240 	 -2.3474 	 1.2632 	 4.7799 	 0.6630 
0.2245 	 -2.3489 	 1.2620 	 4.7830 	 0.6640 
0.2250 	 -2.3502 	 1.2610 	 4.7861 	 0.6651 
0.2255 	 -2.3514 	 1.2600 	 4.7891 	 0.6661 
0.2260 	 -2.3523 	 1.2591 	 4.7922 	 0.6671 
0.2265 	 -2.3531 	 1.2584 	 4.7951 	 0.6682 
0.2270 	 -2.3538 	 1.2578 	 4.7981 	 0.6692 
0.2275 	 -2.3542 	 1.2572 	 4.8010 	 0.6703 
0.2280 	 -2.3545 	 1.2568 	 4.8038 	 0.6713 
0.2285 	 -2.3546 	 1.2565 	 4.8066 	 0.6723 
0.2290 	 -2.3545 	 1.2563 	 4.8094 	 0.6734 
0.2295 	 -2.3542 	 1.2562 	 4.8121 	 0.6744 
0.2300 	 -2.3538 	 1.2562 	 4.8148 	 0.6754 
0.2305 	 -2.3532 	 1.2564 	 4.8175 	 0.6765 
0.2310 	 -2.3524 	 1.2566 	 4.8201 	 0.6775 
0.2315 	 -2.3514 	 1.2569 	 4.8226 	 0.6786 
0.2320 	 -2.3503 	 1.2573 	 4.8251 	 0.6796 
0.2325 	 -2.3490 	 1.2579 	 4.8276 	 0.6806 
0.2330 	 -2.3475 	 1.2585 	 4.8300 	 0.6817 
0.2335 	 -2.3459 	 1.2592 	 4.8323 	 0.6827 
0.2340 	 -2.3441 	 1.2600 	 4.8346 	 0.6837 
0.2345 	 -2.3421 	 1.2609 	 4.8368 	 0.6848 
0.2350 	 -2.3400 	 1.2618 	 4.8390 	 0.6858 
0.2355 	 -2.3378 	 1.2629 	 4.8412 	 0.6868 
0.2360 	 -2.3354 	 1.2640 	 4.8433 	 0.6879 
0.2365 	 -2.3329 	 1.2652 	 4.8453 	 0.6889 
0.2370 	 -2.3302 	 1.2665 	 4.8473 	 0.6899 
0.2375 	 -2.3274 	 1.2678 	 4.8492 	 0.6910 
0.2380 	 -2.3245 	 1.2692 	 4.8510 	 0.6920 
0.2385 	 -2.3214 	 1.2707 	 4.8528 	 0.6930 
0.2390 	 -2.3183 	 1.2723 	 4.8546 	 0.6941 
0.2395 	 -2.3150 	 1.2739 	 4.8563 	 0.6951 
0.2400 	 -2.3116 	 1.2755 	 4.8579 	 0.6961 
0.2405 	 -2.3081 	 1.2772 	 4.8594 	 0.6971 
0.2410 	 -2.3045 	 1.2790 	 4.8609 	 0.6982 
0.2415 	 -2.3009 	 1.2808 	 4.8623 	 0.6992 
0.2420 	 -2.2971 	 1.2826 	 4.8637 	 0.7002 
0.2425 	 -2.2933 	 1.2845 	 4.8650 	 0.7013 
0.2430 	 -2.2893 	 1.2864 	 4.8662 	 0.7023 
0.2435 	 -2.2854 	 1.2884 	 4.8674 	 0.7033 
0.2440 	 -2.2813 	 1.2904 	 4.8685 	 0.7044 
0.2445 	 -2.2772 	 1.2924 	 4.8695 	 0.7054 
0.2450 	 -2.2730 	 1.2944 	 4.8705 	 0.7064 
0.2455 	 -2.2688 	 1.2965 	 4.8713 	 0.7074 
0.2460 	 -2.2646 	 1.2986 	 4.8722 	 0.7085 
0.2465 	 -2.2603 	 1.3007 	 4.8729 	 0.7095 
0.2470 	 -2.2559 	 1.3029 	 4.8735 	 0.7105 
0.2475 	 -2.2516 	 1.3050 	 4.8741 	 0.7115 
0.2480 	 -2.2472 	 1.3072 	 4.8746 	 0.7126 
0.2485 	 -2.2429 	 1.3094 	 4.8750 	 0.7136 
0.2490 	 -2.2385 	 1.3116 	 4.8754 	 0.7146 
0.2495 	 -2.2341 	 1.3138 	 4.8756 	 0.7156 
0.2500 	 -2.2297 	 1.3160 	 4.8758 	 0.7167 
0.2505 	 -2.2253 	 1.3182 	 4.8759 	 0.7177 
0.2510 	 -2.2210 	 1.3204 	 4.8759 	 0.7187 
0.2515 	 -2.2167 	 1.3226 	 4.8759 	 0.7197 
0.2520 	 -2.2124 	 1.3248 	 4.8757 	 0.7207 
0.2525 	 -2.2081 	 1.3271 	 4.8755 	 0.7218 
0.2530 	 -2.2039 	 1.3293 	 4.8751 	 0.7228 
0.2535 	 -2.1997 	 1.3315 	 4.8747 	 0.7238 
0.2540 	 -2.1955 	 1.3337 	 4.8742 	 0.7248 
0.2545 	 -2.1914 	 1.3359 	 4.8736 	 0.7259 
0.2550 	 -2.1874 	 1.3381 	 4.8729 	 0.7269 
0.2555 	 -2.1835 	 1.3403 	 4.8721 	 0.7279 
0.2560 	 -2.1796 	 1.3425 	 4.8712 	 0.7289 
0.2565 	 -2.1757 	 1.3446 	 4.8702 	 0.7299 
0.2570 	 -2.1720 	 1.3468 	 4.8691 	 0.7310 
0.2575 	 -2.1683 	 1.3490 	 4.8680 	 0.7320 
0.2580 	 -2.1647 	 1.3511 	 4.8667 	 0.7330 
0.2585 	 -2.1612 	 1.3533 	 4.8653 	 0.7340 
0.2590 	 -2.1578 	 1.3554 	 4.8639 	 0.7350 
0.2595 	 -2.1545 	 1.3575 	 4.8623 	 0.7361 
0.2600 	 -2.1513 	 1.3596 	 4.8607 	 0.7371 
0.2605 	 -2.1482 	 1.3617 	 4.8589 	 0.7381 
0.2610 	 -2.1452 	 1.3638 	 4.8571 	 0.7391 
0.2615 	 -2.1423 	 1.3658 	 4.8551 	 0.7401 
0.2620 	 -2.1395 	 1.3679 	 4.8531 	 0.7411 
0.2625 	 -2.1368 	 1.3700 	 4.8509 	 0.7422 
0.2630 	 -2.1342 	 1.3720 	 4.8487 	 0.7432 
0.2635 	 -2.1318 	 1.3740 	 4.8463 	 0.7442 
0.2640 	 -2.1294 	 1.3760 	 4.8439 	 0.7452 
0.2645 	 -2.1272 	 1.3780 	 4.8413 	 0.7462 
0.2650 	 -2.1251 	 1.3800 	 4.8387 	 0.7473 
0.2655 	 -2.1231 	 1.3820 	 4.8360 	 0.7483 
0.2660 	 -2.1213 	 1.3840 	 4.8331 	 0.7493 
0.2665 	 -2.1195 	 1.3859 	 4.8302 	 0.7503 
0.2670 	 -2.1179 	 1.3879 	 4.8272 	 0.7513 
0.2675 	 -2.1164 	 1.3898 	 4.8241 	 0.7524 
0.2680 	 -2.1150 	 1.3917 	 4.8208 	 0.7534 
0.2685 	 -2.1137 	 1.3936 	 4.8175 	 0.7544 
0.2690 	 -2.1126 	 1.3955 	 4.8141 	 0.7554 
0.2695 	 -2.1116 	 1.3974 	 4.8107 	 0.7564 
0.2700 	 -2.1107 	 1.3993 	 4.8071 	 0.7574 
0.2705 	 -2.1099 	 1.4012 	 4.8034 	 0.7585 
0.2710 	 -2.1092 	 1.4030 	 4.7997 	 0.7595 
0.2715 	 -2.1086 	 1.4049 	 4.7959 	 0.7605 
0.2720 	 -2.1082 	 1.4067 	 4.7919 	 0.7615 
0.2725 	 -2.1079 	 1.4086 	 4.7880 	 0.7625 
0.2730 	 -2.1076 	 1.4104 	 4.7839 	 0.7636 
0.2735 	 -2.1075 	 1.4122 	 4.7797 	 0.7646 
0.2740 	 -2.1075 	 1.4140 	 4.7755 	 0.7656 
0.2745 	 -2.1075 	 1.4157 	 4.7712 	 0.7666 
0.2750 	 -2.1077 	 1.4175 	 4.7669 	 0.7676 
0.2755 	 -2.1080 	 1.4193 	 4.7624 	 0.7687 
0.2760 	 -2.1084 	 1.4210 	 4.7580 	 0.7697 
0.2765 	 -2.1088 	 1.4227 	 4.7534 	 0.7707 
0.2770 	 -2.1093 	 1.4244 	 4.7488 	 0.7717 
0.2775 	 -2.1100 	 1.4261 	 4.7441 	 0.7727 
0.2780 	 -2.1107 	 1.4278 	 4.7394 	 0.7738 
0.2785 	 -2.1114 	 1.4295 	 4.7346 	 0.7748 
0.2790 	 -2.1123 	 1.4311 	 4.7297 	 0.7758 
0.2795 	 -2.1132 	 1.4328 	 4.7248 	 0.7768 
0.2800 	 -2.1142 	 1.4344 	 4.7199 	 0.7778 
0.2805 	 -2.1153 	 1.4360 	 4.7149 	 0.7789 
0.2810 	 -2.1164 	 1.4375 	 4.7099 	 0.7799 
0.2815 	 -2.1175 	 1.4391 	 4.7048 	 0.7809 
0.2820 	 -2.1187 	 1.4406 	 4.6997 	 0.7819 
0.2825 	 -2.1200 	 1.4421 	 4.6946 	 0.7830 
0.2830 	 -2.1213 	 1.4436 	 4.6894 	 0.7840 
0.2835 	 -2.1227 	 1.4451 	 4.6842 	 0.7850 
0.2840 	 -2.1240 	 1.4465 	 4.6789 	 0.7860 
0.2845 	 -2.1255 	 1.4479 	 4.6737 	 0.7871 
0.2850 	 -2.1269 	 1.4493 	 4.6684 	 0.7881 
0.2855 	 -2.1284 	 1.4507 	 4.6630 	 0.7891 
0.2860 	 -2.1299 	 1.4520 	 4.6577 	 0.7901 
0.2865 	 -2.1314 	 1.4533 	 4.6523 	 0.7912 
0.2870 	 -2.1329 	 1.4546 	 4.6470 	 0.7922 
0.2875 	 -2.1345 	 1.4558 	 4.6416 	 0.7932 
0.2880 	 -2.1361 	 1.4570 	 4.6362 	 0.7942 
0.2885 	 -2.1376 	 1.4582 	 4.6308 	 0.7953 
0.2890 	 -2.1392 	 1.4593 	 4.6253 	 0.7963 
0.2895 	 -2.1408 	 1.4604 	 4.6199 	 0.7973 
0.2900 	 -2.1423 	 1.4614 	 4.6145 	 0.7984 
0.2905 	 -2.1439 	 1.4625 	 4.6090 	 0.7994 
0.2910 	 -2.1455 	 1.4634 	 4.6036 	 0.8004 
0.2915 	 -2.1470 	 1.4644 	 4.5981 	 0.8014 
0.2920 	 -2.1485 	 1.4653 	 4.5927 	 0.8025 
0.2925 	 -2.1500 	 1.4661 	 4.5872 	 0.8035 
0.2930 	 -2.1515 	 1.4669 	 4.5818 	 0.8045 
0.2935 	 -2.1530 	 1.4677 	 4.5763 	 0.8056 
0.2940 	 -2.1544 	 1.4684 	 4.5709 	 0.8066 
0.2945 	 -2.1558 	 1.4691 	 4.5655 	 0.8076 
0.2950 	 -2.1572 	 1.4697 	 4.5600 	 0.8087 
0.2955 	 -2.1586 	 1.4702 	 4.5546 	 0.8097 
0.2960 	 -2.1599 	 1.4708 	 4.5492 	 0.8107 
0.2965 	 -2.1611 	 1.4712 	 4.5439 	 0.8118 
0.2970 	 -2.1623 	 1.4716 	 4.5385 	 0.8128 
0.2975 	 -2.1635 	 1.4720 	 4.5331 	 0.8139 
0.2980 	 -2.1646 	 1.4723 	 4.5278 	 0.8149 
0.2985 	 -2.1657 	 1.4726 	 4.5225 	 0.8159 
0.2990 	 -2.1667 	 1.4728 	 4.5172 	 0.8170 
0.2995 	 -2.1677 	 1.4729 	 4.5119 	 0.8180 
0.3000 	 -2.1686 	 1.4730 	 4.5066 	 0.8191 
0.3005 	 -2.1695 	 1.4731 	 4.5014 	 0.8201 
0.3010 	 -2.1703 	 1.4730 	 4.4962 	 0.8212 
0.3015 	 -2.1710 	 1.4729 	 4.4910 	 0.8222 
0.3020 	 -2.1716 	 1.4728 	 4.4859 	 0.8232 
0.3025 	 -2.1722 	 1.4726 	 4.4807 	 0.8243 
0.3030 	 -2.1727 	 1.4723 	 4.4756 	 0.8253 
0.3035 	 -2.1732 	 1.4720 	 4.4706 	 0.8264 
0.3040 	 -2.1735 	 1.4716 	 4.4655 	 0.8274 
0.3045 	 -2.1738 	 1.4712 	 4.4605 	 0.8285 
0.3050 	 -2.1740 	 1.4707 	 4.4555 	 0.8295 
0.3055 	 -2.1741 	 1.4701 	 4.4506 	 0.8306 
0.3060 	 -2.1742 	 1.4695 	 4.4457 	 0.8316 
0.3065 	 -2.1741 	 1.4688 	 4.4408 	 0.8327 
0.3070 	 -2.1740 	 1.4681 	 4.4360 	 0.8337 
0.3075 	 -2.1738 	 1.4673 	 4.4312 	 0.8348 
0.3080 	 -2.1735 	 1.4664 	 4.4265 	 0.8358 
0.3085 	 -2.1731 	 1.4655 	 4.4218 	 0.8369 
0.3090 	 -2.1726 	 1.4646 	 4.4171 	 0.8380 
0.3095 	 -2.1721 	 1.4635 	 4.4125 	 0.8390 
0.3100 	 -2.1714 	 1.4624 	 4.4080 	 0.8401 
0.3105 	 -2.1706 	 1.4613 	 4.4034 	 0.8411 
0.3110 	 -2.1698 	 1.4601 	 4.3990 	 0.8422 
0.3115 	 -2.1689 	 1.4588 	 4.3945 	 0.8432 
0.3120 	 -2.1679 	 1.4575 	 4.3902 	 0.8443 
0.3125 	 -2.1668 	 1.4561 	 4.3859 	 0.8454 
0.3130 	 -2.1656 	 1.4547 	 4.3816 	 0.8464 
0.3135 	 -2.1643 	 1.4532 	 4.3774 	 0.8475 
0.3140 	 -2.1629 	 1.4517 	 4.3732 	 0.8485 
0.3145 	 -2.1614 	 1.4501 	 4.3691 	 0.8496 
0.3150 	 -2.1598 	 1.4485 	 4.3651 	 0.8507 
0.3155 	 -2.1582 	 1.4468 	 4.3611 	 0.8517 
0.3160 	 -2.1565 	 1.4451 	 4.3572 	 0.8528 
0.3165 	 -2.1546 	 1.4434 	 4.3533 	 0.8539 
0.3170 	 -2.1527 	 1.4416 	 4.3495 	 0.8549 
0.3175 	 -2.1507 	 1.4398 	 4.3458 	 0.8560 
0.3180 	 -2.1487 	 1.4379 	 4.3421 	 0.8571 
0.3185 	 -2.1465 	 1.4360 	 4.3385 	 0.8581 
0.3190 	 -2.1443 	 1.4341 	 4.3350 	 0.8592 
0.3195 	 -2.1420 	 1.4321 	 4.3315 	 0.8603 
0.3200 	 -2.1396 	 1.4301 	 4.3281 	 0.8613 
0.3205 	 -2.1371 	 1.4281 	 4.3248 	 0.8624 
0.3210 	 -2.1346 	 1.4260 	 4.3215 	 0.8635 
0.3215 	 -2.1320 	 1.4240 	 4.3183 	 0.8645 
0.3220 	 -2.1294 	 1.4219 	 4.3152 	 0.8656 
0.3225 	 -2.1266 	 1.4198 	 4.3122 	 0.8667 
0.3230 	 -2.1238 	 1.4177 	 4.3093 	 0.8677 
0.3235 	 -2.1210 	 1.4156 	 4.3064 	 0.8688 
0.3240 	 -2.1181 	 1.4135 	 4.3036 	 0.8699 
0.3245 	 -2.1151 	 1.4114 	 4.3009 	 0.8710 
0.3250 	 -2.1121 	 1.4093 	 4.2983 	 0.8720 
0.3255 	 -2.1091 	 1.4072 	 4.2957 	 0.8731 
0.3260 	 -2.1060 	 1.4051 	 4.2932 	 0.8742 
0.3265 	 -2.1028 	 1.4030 	 4.2909 	 0.8752 
0.3270 	 -2.0997 	 1.4010 	 4.2886 	 0.8763 
0.3275 	 -2.0964 	 1.3989 	 4.2864 	 0.8774 
0.3280 	 -2.0932 	 1.3969 	 4.2843 	 0.8785 
0.3285 	 -2.0899 	 1.3949 	 4.2823 	 0.8795 
0.3290 	 -2.0866 	 1.3930 	 4.2803 	 0.8806 
0.3295 	 -2.0832 	 1.3910 	 4.2785 	 0.8817 
0.3300 	 -2.0799 	 1.3891 	 4.2767 	 0.8828 
0.3305 	 -2.0765 	 1.3873 	 4.2751 	 0.8838 
0.3310 	 -2.0730 	 1.3855 	 4.2735 	 0.8849 
0.3315 	 -2.0696 	 1.3837 	 4.2720 	 0.8860 
0.3320 	 -2.0662 	 1.3820 	 4.2707 	 0.8871 
0.3325 	 -2.0627 	 1.3804 	 4.2694 	 0.8881 
0.3330 	 -2.0592 	 1.3788 	 4.2682 	 0.8892 
0.3335 	 -2.0558 	 1.3773 	 4.2671 	 0.8903 
0.3340 	 -2.0523 	 1.3758 	 4.2661 	 0.8914 
0.3345 	 -2.0488 	 1.3744 	 4.2653 	 0.8925 
0.3350 	 -2.0453 	 1.3731 	 4.2645 	 0.8935 
0.3355 	 -2.0418 	 1.3719 	 4.2638 	 0.8946 
0.3360 	 -2.0384 	 1.3707 	 4.2631 	 0.8957 
0.3365 	 -2.0349 	 1.3697 	 4.2626 	 0.8968 
0.3370 	 -2.0314 	 1.3687 	 4.2622 	 0.8978 
0.3375 	 -2.0279 	 1.3678 	 4.2619 	 0.8989 
0.3380 	 -2.0245 	 1.3670 	 4.2617 	 0.9000 
0.3385 	 -2.0211 	 1.3663 	 4.2616 	 0.9011 
0.3390 	 -2.0176 	 1.3656 	 4.2615 	 0.9022 
0.3395 	 -2.0142 	 1.3651 	 4.2616 	 0.9032 
0.3400 	 -2.0108 	 1.3647 	 4.2617 	 0.9043 
0.3405 	 -2.0075 	 1.3644 	 4.2620 	 0.9054 
0.3410 	 -2.0041 	 1.3642 	 4.2623 	 0.9065 
0.3415 	 -2.0008 	 1.3641 	 4.2628 	 0.9076 
0.3420 	 -1.9975 	 1.3641 	 4.2633 	 0.9086 
0.3425 	 -1.9943 	 1.3642 	 4.2639 	 0.9097 
0.3430 	 -1.9910 	 1.3644 	 4.2646 	 0.9108 
0.3435 	 -1.9878 	 1.3648 	 4.2653 	 0.9119 
0.3440 	 -1.9847 	 1.3652 	 4.2662 	 0.9129 
0.3445 	 -1.9815 	 1.3658 	 4.2671 	 0.9140 
0.3450 	 -1.9784 	 1.3665 	 4.2682 	 0.9151 
0.3455 	 -1.9754 	 1.3673 	 4.2693 	 0.9162 
0.3460 	 -1.9724 	 1.3682 	 4.2705 	 0.9173 
0.3465 	 -1.9694 	 1.3693 	 4.2717 	 0.9183 
0.3470 	 -1.9665 	 1.3704 	 4.2731 	 0.9194 
0.3475 	 -1.9636 	 1.3717 	 4.2745 	 0.9205 
0.3480 	 -1.9608 	 1.3731 	 4.2760 	 0.9216 
0.3485 	 -1.9580 	 1.3746 	 4.2775 	 0.9226 
0.3490 	 -1.9552 	 1.3763 	 4.2791 	 0.9237 
0.3495 	 -1.9525 	 1.3780 	 4.2808 	 0.9248 
0.3500 	 -1.9499 	 1.3799 	 4.2826 	 0.9259 
0.3505 	 -1.9473 	 1.3819 	 4.2844 	 0.9269 
0.3510 	 -1.9448 	 1.3840 	 4.2863 	 0.9280 
0.3515 	 -1.9423 	 1.3862 	 4.2883 	 0.9291 
0.3520 	 -1.9399 	 1.3886 	 4.2903 	 0.9301 
0.3525 	 -1.9375 	 1.3910 	 4.2923 	 0.9312 
0.3530 	 -1.9352 	 1.3936 	 4.2944 	 0.9323 
0.3535 	 -1.9330 	 1.3963 	 4.2966 	 0.9333 
0.3540 	 -1.9308 	 1.3990 	 4.2988 	 0.9344 
0.3545 	 -1.9286 	 1.4019 	 4.3011 	 0.9355 
0.3550 	 -1.9266 	 1.4049 	 4.3034 	 0.9365 
0.3555 	 -1.9246 	 1.4080 	 4.3058 	 0.9376 
0.3560 	 -1.9226 	 1.4112 	 4.3082 	 0.9387 
0.3565 	 -1.9207 	 1.4146 	 4.3106 	 0.9397 
0.3570 	 -1.9189 	 1.4180 	 4.3131 	 0.9408 
0.3575 	 -1.9171 	 1.4215 	 4.3157 	 0.9418 
0.3580 	 -1.9154 	 1.4251 	 4.3182 	 0.9429 
0.3585 	 -1.9138 	 1.4287 	 4.3208 	 0.9439 
0.3590 	 -1.9122 	 1.4325 	 4.3235 	 0.9450 
0.3595 	 -1.9107 	 1.4364 	 4.3261 	 0.9460 
0.3600 	 -1.9093 	 1.4403 	 4.3288 	 0.9471 
0.3605 	 -1.9079 	 1.4444 	 4.3315 	 0.9481 
0.3610 	 -1.9066 	 1.4485 	 4.3343 	 0.9492 
0.3615 	 -1.9053 	 1.4526 	 4.3371 	 0.9502 
0.3620 	 -1.9041 	 1.4569 	 4.3398 	 0.9513 
0.3625 	 -1.9029 	 1.4612 	 4.3427 	 0.9523 
0.3630 	 -1.9019 	 1.4656 	 4.3455 	 0.9534 
0.3635 	 -1.9008 	 1.4701 	 4.3483 	 0.9544 
0.3640 	 -1.8999 	 1.4746 	 4.3512 	 0.9554 
0.3645 	 -1.8990 	 1.4791 	 4.3541 	 0.9565 
0.3650 	 -1.8981 	 1.4838 	 4.3570 	 0.9575 
0.3655 	 -1.8973 	 1.4884 	 4.3599 	 0.9585 
0.3660 	 -1.8966 	 1.4931 	 4.3628 	 0.9596 
0.3665 	 -1.8959 	 1.4979 	 4.3657 	 0.9606 
0.3670 	 -1.8953 	 1.5027 	 4.3686 	 0.9616 
0.3675 	 -1.8947 	 1.5075 	 4.3715 	 0.9626 
0.3680 	 -1.8942 	 1.5124 	 4.3744 	 0.9636 
0.3685 	 -1.8937 	 1.5172 	 4.3773 	 0.9647 
0.3690 	 -1.8933 	 1.5221 	 4.3803 	 0.9657 
0.3695 	 -1.8930 	 1.5271 	 4.3832 	 0.9667 
0.3700 	 -1.8926 	 1.5320 	 4.3861 	 0.9677 
0.3705 	 -1.8924 	 1.5370 	 4.3889 	 0.9687 
0.3710 	 -1.8922 	 1.5419 	 4.3918 	 0.9697 
0.3715 	 -1.8920 	 1.5469 	 4.3947 	 0.9707 
0.3720 	 -1.8919 	 1.5519 	 4.3975 	 0.9717 
0.3725 	 -1.8918 	 1.5568 	 4.4004 	 0.9727 
0.3730 	 -1.8918 	 1.5618 	 4.4032 	 0.9737 
0.3735 	 -1.8918 	 1.5667 	 4.4060 	 0.9747 
0.3740 	 -1.8918 	 1.5716 	 4.4087 	 0.9757 
0.3745 	 -1.8919 	 1.5765 	 4.4115 	 0.9767 
0.3750 	 -1.8921 	 1.5814 	 4.4142 	 0.9777 
0.3755 	 -1.8923 	 1.5863 	 4.4169 	 0.9786 
0.3760 	 -1.8925 	 1.5911 	 4.4195 	 0.9796 
0.3765 	 -1.8927 	 1.5959 	 4.4221 	 0.9806 
0.3770 	 -1.8930 	 1.6007 	 4.4247 	 0.9816 
0.3775 	 -1.8934 	 1.6054 	 4.4273 	 0.9825 
0.3780 	 -1.8938 	 1.6100 	 4.4298 	 0.9835 
0.3785 	 -1.8942 	 1.6146 	 4.4322 	 0.9845 
0.3790 	 -1.8946 	 1.6192 	 4.4346 	 0.9854 
0.3795 	 -1.8951 	 1.6237 	 4.4370 	 0.9864 
0.3800 	 -1.8956 	 1.6281 	 4.4393 	 0.9873 
0.3805 	 -1.8962 	 1.6325 	 4.4416 	 0.9883 
0.3810 	 -1.8968 	 1.6368 	 4.4438 	 0.9892 
0.3815 	 -1.8974 	 1.6410 	 4.4459 	 0.9902 
0.3820 	 -1.8981 	 1.6451 	 4.4480 	 0.9911 
0.3825 	 -1.8988 	 1.6492 	 4.4501 	 0.9920 
0.3830 	 -1.8995 	 1.6532 	 4.4520 	 0.9930 
0.3835 	 -1.9003 	 1.6570 	 4.4539 	 0.9939 
0.3840 	 -1.9011 	 1.6608 	 4.4558 	 0.9948 
0.3845 	 -1.9020 	 1.6645 	 4.4575 	 0.9957 
0.3850 	 -1.9029 	 1.6681 	 4.4592 	 0.9966 
0.3855 	 -1.9038 	 1.6716 	 4.4609 	 0.9975 
0.3860 	 -1.9047 	 1.6750 	 4.4624 	 0.9984 
0.3865 	 -1.9057 	 1.6783 	 4.4639 	 0.9993 
0.3870 	 -1.9067 	 1.6814 	 4.4653 	 1.0002 
0.3875 	 -1.9078 	 1.6844 	 4.4665 	 1.0011 
0.3880 	 -1.9089 	 1.6874 	 4.4678 	 1.0020 
0.3885 	 -1.9100 	 1.6902 	 4.4689 	 1.0029 
0.3890 	 -1.9112 	 1.6928 	 4.4699 	 1.0038 
0.3895 	 -1.9124 	 1.6954 	 4.4709 	 1.0047 
0.3900 	 -1.9136 	 1.6978 	 4.4717 	 1.0055 
0.3905 	 -1.9149 	 1.7001 	 4.4725 	 1.0064 
0.3910 	 -1.9161 	 1.7023 	 4.4732 	 1.0073 
0.3915 	 -1.9175 	 1.7043 	 4.4737 	 1.0081 
0.3920 	 -1.9188 	 1.7062 	 4.4742 	 1.0090 
0.3925 	 -1.9202 	 1.7079 	 4.4746 	 1.0098 
0.3930 	 -1.9217 	 1.7095 	 4.4748 	 1.0107 
0.3935 	 -1.9231 	 1.7110 	 4.4750 	 1.0115 
0.3940 	 -1.9246 	 1.7123 	 4.4751 	 1.0124 
0.3945 	 -1.9262 	 1.7134 	 4.4750 	 1.0132 
0.3950 	 -1.9277 	 1.7145 	 4.4749 	 1.0140 
0.3955 	 -1.9293 	 1.7154 	 4.4746 	 1.0148 
0.3960 	 -1.9310 	 1.7161 	 4.4743 	 1.0157 
0.3965 	 -1.9326 	 1.7167 	 4.4738 	 1.0165 
0.3970 	 -1.9343 	 1.7171 	 4.4733 	 1.0173 
0.3975 	 -1.9360 	 1.7174 	 4.4726 	 1.0181 
0.3980 	 -1.9378 	 1.7176 	 4.4718 	 1.0189 
0.3985 	 -1.9395 	 1.7176 	 4.4709 	 1.0197 
0.3990 	 -1.9414 	 1.7175 	 4.4700 	 1.0205 
0.3995 	 -1.9432 	 1.7172 	 4.4689 	 1.0213 
0.4000 	 -1.9450 	 1.7168 	 4.4677 	 1.0220 
0.4005 	 -1.9469 	 1.7162 	 4.4664 	 1.0228 
0.4010 	 -1.9488 	 1.7155 	 4.4650 	 1.0236 
0.4015 	 -1.9508 	 1.7147 	 4.4635 	 1.0244 
0.4020 	 -1.9527 	 1.7137 	 4.4619 	 1.0251 
0.4025 	 -1.9547 	 1.7126 	 4.4602 	 1.0259 
0.4030 	 -1.9567 	 1.7114 	 4.4584 	 1.0267 
0.4035 	 -1.9587 	 1.7100 	 4.4565 	 1.0274 
0.4040 	 -1.9608 	 1.7085 	 4.4545 	 1.0282 
0.4045 	 -1.9628 	 1.7069 	 4.4524 	 1.0289 
0.4050 	 -1.9649 	 1.7051 	 4.4502 	 1.0297 
0.4055 	 -1.9670 	 1.7033 	 4.4480 	 1.0304 
0.4060 	 -1.9691 	 1.7013 	 4.4457 	 1.0311 
0.4065 	 -1.9713 	 1.6992 	 4.4432 	 1.0319 
0.4070 	 -1.9734 	 1.6970 	 4.4408 	 1.0326 
0.4075 	 -1.9756 	 1.6947 	 4.4382 	 1.0333 
0.4080 	 -1.9777 	 1.6923 	 4.4356 	 1.0341 
0.4085 	 -1.9799 	 1.6898 	 4.4328 	 1.0348 
0.4090 	 -1.9821 	 1.6872 	 4.4301 	 1.0355 
0.4095 	 -1.9843 	 1.6845 	 4.4272 	 1.0362 
0.4100 	 -1.9865 	 1.6817 	 4.4243 	 1.0369 
0.4105 	 -1.9887 	 1.6789 	 4.4214 	 1.0377 
0.4110 	 -1.9909 	 1.6759 	 4.4184 	 1.0384 
0.4115 	 -1.9932 	 1.6729 	 4.4153 	 1.0391 
0.4120 	 -1.9954 	 1.6698 	 4.4122 	 1.0398 
0.4125 	 -1.9976 	 1.6666 	 4.4091 	 1.0405 
0.4130 	 -1.9999 	 1.6634 	 4.4059 	 1.0412 
0.4135 	 -2.0021 	 1.6601 	 4.4027 	 1.0419 
0.4140 	 -2.0044 	 1.6568 	 4.3994 	 1.0426 
0.4145 	 -2.0066 	 1.6534 	 4.3962 	 1.0433 
0.4150 	 -2.0089 	 1.6499 	 4.3929 	 1.0440 
0.4155 	 -2.0111 	 1.6464 	 4.3896 	 1.0447 
0.4160 	 -2.0134 	 1.6429 	 4.3863 	 1.0454 
0.4165 	 -2.0156 	 1.6393 	 4.3829 	 1.0461 
0.4170 	 -2.0178 	 1.6357 	 4.3796 	 1.0468 
0.4175 	 -2.0201 	 1.6321 	 4.3763 	 1.0475 
0.4180 	 -2.0223 	 1.6284 	 4.3729 	 1.0482 
0.4185 	 -2.0246 	 1.6247 	 4.3696 	 1.0489 
0.4190 	 -2.0268 	 1.6210 	 4.3663 	 1.0496 
0.4195 	 -2.0290 	 1.6173 	 4.3630 	 1.0502 
0.4200 	 -2.0313 	 1.6136 	 4.3597 	 1.0509 
0.4205 	 -2.0335 	 1.6099 	 4.3565 	 1.0516 
0.4210 	 -2.0357 	 1.6062 	 4.3532 	 1.0523 
0.4215 	 -2.0379 	 1.6024 	 4.3501 	 1.0530 
0.4220 	 -2.0402 	 1.5987 	 4.3469 	 1.0537 
0.4225 	 -2.0424 	 1.5950 	 4.3438 	 1.0544 
0.4230 	 -2.0446 	 1.5913 	 4.3407 	 1.0551 
0.4235 	 -2.0468 	 1.5877 	 4.3377 	 1.0558 
0.4240 	 -2.0490 	 1.5840 	 4.3347 	 1.0564 
0.4245 	 -2.0512 	 1.5804 	 4.3318 	 1.0571 
0.4250 	 -2.0534 	 1.5768 	 4.3289 	 1.0578 
0.4255 	 -2.0556 	 1.5732 	 4.3262 	 1.0585 
0.4260 	 -2.0578 	 1.5697 	 4.3234 	 1.0592 
0.4265 	 -2.0601 	 1.5662 	 4.3208 	 1.0599 
0.4270 	 -2.0623 	 1.5628 	 4.3182 	 1.0606 
0.4275 	 -2.0645 	 1.5594 	 4.3157 	 1.0613 
0.4280 	 -2.0667 	 1.5560 	 4.3133 	 1.0620 
0.4285 	 -2.0689 	 1.5527 	 4.3109 	 1.0626 
0.4290 	 -2.0711 	 1.5494 	 4.3087 	 1.0633 
0.4295 	 -2.0733 	 1.5462 	 4.3065 	 1.0640 
0.4300 	 -2.0756 	 1.5431 	 4.3045 	 1.0647 
0.4305 	 -2.0778 	 1.5400 	 4.3025 	 1.0654 
0.4310 	 -2.0800 	 1.5370 	 4.3006 	 1.0661 
0.4315 	 -2.0823 	 1.5340 	 4.2988 	 1.0668 
0.4320 	 -2.0845 	 1.5312 	 4.2972 	 1.0675 
0.4325 	 -2.0868 	 1.5284 	 4.2956 	 1.0682 
0.4330 	 -2.0890 	 1.5256 	 4.2941 	 1.0689 
0.4335 	 -2.0913 	 1.5229 	 4.2928 	 1.0696 
0.4340 	 -2.0935 	 1.5204 	 4.2915 	 1.0703 
0.4345 	 -2.0958 	 1.5178 	 4.2904 	 1.0710 
0.4350 	 -2.0981 	 1.5154 	 4.2894 	 1.0717 
0.4355 	 -2.1003 	 1.5131 	 4.2885 	 1.0724 
0.4360 	 -2.1026 	 1.5108 	 4.2877 	 1.0731 
0.4365 	 -2.1049 	 1.5086 	 4.2870 	 1.0738 
0.4370 	 -2.1072 	 1.5065 	 4.2864 	 1.0745 
0.4375 	 -2.1095 	 1.5045 	 4.2860 	 1.0752 
0.4380 	 -2.1119 	 1.5025 	 4.2856 	 1.0759 
0.4385 	 -2.1142 	 1.5007 	 4.2854 	 1.0766 
0.4390 	 -2.1165 	 1.4989 	 4.2853 	 1.0773 
0.4395 	 -2.1188 	 1.4972 	 4.2854 	 1.0780 
0.4400 	 -2.1212 	 1.4956 	 4.2855 	 1.0787 
0.4405 	 -2.1235 	 1.4941 	 4.2858 	 1.0795 
0.4410 	 -2.1259 	 1.4927 	 4.2861 	 1.0802 
0.4415 	 -2.1283 	 1.4914 	 4.2866 	 1.0809 
0.4420 	 -2.1307 	 1.4901 	 4.2873 	 1.0816 
0.4425 	 -2.1330 	 1.4890 	 4.2880 	 1.0823 
0.4430 	 -2.1354 	 1.4879 	 4.2888 	 1.0830 
0.4435 	 -2.1378 	 1.4869 	 4.2898 	 1.0838 
0.4440 	 -2.1402 	 1.4860 	 4.2909 	 1.0845 
0.4445 	 -2.1427 	 1.4851 	 4.2920 	 1.0852 
0.4450 	 -2.1451 	 1.4844 	 4.2933 	 1.0859 
0.4455 	 -2.1475 	 1.4837 	 4.2948 	 1.0867 
0.4460 	 -2.1499 	 1.4831 	 4.2963 	 1.0874 
0.4465 	 -2.1524 	 1.4825 	 4.2979 	 1.0881 
0.4470 	 -2.1548 	 1.4821 	 4.2996 	 1.0889 
0.4475 	 -2.1573 	 1.4817 	 4.3015 	 1.0896 
0.4480 	 -2.1597 	 1.4813 	 4.3034 	 1.0903 
0.4485 	 -2.1622 	 1.4811 	 4.3054 	 1.0911 
0.4490 	 -2.1646 	 1.4808 	 4.3076 	 1.0918 
0.4495 	 -2.1671 	 1.4807 	 4.3098 	 1.0925 
0.4500 	 -2.1696 	 1.4806 	 4.3122 	 1.0933 
0.4505 	 -2.1721 	 1.4806 	 4.3146 	 1.0940 
0.4510 	 -2.1745 	 1.4806 	 4.3171 	 1.0948 
0.4515 	 -2.1770 	 1.4807 	 4.3198 	 1.0955 
0.4520 	 -2.1795 	 1.4808 	 4.3225 	 1.0963 
0.4525 	 -2.1819 	 1.4809 	 4.3253 	 1.0970 
0.4530 	 -2.1844 	 1.4811 	 4.3282 	 1.0978 
0.4535 	 -2.1869 	 1.4813 	 4.3312 	 1.0986 
0.4540 	 -2.1894 	 1.4816 	 4.3342 	 1.0993 
0.4545 	 -2.1918 	 1.4819 	 4.3374 	 1.1001 
0.4550 	 -2.1943 	 1.4822 	 4.3406 	 1.1009 
0.4555 	 -2.1967 	 1.4826 	 4.3439 	 1.1016 
0.4560 	 -2.1992 	 1.4830 	 4.3473 	 1.1024 
0.4565 	 -2.2016 	 1.4834 	 4.3507 	 1.1032 
0.4570 	 -2.2040 	 1.4838 	 4.3543 	 1.1039 
0.4575 	 -2.2064 	 1.4842 	 4.3579 	 1.1047 
0.4580 	 -2.2088 	 1.4846 	 4.3616 	 1.1055 
0.4585 	 -2.2112 	 1.4851 	 4.3653 	 1.1063 
0.4590 	 -2.2136 	 1.4855 	 4.3692 	 1.1071 
0.4595 	 -2.2160 	 1.4860 	 4.3731 	 1.1079 
0.4600 	 -2.2183 	 1.4864 	 4.3770 	 1.1087 
0.4605 	 -2.2206 	 1.4869 	 4.3810 	 1.1095 
0.4610 	 -2.2229 	 1.4873 	 4.3851 	 1.1103 
0.4615 	 -2.2252 	 1.4878 	 4.3893 	 1.1111 
0.4620 	 -2.2274 	 1.4882 	 4.3935 	 1.1119 
0.4625 	 -2.2297 	 1.4886 	 4.3978 	 1.1127 
0.4630 	 -2.2319 	 1.4890 	 4.4021 	 1.1135 
0.4635 	 -2.2340 	 1.4893 	 4.4065 	 1.1143 
0.4640 	 -2.2362 	 1.4897 	 4.4110 	 1.1151 
0.4645 	 -2.2383 	 1.4900 	 4.4155 	 1.1160 
0.4650 	 -2.2403 	 1.4903 	 4.4201 	 1.1168 
0.4655 	 -2.2424 	 1.4906 	 4.4247 	 1.1176 
0.4660 	 -2.2443 	 1.4908 	 4.4294 	 1.1185 
0.4665 	 -2.2463 	 1.4910 	 4.4341 	 1.1193 
0.4670 	 -2.2482 	 1.4912 	 4.4389 	 1.1201 
0.4675 	 -2.2500 	 1.4914 	 4.4438 	 1.1210 
0.4680 	 -2.2518 	 1.4915 	 4.4486 	 1.1218 
0.4685 	 -2.2536 	 1.4915 	 4.4536 	 1.1227 
0.4690 	 -2.2553 	 1.4916 	 4.4586 	 1.1236 
0.4695 	 -2.2569 	 1.4915 	 4.4636 	 1.1244 
0.4700 	 -2.2585 	 1.4915 	 4.4687 	 1.1253 
0.4705 	 -2.2600 	 1.4914 	 4.4738 	 1.1262 
0.4710 	 -2.2615 	 1.4912 	 4.4790 	 1.1270 
0.4715 	 -2.2629 	 1.4911 	 4.4842 	 1.1279 
0.4720 	 -2.2642 	 1.4908 	 4.4895 	 1.1288 
0.4725 	 -2.2654 	 1.4905 	 4.4948 	 1.1297 
0.4730 	 -2.2666 	 1.4902 	 4.5001 	 1.1306 
0.4735 	 -2.2677 	 1.4898 	 4.5055 	 1.1315 
0.4740 	 -2.2688 	 1.4894 	 4.5109 	 1.1324 
0.4745 	 -2.2697 	 1.4889 	 4.5164 	 1.1333 
0.4750 	 -2.2706 	 1.4884 	 4.5219 	 1.1342 
0.4755 	 -2.2714 	 1.4879 	 4.5274 	 1.1351 
0.4760 	 -2.2721 	 1.4872 	 4.5330 	 1.1361 
0.4765 	 -2.2727 	 1.4866 	 4.5386 	 1.1370 
0.4770 	 -2.2732 	 1.4858 	 4.5443 	 1.1379 
0.4775 	 -2.2737 	 1.4851 	 4.5500 	 1.1388 
0.4780 	 -2.2740 	 1.4843 	 4.5557 	 1.1398 
0.4785 	 -2.2743 	 1.4834 	 4.5614 	 1.1407 
0.4790 	 -2.2744 	 1.4825 	 4.5672 	 1.1417 
0.4795 	 -2.2745 	 1.4815 	 4.5730 	 1.1426 
0.4800 	 -2.2745 	 1.4805 	 4.5789 	 1.1436 
0.4805 	 -2.2744 	 1.4795 	 4.5848 	 1.1446 
0.4810 	 -2.2742 	 1.4784 	 4.5907 	 1.1456 
0.4815 	 -2.2738 	 1.4773 	 4.5966 	 1.1465 
0.4820 	 -2.2734 	 1.4761 	 4.6026 	 1.1475 
0.4825 	 -2.2729 	 1.4749 	 4.6086 	 1.1485 
0.4830 	 -2.2723 	 1.4736 	 4.6146 	 1.1495 
0.4835 	 -2.2716 	 1.4723 	 4.6206 	 1.1505 
0.4840 	 -2.2708 	 1.4710 	 4.6267 	 1.1515 
0.4845 	 -2.2699 	 1.4696 	 4.6328 	 1.1525 
0.4850 	 -2.2689 	 1.4682 	 4.6389 	 1.1535 
0.4855 	 -2.2678 	 1.4667 	 4.6450 	 1.1545 
0.4860 	 -2.2666 	 1.4652 	 4.6512 	 1.1556 
0.4865 	 -2.2653 	 1.4637 	 4.6573 	 1.1566 
0.4870 	 -2.2639 	 1.4622 	 4.6635 	 1.1576 
0.4875 	 -2.2624 	 1.4606 	 4.6697 	 1.1587 
0.4880 	 -2.2608 	 1.4590 	 4.6759 	 1.1597 
0.4885 	 -2.2591 	 1.4574 	 4.6822 	 1.1608 
0.4890 	 -2.2573 	 1.4557 	 4.6884 	 1.1618 
0.4895 	 -2.2555 	 1.4540 	 4.6947 	 1.1629 
0.4900 	 -2.2535 	 1.4523 	 4.7009 	 1.1640 
0.4905 	 -2.2515 	 1.4506 	 4.7072 	 1.1651 
0.4910 	 -2.2494 	 1.4489 	 4.7134 	 1.1661 
0.4915 	 -2.2472 	 1.4471 	 4.7197 	 1.1672 
0.4920 	 -2.2449 	 1.4453 	 4.7260 	 1.1683 
0.4925 	 -2.2425 	 1.4435 	 4.7323 	 1.1694 
0.4930 	 -2.2401 	 1.4417 	 4.7386 	 1.1705 
0.4935 	 -2.2376 	 1.4398 	 4.7449 	 1.1716 
0.4940 	 -2.2350 	 1.4380 	 4.7511 	 1.1727 
0.4945 	 -2.2324 	 1.4361 	 4.7574 	 1.1739 
0.4950 	 -2.2297 	 1.4343 	 4.7637 	 1.1750 
0.4955 	 -2.2269 	 1.4324 	 4.7700 	 1.1761 
0.4960 	 -2.2241 	 1.4305 	 4.7763 	 1.1773 
0.4965 	 -2.2212 	 1.4286 	 4.7825 	 1.1784 
0.4970 	 -2.2183 	 1.4266 	 4.7888 	 1.1795 
0.4975 	 -2.2153 	 1.4247 	 4.7950 	 1.1807 
0.4980 	 -2.2123 	 1.4228 	 4.8013 	 1.1819 
0.4985 	 -2.2092 	 1.4208 	 4.8075 	 1.1830 
0.4990 	 -2.2061 	 1.4189 	 4.8137 	 1.1842 
0.4995 	 -2.2029 	 1.4169 	 4.8199 	 1.1854 
0.5000 	 -2.1997 	 1.4150 	 4.8261 	 1.1866 
