0.00000000 	 0.00000000 	 0.00000000 	 0.00000000 
0.00050000 	 1020.57383691 	 -0.00039285 	 4.25173625 
0.00100000 	 1024.11562411 	 -0.00043689 	 4.25173625 
0.00150000 	 1027.58729681 	 -0.00047922 	 4.25173625 
0.00200000 	 1030.97724762 	 -0.00052069 	 4.25173625 
0.00250000 	 1034.27448455 	 -0.00056032 	 4.25173625 
0.00300000 	 1037.46865009 	 -0.00059761 	 4.25173625 
0.00350000 	 1040.55006704 	 -0.00063284 	 4.25173625 
0.00400000 	 1043.50973522 	 -0.00066524 	 4.25173625 
0.00450000 	 1046.33907982 	 -0.00069519 	 4.25173625 
0.00500000 	 1049.02993333 	 -0.00072140 	 4.25173625 
0.00550000 	 1051.57469807 	 -0.00074406 	 4.25173625 
0.00600000 	 1053.96630894 	 -0.00076235 	 4.25173625 
0.00650000 	 1056.19866662 	 -0.00077622 	 4.25173625 
0.00700000 	 1058.26645701 	 -0.00078659 	 4.25173625 
0.00750000 	 1060.16474339 	 -0.00079374 	 4.25173625 
0.00800000 	 1061.88839598 	 -0.00079662 	 4.25173625 
0.00850000 	 1063.43224796 	 -0.00079700 	 4.25173625 
0.00900000 	 1064.79176639 	 -0.00079418 	 4.25173625 
0.00950000 	 1065.96306026 	 -0.00078832 	 4.25173625 
0.01000000 	 1066.94308430 	 -0.00077906 	 4.25173625 
0.01050000 	 1067.72955195 	 -0.00076639 	 4.25173625 
0.01100000 	 1068.32063512 	 -0.00075129 	 4.25173625 
0.01150000 	 1068.71483722 	 -0.00073488 	 4.25173625 
0.01200000 	 1068.91100248 	 -0.00071614 	 4.25173625 
0.01250000 	 1068.90823942 	 -0.00069380 	 4.25173625 
0.01300000 	 1068.70622182 	 -0.00067012 	 4.25173625 
0.01350000 	 1068.30503712 	 -0.00064546 	 4.25173625 
0.01400000 	 1067.70536859 	 -0.00061916 	 4.25173625 
0.01450000 	 1066.90870416 	 -0.00059110 	 4.25173625 
0.01500000 	 1065.91678074 	 -0.00056125 	 4.25173625 
0.01550000 	 1064.73156620 	 -0.00052924 	 4.25173625 
0.01600000 	 1063.35555199 	 -0.00049581 	 4.25173625 
0.01650000 	 1061.79170478 	 -0.00046049 	 4.25173625 
0.01700000 	 1060.04294272 	 -0.00042291 	 4.25173625 
0.01750000 	 1058.11198344 	 -0.00038383 	 4.25173625 
0.01800000 	 1056.00168089 	 -0.00034275 	 4.25173625 
0.01850000 	 1053.71528465 	 -0.00029873 	 4.25173625 
0.01900000 	 1051.25658367 	 -0.00025330 	 4.25173625 
0.01950000 	 1048.63028744 	 -0.00020619 	 4.25173625 
0.02000000 	 1045.84209873 	 -0.00015800 	 4.25173625 
0.02050000 	 1042.89848934 	 -0.00010863 	 4.25173625 
0.02100000 	 1039.80683990 	 -0.00005888 	 4.25173625 
0.02150000 	 1036.57535487 	 -0.00000798 	 4.25173625 
0.02200000 	 1033.21292808 	 0.00004358 	 4.25173625 
0.02250000 	 1029.72915458 	 0.00009536 	 4.25173625 
0.02300000 	 1026.13441416 	 0.00014774 	 4.25173625 
0.02350000 	 1022.43997281 	 0.00020111 	 4.25173625 
0.02400000 	 1018.65797891 	 0.00025474 	 4.25173625 
0.02450000 	 1014.80129198 	 0.00030826 	 4.25173625 
0.02500000 	 1010.88343661 	 0.00036013 	 4.25173625 
0.02550000 	 1006.91868999 	 0.00041208 	 4.25173625 
0.02600000 	 1002.92207414 	 0.00046479 	 4.25173625 
0.02650000 	 998.90925260 	 0.00051648 	 4.25173625 
0.02700000 	 994.89651972 	 0.00056845 	 4.25173625 
0.02750000 	 990.90015611 	 0.00061997 	 4.25173625 
0.02800000 	 986.93608244 	 0.00066960 	 4.25173625 
0.02850000 	 983.02030362 	 0.00071833 	 4.25173625 
0.02900000 	 979.16874965 	 0.00076721 	 4.25173625 
0.02950000 	 975.39729496 	 0.00081496 	 4.25173625 
0.03000000 	 971.72202804 	 0.00086104 	 4.25173625 
0.03050000 	 968.15884303 	 0.00090625 	 4.25173625 
0.03100000 	 964.72330194 	 0.00094916 	 4.25173625 
0.03150000 	 961.43075879 	 0.00099073 	 4.25173625 
0.03200000 	 958.29611791 	 0.00103089 	 4.25173625 
0.03250000 	 955.33384623 	 0.00106950 	 4.25173625 
0.03300000 	 952.55811115 	 0.00110588 	 4.25173625 
0.03350000 	 949.98220293 	 0.00113921 	 4.25173625 
0.03400000 	 947.61812037 	 0.00116937 	 4.25173625 
0.03450000 	 945.47659693 	 0.00119710 	 4.25173625 
0.03500000 	 943.56738114 	 0.00122092 	 4.25173625 
0.03550000 	 941.89938513 	 0.00124128 	 4.25173625 
0.03600000 	 940.48013136 	 0.00125804 	 4.25173625 
0.03650000 	 939.31539780 	 0.00127120 	 4.25173625 
0.03700000 	 938.40960039 	 0.00127992 	 4.25173625 
0.03750000 	 937.76581186 	 0.00128561 	 4.25173625 
0.03800000 	 937.38536611 	 0.00128686 	 4.25173625 
0.03850000 	 937.26804038 	 0.00128466 	 4.25173625 
0.03900000 	 937.41211487 	 0.00127890 	 4.25173625 
0.03950000 	 937.81430296 	 0.00126915 	 4.25173625 
0.04000000 	 938.46977752 	 0.00125498 	 4.25173625 
0.04050000 	 939.37230927 	 0.00123800 	 4.25173625 
0.04100000 	 940.51439179 	 0.00121696 	 4.25173625 
0.04150000 	 941.88733532 	 0.00119344 	 4.25173625 
0.04200000 	 943.48126636 	 0.00116623 	 4.25173625 
0.04250000 	 945.28530142 	 0.00113656 	 4.25173625 
0.04300000 	 947.28763237 	 0.00110403 	 4.25173625 
0.04350000 	 949.47557905 	 0.00106848 	 4.25173625 
0.04400000 	 951.83596069 	 0.00103129 	 4.25173625 
0.04450000 	 954.35462881 	 0.00099044 	 4.25173625 
0.04500000 	 957.01637822 	 0.00094754 	 4.25173625 
0.04550000 	 959.80551508 	 0.00090250 	 4.25173625 
0.04600000 	 962.70593391 	 0.00085522 	 4.25173625 
0.04650000 	 965.70108299 	 0.00080820 	 4.25173625 
0.04700000 	 968.77414040 	 0.00076064 	 4.25173625 
0.04750000 	 971.90834874 	 0.00071189 	 4.25173625 
0.04800000 	 975.08694128 	 0.00066274 	 4.25173625 
0.04850000 	 978.29335479 	 0.00061385 	 4.25173625 
0.04900000 	 981.51158717 	 0.00056471 	 4.25173625 
0.04950000 	 984.72579488 	 0.00051542 	 4.25173625 
0.05000000 	 987.92058345 	 0.00046694 	 4.25173625 
0.05050000 	 991.08101044 	 0.00041932 	 4.25173625 
0.05100000 	 994.19237629 	 0.00037182 	 4.25173625 
0.05150000 	 997.24088484 	 0.00032548 	 4.25173625 
0.05200000 	 1000.21341684 	 0.00028057 	 4.25173625 
0.05250000 	 1003.09750823 	 0.00023660 	 4.25173625 
0.05300000 	 1005.88163628 	 0.00019519 	 4.25173625 
0.05350000 	 1008.55497802 	 0.00015454 	 4.25173625 
0.05400000 	 1011.10753396 	 0.00011734 	 4.25173625 
0.05450000 	 1013.53020537 	 0.00008211 	 4.25173625 
0.05500000 	 1015.81443322 	 0.00004897 	 4.25173625 
0.05550000 	 1017.95226458 	 0.00001779 	 4.25173625 
0.05600000 	 1019.93654571 	 -0.00001064 	 4.25173625 
0.05650000 	 1021.76096791 	 -0.00003646 	 4.25173625 
0.05700000 	 1023.42001933 	 -0.00005965 	 4.25173625 
0.05750000 	 1024.90924889 	 -0.00007984 	 4.25173625 
0.05800000 	 1026.22544057 	 -0.00009740 	 4.25173625 
0.05850000 	 1027.36645018 	 -0.00011154 	 4.25173625 
0.05900000 	 1028.33101371 	 -0.00012388 	 4.25173625 
0.05950000 	 1029.11889234 	 -0.00013287 	 4.25173625 
0.06000000 	 1029.73069390 	 -0.00013986 	 4.25173625 
0.06050000 	 1030.16723151 	 -0.00014361 	 4.25173625 
0.06100000 	 1030.42940513 	 -0.00014525 	 4.25173625 
0.06150000 	 1030.51843618 	 -0.00014354 	 4.25173625 
0.06200000 	 1030.43642666 	 -0.00013832 	 4.25173625 
0.06250000 	 1030.18600927 	 -0.00012921 	 4.25173625 
0.06300000 	 1029.76980648 	 -0.00011804 	 4.25173625 
0.06350000 	 1029.19081802 	 -0.00010404 	 4.25173625 
0.06400000 	 1028.45285884 	 -0.00008878 	 4.25173625 
0.06450000 	 1027.55999290 	 -0.00007219 	 4.25173625 
0.06500000 	 1026.51617659 	 -0.00005535 	 4.25173625 
0.06550000 	 1025.32541704 	 -0.00003795 	 4.25173625 
0.06600000 	 1023.99197972 	 -0.00001843 	 4.25173625 
0.06650000 	 1022.52085281 	 0.00000144 	 4.25173625 
0.06700000 	 1020.91785146 	 0.00002157 	 4.25173625 
0.06750000 	 1019.18980554 	 0.00004294 	 4.25173625 
0.06800000 	 1017.34409551 	 0.00006596 	 4.25173625 
0.06850000 	 1015.38828766 	 0.00009095 	 4.25173625 
0.06900000 	 1013.33031434 	 0.00011730 	 4.25173625 
0.06950000 	 1011.17812452 	 0.00014399 	 4.25173625 
0.07000000 	 1008.93989386 	 0.00017185 	 4.25173625 
0.07050000 	 1006.62448988 	 0.00020103 	 4.25173625 
0.07100000 	 1004.24130487 	 0.00023158 	 4.25173625 
0.07150000 	 1001.80020809 	 0.00026299 	 4.25173625 
0.07200000 	 999.31135953 	 0.00029570 	 4.25173625 
0.07250000 	 996.78484525 	 0.00032945 	 4.25173625 
0.07300000 	 994.23092924 	 0.00036466 	 4.25173625 
0.07350000 	 991.66010198 	 0.00040060 	 4.25173625 
0.07400000 	 989.08304087 	 0.00043720 	 4.25173625 
0.07450000 	 986.51052031 	 0.00047328 	 4.25173625 
0.07500000 	 983.95314674 	 0.00051038 	 4.25173625 
0.07550000 	 981.42109723 	 0.00054782 	 4.25173625 
0.07600000 	 978.92388208 	 0.00058600 	 4.25173625 
0.07650000 	 976.47049367 	 0.00062234 	 4.25173625 
0.07700000 	 974.06954332 	 0.00065762 	 4.25173625 
0.07750000 	 971.72919012 	 0.00069066 	 4.25173625 
0.07800000 	 969.45742866 	 0.00072191 	 4.25173625 
0.07850000 	 967.26229277 	 0.00075227 	 4.25173625 
0.07900000 	 965.15175651 	 0.00078071 	 4.25173625 
0.07950000 	 963.13358425 	 0.00080709 	 4.25173625 
0.08000000 	 961.21481740 	 0.00083244 	 4.25173625 
0.08050000 	 959.40177479 	 0.00085603 	 4.25173625 
0.08100000 	 957.70038463 	 0.00087905 	 4.25173625 
0.08150000 	 956.11551534 	 0.00090094 	 4.25173625 
0.08200000 	 954.65122170 	 0.00092138 	 4.25173625 
0.08250000 	 953.31109900 	 0.00093969 	 4.25173625 
0.08300000 	 952.09793981 	 0.00095720 	 4.25173625 
0.08350000 	 951.01394961 	 0.00097202 	 4.25173625 
0.08400000 	 950.06080038 	 0.00098473 	 4.25173625 
0.08450000 	 949.23881925 	 0.00099553 	 4.25173625 
0.08500000 	 948.54667745 	 0.00100559 	 4.25173625 
0.08550000 	 947.98225115 	 0.00101419 	 4.25173625 
0.08600000 	 947.54264263 	 0.00102123 	 4.25173625 
0.08650000 	 947.22388408 	 0.00102683 	 4.25173625 
0.08700000 	 947.02104743 	 0.00103067 	 4.25173625 
0.08750000 	 946.92861691 	 0.00103371 	 4.25173625 
0.08800000 	 946.94046335 	 0.00103654 	 4.25173625 
0.08850000 	 947.04986610 	 0.00103821 	 4.25173625 
0.08900000 	 947.24967338 	 0.00103941 	 4.25173625 
0.08950000 	 947.53239589 	 0.00104004 	 4.25173625 
0.09000000 	 947.89044742 	 0.00103870 	 4.25173625 
0.09050000 	 948.31600097 	 0.00103700 	 4.25173625 
0.09100000 	 948.80082407 	 0.00103377 	 4.25173625 
0.09150000 	 949.33652517 	 0.00103013 	 4.25173625 
0.09200000 	 949.91444072 	 0.00102580 	 4.25173625 
0.09250000 	 950.52570048 	 0.00102044 	 4.25173625 
0.09300000 	 951.16154622 	 0.00101450 	 4.25173625 
0.09350000 	 951.81290018 	 0.00100727 	 4.25173625 
0.09400000 	 952.47022432 	 0.00099994 	 4.25173625 
0.09450000 	 953.12393089 	 0.00099355 	 4.25173625 
0.09500000 	 953.76442744 	 0.00098758 	 4.25173625 
0.09550000 	 954.38195100 	 0.00098230 	 4.25173625 
0.09600000 	 954.96711876 	 0.00097726 	 4.25173625 
0.09650000 	 955.51120622 	 0.00097335 	 4.25173625 
0.09700000 	 956.00613873 	 0.00096965 	 4.25173625 
0.09750000 	 956.44426645 	 0.00096510 	 4.25173625 
0.09800000 	 956.81813465 	 0.00096026 	 4.25173625 
0.09850000 	 957.12082901 	 0.00095590 	 4.25173625 
0.09900000 	 957.34642065 	 0.00095038 	 4.25173625 
0.09950000 	 957.49000478 	 0.00094457 	 4.25173625 
0.10000000 	 957.54751643 	 0.00093806 	 4.25173625 
0.10050000 	 957.51601647 	 0.00093093 	 4.25173625 
0.10100000 	 957.39376094 	 0.00092249 	 4.25173625 
0.10150000 	 957.17990646 	 0.00091310 	 4.25173625 
0.10200000 	 956.87455117 	 0.00090265 	 4.25173625 
0.10250000 	 956.47877173 	 0.00089240 	 4.25173625 
0.10300000 	 955.99451747 	 0.00088083 	 4.25173625 
0.10350000 	 955.42467510 	 0.00086937 	 4.25173625 
0.10400000 	 954.77324848 	 0.00085694 	 4.25173625 
0.10450000 	 954.04549706 	 0.00084415 	 4.25173625 
0.10500000 	 953.24743552 	 0.00083060 	 4.25173625 
0.10550000 	 952.38570581 	 0.00081712 	 4.25173625 
0.10600000 	 951.46772874 	 0.00080329 	 4.25173625 
0.10650000 	 950.50184656 	 0.00078889 	 4.25173625 
0.10700000 	 949.49727583 	 0.00077465 	 4.25173625 
0.10750000 	 948.46382139 	 0.00076001 	 4.25173625 
0.10800000 	 947.41172651 	 0.00074520 	 4.25173625 
0.10850000 	 946.35168358 	 0.00072961 	 4.25173625 
0.10900000 	 945.29449977 	 0.00071364 	 4.25173625 
0.10950000 	 944.25085072 	 0.00069533 	 4.25173625 
0.11000000 	 943.23168675 	 0.00067507 	 4.25173625 
0.11050000 	 942.24812131 	 0.00065498 	 4.25173625 
0.11100000 	 941.31119626 	 0.00063287 	 4.25173625 
0.11150000 	 940.43181048 	 0.00060928 	 4.25173625 
0.11200000 	 939.62035626 	 0.00058405 	 4.25173625 
0.11250000 	 938.88618281 	 0.00055475 	 4.25173625 
0.11300000 	 938.23757453 	 0.00052327 	 4.25173625 
0.11350000 	 937.68176126 	 0.00048982 	 4.25173625 
0.11400000 	 937.22509167 	 0.00045477 	 4.25173625 
0.11450000 	 936.87314806 	 0.00041845 	 4.25173625 
0.11500000 	 936.63088853 	 0.00038036 	 4.25173625 
0.11550000 	 936.50272990 	 0.00034145 	 4.25173625 
0.11600000 	 936.49199182 	 0.00030132 	 4.25173625 
0.11650000 	 936.60073023 	 0.00026045 	 4.25173625 
0.11700000 	 936.82981768 	 0.00021798 	 4.25173625 
0.11750000 	 937.17899767 	 0.00017448 	 4.25173625 
0.11800000 	 937.64718049 	 0.00013015 	 4.25173625 
0.11850000 	 938.23243691 	 0.00008506 	 4.25173625 
0.11900000 	 938.93180176 	 0.00003898 	 4.25173625 
0.11950000 	 939.74154699 	 -0.00000723 	 4.25173625 
0.12000000 	 940.65710584 	 -0.00005442 	 4.25173625 
0.12050000 	 941.67322569 	 -0.00010289 	 4.25173625 
0.12100000 	 942.78399777 	 -0.00015250 	 4.25173625 
0.12150000 	 943.98264473 	 -0.00020306 	 4.25173625 
0.12200000 	 945.26156102 	 -0.00025303 	 4.25173625 
0.12250000 	 946.61222503 	 -0.00030367 	 4.25173625 
0.12300000 	 948.02586499 	 -0.00035355 	 4.25173625 
0.12350000 	 949.49377871 	 -0.00040364 	 4.25173625 
0.12400000 	 951.00699320 	 -0.00045416 	 4.25173625 
0.12450000 	 952.55653209 	 -0.00050470 	 4.25173625 
0.12500000 	 954.13373110 	 -0.00055508 	 4.25173625 
0.12550000 	 955.72968140 	 -0.00060660 	 4.25173625 
0.12600000 	 957.33514672 	 -0.00065753 	 4.25173625 
0.12650000 	 958.94070657 	 -0.00070936 	 4.25173625 
0.12700000 	 960.53708562 	 -0.00076206 	 4.25173625 
0.12750000 	 962.11560838 	 -0.00081555 	 4.25173625 
0.12800000 	 963.66838058 	 -0.00086850 	 4.25173625 
0.12850000 	 965.18853833 	 -0.00092081 	 4.25173625 
0.12900000 	 966.66991747 	 -0.00097346 	 4.25173625 
0.12950000 	 968.10700797 	 -0.00102491 	 4.25173625 
0.13000000 	 969.49514538 	 -0.00107493 	 4.25173625 
0.13050000 	 970.83038402 	 -0.00112241 	 4.25173625 
0.13100000 	 972.10970852 	 -0.00116804 	 4.25173625 
0.13150000 	 973.33126568 	 -0.00121351 	 4.25173625 
0.13200000 	 974.49348878 	 -0.00125698 	 4.25173625 
0.13250000 	 975.59461730 	 -0.00129994 	 4.25173625 
0.13300000 	 976.63315676 	 -0.00134323 	 4.25173625 
0.13350000 	 977.60794657 	 -0.00138531 	 4.25173625 
0.13400000 	 978.51804145 	 -0.00142538 	 4.25173625 
0.13450000 	 979.36295927 	 -0.00146347 	 4.25173625 
0.13500000 	 980.14293150 	 -0.00149900 	 4.25173625 
0.13550000 	 980.85884896 	 -0.00153247 	 4.25173625 
0.13600000 	 981.51220137 	 -0.00156371 	 4.25173625 
0.13650000 	 982.10512691 	 -0.00159329 	 4.25173625 
0.13700000 	 982.64049911 	 -0.00161939 	 4.25173625 
0.13750000 	 983.12185895 	 -0.00164445 	 4.25173625 
0.13800000 	 983.55303245 	 -0.00166820 	 4.25173625 
0.13850000 	 983.93823219 	 -0.00169004 	 4.25173625 
0.13900000 	 984.28209677 	 -0.00170955 	 4.25173625 
0.13950000 	 984.58949299 	 -0.00172716 	 4.25173625 
0.14000000 	 984.86544779 	 -0.00174193 	 4.25173625 
0.14050000 	 985.11497294 	 -0.00175449 	 4.25173625 
0.14100000 	 985.34308899 	 -0.00176491 	 4.25173625 
0.14150000 	 985.55457979 	 -0.00177323 	 4.25173625 
0.14200000 	 985.75400252 	 -0.00177961 	 4.25173625 
0.14250000 	 985.94579285 	 -0.00178479 	 4.25173625 
0.14300000 	 986.13412882 	 -0.00178977 	 4.25173625 
0.14350000 	 986.32312061 	 -0.00179342 	 4.25173625 
0.14400000 	 986.51681595 	 -0.00179614 	 4.25173625 
0.14450000 	 986.71897149 	 -0.00179815 	 4.25173625 
0.14500000 	 986.93325902 	 -0.00179912 	 4.25173625 
0.14550000 	 987.16331005 	 -0.00179911 	 4.25173625 
0.14600000 	 987.41283522 	 -0.00179777 	 4.25173625 
0.14650000 	 987.68551228 	 -0.00179663 	 4.25173625 
0.14700000 	 987.98503285 	 -0.00179514 	 4.25173625 
0.14750000 	 988.31536560 	 -0.00179425 	 4.25173625 
0.14800000 	 988.68051747 	 -0.00179413 	 4.25173625 
0.14850000 	 989.08428147 	 -0.00179442 	 4.25173625 
0.14900000 	 989.53021960 	 -0.00179571 	 4.25173625 
0.14950000 	 990.02142420 	 -0.00179814 	 4.25173625 
0.15000000 	 990.56029547 	 -0.00180183 	 4.25173625 
0.15050000 	 991.14887331 	 -0.00180555 	 4.25173625 
0.15100000 	 991.78880758 	 -0.00181099 	 4.25173625 
0.15150000 	 992.48135297 	 -0.00181742 	 4.25173625 
0.15200000 	 993.22735496 	 -0.00182492 	 4.25173625 
0.15250000 	 994.02710084 	 -0.00183508 	 4.25173625 
0.15300000 	 994.88038454 	 -0.00184558 	 4.25173625 
0.15350000 	 995.78661643 	 -0.00185834 	 4.25173625 
0.15400000 	 996.74499442 	 -0.00187265 	 4.25173625 
0.15450000 	 997.75459846 	 -0.00188855 	 4.25173625 
0.15500000 	 998.81426422 	 -0.00190464 	 4.25173625 
0.15550000 	 999.92240226 	 -0.00192339 	 4.25173625 
0.15600000 	 1001.07692459 	 -0.00194251 	 4.25173625 
0.15650000 	 1002.27503162 	 -0.00196221 	 4.25173625 
0.15700000 	 1003.51339829 	 -0.00198335 	 4.25173625 
0.15750000 	 1004.78837674 	 -0.00200545 	 4.25173625 
0.15800000 	 1006.09589545 	 -0.00202886 	 4.25173625 
0.15850000 	 1007.43172752 	 -0.00205338 	 4.25173625 
0.15900000 	 1008.79155809 	 -0.00207765 	 4.25173625 
0.15950000 	 1010.17088821 	 -0.00210341 	 4.25173625 
0.16000000 	 1011.56502687 	 -0.00213086 	 4.25173625 
0.16050000 	 1012.96913670 	 -0.00215949 	 4.25173625 
0.16100000 	 1014.37827727 	 -0.00219022 	 4.25173625 
0.16150000 	 1015.78746075 	 -0.00222390 	 4.25173625 
0.16200000 	 1017.19156497 	 -0.00225905 	 4.25173625 
0.16250000 	 1018.58560928 	 -0.00229562 	 4.25173625 
0.16300000 	 1019.96500793 	 -0.00233225 	 4.25173625 
0.16350000 	 1021.32574614 	 -0.00237095 	 4.25173625 
0.16400000 	 1022.66448600 	 -0.00240985 	 4.25173625 
0.16450000 	 1023.97807281 	 -0.00244873 	 4.25173625 
0.16500000 	 1025.26374515 	 -0.00248760 	 4.25173625 
0.16550000 	 1026.51933239 	 -0.00252723 	 4.25173625 
0.16600000 	 1027.74322069 	 -0.00256589 	 4.25173625 
0.16650000 	 1028.93470951 	 -0.00260422 	 4.25173625 
0.16700000 	 1030.09373068 	 -0.00264022 	 4.25173625 
0.16750000 	 1031.22008668 	 -0.00267476 	 4.25173625 
0.16800000 	 1032.31308663 	 -0.00270779 	 4.25173625 
0.16850000 	 1033.37136229 	 -0.00274000 	 4.25173625 
0.16900000 	 1034.39329400 	 -0.00277076 	 4.25173625 
0.16950000 	 1035.37721645 	 -0.00280027 	 4.25173625 
0.17000000 	 1036.32121956 	 -0.00282867 	 4.25173625 
0.17050000 	 1037.22345167 	 -0.00285546 	 4.25173625 
0.17100000 	 1038.08214226 	 -0.00288266 	 4.25173625 
0.17150000 	 1038.89545405 	 -0.00290753 	 4.25173625 
0.17200000 	 1039.66154983 	 -0.00293030 	 4.25173625 
0.17250000 	 1040.37879604 	 -0.00295106 	 4.25173625 
0.17300000 	 1041.04562555 	 -0.00297088 	 4.25173625 
0.17350000 	 1041.66006923 	 -0.00298961 	 4.25173625 
0.17400000 	 1042.22019007 	 -0.00300747 	 4.25173625 
0.17450000 	 1042.72464537 	 -0.00302526 	 4.25173625 
0.17500000 	 1043.17255338 	 -0.00304185 	 4.25173625 
0.17550000 	 1043.56353157 	 -0.00305809 	 4.25173625 
0.17600000 	 1043.89747292 	 -0.00307318 	 4.25173625 
0.17650000 	 1044.17382877 	 -0.00308711 	 4.25173625 
0.17700000 	 1044.39164699 	 -0.00309980 	 4.25173625 
0.17750000 	 1044.55001838 	 -0.00311078 	 4.25173625 
0.17800000 	 1044.64788760 	 -0.00312104 	 4.25173625 
0.17850000 	 1044.68390212 	 -0.00313001 	 4.25173625 
0.17900000 	 1044.65660456 	 -0.00313760 	 4.25173625 
0.17950000 	 1044.56481323 	 -0.00314340 	 4.25173625 
0.18000000 	 1044.40751733 	 -0.00314670 	 4.25173625 
0.18050000 	 1044.18373118 	 -0.00314872 	 4.25173625 
0.18100000 	 1043.89308921 	 -0.00314879 	 4.25173625 
0.18150000 	 1043.53561667 	 -0.00314761 	 4.25173625 
0.18200000 	 1043.11133567 	 -0.00314394 	 4.25173625 
0.18250000 	 1042.62037056 	 -0.00313921 	 4.25173625 
0.18300000 	 1042.06295177 	 -0.00313170 	 4.25173625 
0.18350000 	 1041.43967519 	 -0.00312224 	 4.25173625 
0.18400000 	 1040.75136292 	 -0.00311157 	 4.25173625 
0.18450000 	 1039.99931814 	 -0.00309919 	 4.25173625 
0.18500000 	 1039.18543690 	 -0.00308560 	 4.25173625 
0.18550000 	 1038.31211777 	 -0.00307047 	 4.25173625 
0.18600000 	 1037.38230222 	 -0.00305427 	 4.25173625 
0.18650000 	 1036.39921525 	 -0.00303724 	 4.25173625 
0.18700000 	 1035.36668907 	 -0.00301984 	 4.25173625 
0.18750000 	 1034.28915514 	 -0.00300175 	 4.25173625 
0.18800000 	 1033.17125370 	 -0.00298376 	 4.25173625 
0.18850000 	 1032.01822910 	 -0.00296555 	 4.25173625 
0.18900000 	 1030.83606049 	 -0.00294684 	 4.25173625 
0.18950000 	 1029.63120852 	 -0.00292698 	 4.25173625 
0.19000000 	 1028.41045689 	 -0.00290793 	 4.25173625 
0.19050000 	 1027.18089069 	 -0.00288629 	 4.25173625 
0.19100000 	 1025.94994401 	 -0.00286462 	 4.25173625 
0.19150000 	 1024.72511741 	 -0.00284282 	 4.25173625 
0.19200000 	 1023.51380727 	 -0.00282081 	 4.25173625 
0.19250000 	 1022.32306457 	 -0.00279753 	 4.25173625 
0.19300000 	 1021.15933299 	 -0.00277394 	 4.25173625 
0.19350000 	 1020.02871347 	 -0.00274980 	 4.25173625 
0.19400000 	 1018.93717649 	 -0.00272532 	 4.25173625 
0.19450000 	 1017.89019892 	 -0.00270132 	 4.25173625 
0.19500000 	 1016.89221497 	 -0.00267608 	 4.25173625 
0.19550000 	 1015.94656234 	 -0.00265148 	 4.25173625 
0.19600000 	 1015.05566226 	 -0.00262679 	 4.25173625 
0.19650000 	 1014.22121190 	 -0.00260225 	 4.25173625 
0.19700000 	 1013.44453250 	 -0.00257947 	 4.25173625 
0.19750000 	 1012.72627848 	 -0.00255638 	 4.25173625 
0.19800000 	 1012.06643904 	 -0.00253240 	 4.25173625 
0.19850000 	 1011.46454920 	 -0.00251041 	 4.25173625 
0.19900000 	 1010.91956774 	 -0.00248952 	 4.25173625 
0.19950000 	 1010.43008149 	 -0.00246847 	 4.25173625 
0.20000000 	 1009.99437300 	 -0.00244862 	 4.25173625 
0.20050000 	 1009.61030266 	 -0.00242884 	 4.25173625 
0.20100000 	 1009.27513817 	 -0.00241000 	 4.25173625 
0.20150000 	 1008.98537438 	 -0.00239081 	 4.25173625 
0.20200000 	 1008.73713620 	 -0.00237191 	 4.25173625 
0.20250000 	 1008.52671232 	 -0.00235281 	 4.25173625 
0.20300000 	 1008.35051482 	 -0.00233345 	 4.25173625 
0.20350000 	 1008.20534606 	 -0.00231389 	 4.25173625 
0.20400000 	 1008.08834545 	 -0.00229468 	 4.25173625 
0.20450000 	 1007.99656377 	 -0.00227620 	 4.25173625 
0.20500000 	 1007.92687722 	 -0.00225858 	 4.25173625 
0.20550000 	 1007.87623548 	 -0.00223993 	 4.25173625 
0.20600000 	 1007.84178767 	 -0.00222154 	 4.25173625 
0.20650000 	 1007.82095397 	 -0.00220305 	 4.25173625 
0.20700000 	 1007.81193076 	 -0.00218474 	 4.25173625 
0.20750000 	 1007.81328491 	 -0.00216717 	 4.25173625 
0.20800000 	 1007.82370294 	 -0.00215013 	 4.25173625 
0.20850000 	 1007.84232153 	 -0.00213332 	 4.25173625 
0.20900000 	 1007.86835560 	 -0.00211828 	 4.25173625 
0.20950000 	 1007.90141972 	 -0.00210331 	 4.25173625 
0.21000000 	 1007.94144362 	 -0.00209073 	 4.25173625 
0.21050000 	 1007.98798856 	 -0.00207859 	 4.25173625 
0.21100000 	 1008.04070255 	 -0.00206678 	 4.25173625 
0.21150000 	 1008.09948680 	 -0.00205487 	 4.25173625 
0.21200000 	 1008.16416766 	 -0.00204493 	 4.25173625 
0.21250000 	 1008.23464901 	 -0.00203557 	 4.25173625 
0.21300000 	 1008.31101864 	 -0.00202682 	 4.25173625 
0.21350000 	 1008.39354228 	 -0.00201868 	 4.25173625 
0.21400000 	 1008.48239395 	 -0.00201085 	 4.25173625 
0.21450000 	 1008.57766002 	 -0.00200259 	 4.25173625 
0.21500000 	 1008.67968397 	 -0.00199450 	 4.25173625 
0.21550000 	 1008.78876209 	 -0.00198826 	 4.25173625 
0.21600000 	 1008.90503646 	 -0.00198327 	 4.25173625 
0.21650000 	 1009.02867691 	 -0.00198134 	 4.25173625 
0.21700000 	 1009.15970755 	 -0.00197761 	 4.25173625 
0.21750000 	 1009.29790550 	 -0.00197466 	 4.25173625 
0.21800000 	 1009.44277965 	 -0.00197144 	 4.25173625 
0.21850000 	 1009.59355097 	 -0.00196860 	 4.25173625 
0.21900000 	 1009.74922615 	 -0.00196653 	 4.25173625 
0.21950000 	 1009.90821392 	 -0.00196449 	 4.25173625 
0.22000000 	 1010.06856804 	 -0.00196238 	 4.25173625 
0.22050000 	 1010.22799274 	 -0.00196081 	 4.25173625 
0.22100000 	 1010.38364983 	 -0.00195910 	 4.25173625 
0.22150000 	 1010.53236712 	 -0.00195634 	 4.25173625 
0.22200000 	 1010.67044888 	 -0.00195280 	 4.25173625 
0.22250000 	 1010.79394321 	 -0.00194882 	 4.25173625 
0.22300000 	 1010.89911919 	 -0.00194261 	 4.25173625 
0.22350000 	 1010.98227314 	 -0.00193557 	 4.25173625 
0.22400000 	 1011.03919214 	 -0.00192815 	 4.25173625 
0.22450000 	 1011.06538512 	 -0.00191827 	 4.25173625 
0.22500000 	 1011.05652651 	 -0.00190782 	 4.25173625 
0.22550000 	 1011.00870587 	 -0.00189564 	 4.25173625 
0.22600000 	 1010.91845234 	 -0.00188378 	 4.25173625 
0.22650000 	 1010.78269857 	 -0.00187144 	 4.25173625 
0.22700000 	 1010.59863116 	 -0.00185883 	 4.25173625 
0.22750000 	 1010.36374701 	 -0.00184536 	 4.25173625 
0.22800000 	 1010.07599727 	 -0.00183215 	 4.25173625 
0.22850000 	 1009.73368995 	 -0.00181941 	 4.25173625 
0.22900000 	 1009.33586983 	 -0.00180764 	 4.25173625 
0.22950000 	 1008.88214614 	 -0.00179618 	 4.25173625 
0.23000000 	 1008.37244309 	 -0.00178420 	 4.25173625 
0.23050000 	 1007.80699690 	 -0.00177386 	 4.25173625 
0.23100000 	 1007.18629191 	 -0.00176492 	 4.25173625 
0.23150000 	 1006.51153371 	 -0.00175686 	 4.25173625 
0.23200000 	 1005.78455867 	 -0.00174992 	 4.25173625 
0.23250000 	 1005.00761324 	 -0.00174255 	 4.25173625 
0.23300000 	 1004.18339485 	 -0.00173536 	 4.25173625 
0.23350000 	 1003.31424827 	 -0.00172751 	 4.25173625 
0.23400000 	 1002.40228006 	 -0.00171972 	 4.25173625 
0.23450000 	 1001.45003975 	 -0.00171251 	 4.25173625 
0.23500000 	 1000.46042342 	 -0.00170482 	 4.25173625 
0.23550000 	 999.43627711 	 -0.00169591 	 4.25173625 
0.23600000 	 998.38014983 	 -0.00168767 	 4.25173625 
0.23650000 	 997.29395605 	 -0.00167868 	 4.25173625 
0.23700000 	 996.17873546 	 -0.00166956 	 4.25173625 
0.23750000 	 995.03501053 	 -0.00166008 	 4.25173625 
0.23800000 	 993.86311617 	 -0.00164905 	 4.25173625 
0.23850000 	 992.66334611 	 -0.00163733 	 4.25173625 
0.23900000 	 991.43617322 	 -0.00162453 	 4.25173625 
0.23950000 	 990.18212326 	 -0.00161110 	 4.25173625 
0.24000000 	 988.90146888 	 -0.00159590 	 4.25173625 
0.24050000 	 987.59435259 	 -0.00157983 	 4.25173625 
0.24100000 	 986.26074586 	 -0.00156266 	 4.25173625 
0.24150000 	 984.90077052 	 -0.00154505 	 4.25173625 
0.24200000 	 983.51492624 	 -0.00152677 	 4.25173625 
0.24250000 	 982.10396332 	 -0.00150721 	 4.25173625 
0.24300000 	 980.66872413 	 -0.00148666 	 4.25173625 
0.24350000 	 979.20959361 	 -0.00146408 	 4.25173625 
0.24400000 	 977.72656556 	 -0.00144061 	 4.25173625 
0.24450000 	 976.21985369 	 -0.00141610 	 4.25173625 
0.24500000 	 974.69029431 	 -0.00139066 	 4.25173625 
0.24550000 	 973.13935156 	 -0.00136375 	 4.25173625 
0.24600000 	 971.56873855 	 -0.00133582 	 4.25173625 
0.24650000 	 969.98036084 	 -0.00130753 	 4.25173625 
0.24700000 	 968.37607981 	 -0.00127850 	 4.25173625 
0.24750000 	 966.75795764 	 -0.00124929 	 4.25173625 
0.24800000 	 965.12835220 	 -0.00121921 	 4.25173625 
0.24850000 	 963.48976585 	 -0.00118975 	 4.25173625 
0.24900000 	 961.84539459 	 -0.00116023 	 4.25173625 
0.24950000 	 960.19933634 	 -0.00113057 	 4.25173625 
0.25000000 	 958.55632141 	 -0.00110074 	 4.25173625 
0.25050000 	 956.92159249 	 -0.00107164 	 4.25173625 
0.25100000 	 955.30111708 	 -0.00104297 	 4.25173625 
0.25150000 	 953.70173597 	 -0.00101542 	 4.25173625 
0.25200000 	 952.13090188 	 -0.00098900 	 4.25173625 
0.25250000 	 950.59672414 	 -0.00096300 	 4.25173625 
0.25300000 	 949.10800064 	 -0.00093796 	 4.25173625 
0.25350000 	 947.67402110 	 -0.00091381 	 4.25173625 
0.25400000 	 946.30443480 	 -0.00089017 	 4.25173625 
0.25450000 	 945.00870638 	 -0.00086803 	 4.25173625 
0.25500000 	 943.79574427 	 -0.00084773 	 4.25173625 
0.25550000 	 942.67390971 	 -0.00082936 	 4.25173625 
0.25600000 	 941.65094689 	 -0.00081320 	 4.25173625 
0.25650000 	 940.73385876 	 -0.00079816 	 4.25173625 
0.25700000 	 939.92877429 	 -0.00078516 	 4.25173625 
0.25750000 	 939.24084564 	 -0.00077387 	 4.25173625 
0.25800000 	 938.67419216 	 -0.00076526 	 4.25173625 
0.25850000 	 938.23190744 	 -0.00075848 	 4.25173625 
0.25900000 	 937.91590701 	 -0.00075346 	 4.25173625 
0.25950000 	 937.72684360 	 -0.00074996 	 4.25173625 
0.26000000 	 937.66454611 	 -0.00074801 	 4.25173625 
0.26050000 	 937.72846734 	 -0.00074845 	 4.25173625 
0.26100000 	 937.91758813 	 -0.00075085 	 4.25173625 
0.26150000 	 938.23031346 	 -0.00075539 	 4.25173625 
0.26200000 	 938.66453522 	 -0.00076116 	 4.25173625 
0.26250000 	 939.21737344 	 -0.00076906 	 4.25173625 
0.26300000 	 939.88525362 	 -0.00077935 	 4.25173625 
0.26350000 	 940.66421634 	 -0.00079090 	 4.25173625 
0.26400000 	 941.54977706 	 -0.00080392 	 4.25173625 
0.26450000 	 942.53656750 	 -0.00081866 	 4.25173625 
0.26500000 	 943.61844900 	 -0.00083396 	 4.25173625 
0.26550000 	 944.78865417 	 -0.00085026 	 4.25173625 
0.26600000 	 946.04007867 	 -0.00086842 	 4.25173625 
0.26650000 	 947.36551195 	 -0.00088703 	 4.25173625 
0.26700000 	 948.75758206 	 -0.00090621 	 4.25173625 
0.26750000 	 950.20858371 	 -0.00092620 	 4.25173625 
0.26800000 	 951.71065333 	 -0.00094495 	 4.25173625 
0.26850000 	 953.25597475 	 -0.00096247 	 4.25173625 
0.26900000 	 954.83682956 	 -0.00097967 	 4.25173625 
0.26950000 	 956.44549001 	 -0.00099520 	 4.25173625 
0.27000000 	 958.07427604 	 -0.00100963 	 4.25173625 
0.27050000 	 959.71565314 	 -0.00102269 	 4.25173625 
0.27100000 	 961.36235631 	 -0.00103463 	 4.25173625 
0.27150000 	 963.00777134 	 -0.00104570 	 4.25173625 
0.27200000 	 964.64594738 	 -0.00105623 	 4.25173625 
0.27250000 	 966.27141868 	 -0.00106655 	 4.25173625 
0.27300000 	 967.87919542 	 -0.00107628 	 4.25173625 
0.27350000 	 969.46491719 	 -0.00108515 	 4.25173625 
0.27400000 	 971.02502508 	 -0.00109337 	 4.25173625 
0.27450000 	 972.55647801 	 -0.00110092 	 4.25173625 
0.27500000 	 974.05673133 	 -0.00110647 	 4.25173625 
0.27550000 	 975.52373878 	 -0.00111267 	 4.25173625 
0.27600000 	 976.95565098 	 -0.00111761 	 4.25173625 
0.27650000 	 978.35066393 	 -0.00112201 	 4.25173625 
0.27700000 	 979.70721808 	 -0.00112640 	 4.25173625 
0.27750000 	 981.02434688 	 -0.00113054 	 4.25173625 
0.27800000 	 982.30154131 	 -0.00113367 	 4.25173625 
0.27850000 	 983.53875772 	 -0.00113645 	 4.25173625 
0.27900000 	 984.73606402 	 -0.00113889 	 4.25173625 
0.27950000 	 985.89387945 	 -0.00114064 	 4.25173625 
0.28000000 	 987.01300643 	 -0.00114255 	 4.25173625 
0.28050000 	 988.09412558 	 -0.00114275 	 4.25173625 
0.28100000 	 989.13743976 	 -0.00114138 	 4.25173625 
0.28150000 	 990.14269057 	 -0.00113847 	 4.25173625 
0.28200000 	 991.10946284 	 -0.00113416 	 4.25173625 
0.28250000 	 992.03708010 	 -0.00112972 	 4.25173625 
0.28300000 	 992.92464044 	 -0.00112459 	 4.25173625 
0.28350000 	 993.77123371 	 -0.00111933 	 4.25173625 
0.28400000 	 994.57551353 	 -0.00111372 	 4.25173625 
0.28450000 	 995.33561925 	 -0.00110850 	 4.25173625 
0.28500000 	 996.04963445 	 -0.00110315 	 4.25173625 
0.28550000 	 996.71549856 	 -0.00109855 	 4.25173625 
0.28600000 	 997.33063432 	 -0.00109323 	 4.25173625 
0.28650000 	 997.89195450 	 -0.00108724 	 4.25173625 
0.28700000 	 998.39644192 	 -0.00108241 	 4.25173625 
0.28750000 	 998.84115177 	 -0.00107582 	 4.25173625 
0.28800000 	 999.22315272 	 -0.00106976 	 4.25173625 
0.28850000 	 999.53916324 	 -0.00106378 	 4.25173625 
0.28900000 	 999.78548521 	 -0.00105744 	 4.25173625 
0.28950000 	 999.95845650 	 -0.00105138 	 4.25173625 
0.29000000 	 1000.05409385 	 -0.00104414 	 4.25173625 
0.29050000 	 1000.06829186 	 -0.00103787 	 4.25173625 
0.29100000 	 999.99724294 	 -0.00103283 	 4.25173625 
0.29150000 	 999.83781607 	 -0.00102833 	 4.25173625 
0.29200000 	 999.58735142 	 -0.00102431 	 4.25173625 
0.29250000 	 999.24291944 	 -0.00102031 	 4.25173625 
0.29300000 	 998.80180732 	 -0.00101664 	 4.25173625 
0.29350000 	 998.26199211 	 -0.00101344 	 4.25173625 
0.29400000 	 997.62182653 	 -0.00100992 	 4.25173625 
0.29450000 	 996.88004051 	 -0.00100656 	 4.25173625 
0.29500000 	 996.03596381 	 -0.00100390 	 4.25173625 
0.29550000 	 995.08962544 	 -0.00100002 	 4.25173625 
0.29600000 	 994.04173906 	 -0.00099645 	 4.25173625 
0.29650000 	 992.89328173 	 -0.00099258 	 4.25173625 
0.29700000 	 991.64582785 	 -0.00098863 	 4.25173625 
0.29750000 	 990.30205124 	 -0.00098266 	 4.25173625 
0.29800000 	 988.86556578 	 -0.00097695 	 4.25173625 
0.29850000 	 987.34095497 	 -0.00097035 	 4.25173625 
0.29900000 	 985.73380170 	 -0.00096262 	 4.25173625 
0.29950000 	 984.05051004 	 -0.00095470 	 4.25173625 
0.30000000 	 982.29807396 	 -0.00094625 	 4.25173625 
0.30050000 	 980.48426979 	 -0.00093700 	 4.25173625 
0.30100000 	 978.61785972 	 -0.00092682 	 4.25173625 
0.30150000 	 976.70813131 	 -0.00091606 	 4.25173625 
0.30200000 	 974.76466316 	 -0.00090467 	 4.25173625 
0.30250000 	 972.79764970 	 -0.00089370 	 4.25173625 
0.30300000 	 970.81745819 	 -0.00088237 	 4.25173625 
0.30350000 	 968.83433022 	 -0.00087140 	 4.25173625 
0.30400000 	 966.85884204 	 -0.00086160 	 4.25173625 
0.30450000 	 964.90192777 	 -0.00085367 	 4.25173625 
0.30500000 	 962.97485956 	 -0.00084501 	 4.25173625 
0.30550000 	 961.08914972 	 -0.00083636 	 4.25173625 
0.30600000 	 959.25625558 	 -0.00082883 	 4.25173625 
0.30650000 	 957.48764203 	 -0.00082269 	 4.25173625 
0.30700000 	 955.79476200 	 -0.00081836 	 4.25173625 
0.30750000 	 954.18856489 	 -0.00081469 	 4.25173625 
0.30800000 	 952.67952326 	 -0.00081233 	 4.25173625 
0.30850000 	 951.27780770 	 -0.00081253 	 4.25173625 
0.30900000 	 949.99317738 	 -0.00081414 	 4.25173625 
0.30950000 	 948.83522564 	 -0.00081902 	 4.25173625 
0.31000000 	 947.81300665 	 -0.00082545 	 4.25173625 
0.31050000 	 946.93486654 	 -0.00083458 	 4.25173625 
0.31100000 	 946.20831532 	 -0.00084616 	 4.25173625 
0.31150000 	 945.63943936 	 -0.00086169 	 4.25173625 
0.31200000 	 945.23325767 	 -0.00088010 	 4.25173625 
0.31250000 	 944.99403763 	 -0.00090123 	 4.25173625 
0.31300000 	 944.92522123 	 -0.00092578 	 4.25173625 
0.31350000 	 945.02928449 	 -0.00095354 	 4.25173625 
0.31400000 	 945.30757017 	 -0.00098419 	 4.25173625 
0.31450000 	 945.76038048 	 -0.00101784 	 4.25173625 
0.31500000 	 946.38669805 	 -0.00105567 	 4.25173625 
0.31550000 	 947.18426578 	 -0.00109641 	 4.25173625 
0.31600000 	 948.14978768 	 -0.00114037 	 4.25173625 
0.31650000 	 949.27868603 	 -0.00118802 	 4.25173625 
0.31700000 	 950.56540120 	 -0.00123810 	 4.25173625 
0.31750000 	 952.00364454 	 -0.00129052 	 4.25173625 
0.31800000 	 953.58603153 	 -0.00134616 	 4.25173625 
0.31850000 	 955.30410869 	 -0.00140405 	 4.25173625 
0.31900000 	 957.14878818 	 -0.00146522 	 4.25173625 
0.31950000 	 959.11049873 	 -0.00152884 	 4.25173625 
0.32000000 	 961.17959992 	 -0.00159436 	 4.25173625 
0.32050000 	 963.34608314 	 -0.00166144 	 4.25173625 
0.32100000 	 965.59963295 	 -0.00172890 	 4.25173625 
0.32150000 	 967.92964440 	 -0.00179790 	 4.25173625 
0.32200000 	 970.32496941 	 -0.00186689 	 4.25173625 
0.32250000 	 972.77406023 	 -0.00193737 	 4.25173625 
0.32300000 	 975.26527811 	 -0.00200674 	 4.25173625 
0.32350000 	 977.78751548 	 -0.00207653 	 4.25173625 
0.32400000 	 980.32953783 	 -0.00214642 	 4.25173625 
0.32450000 	 982.87993073 	 -0.00221507 	 4.25173625 
0.32500000 	 985.42744732 	 -0.00228358 	 4.25173625 
0.32550000 	 987.96064291 	 -0.00235107 	 4.25173625 
0.32600000 	 990.46800459 	 -0.00241550 	 4.25173625 
0.32650000 	 992.93833449 	 -0.00247834 	 4.25173625 
0.32700000 	 995.36075904 	 -0.00253902 	 4.25173625 
0.32750000 	 997.72474799 	 -0.00259814 	 4.25173625 
0.32800000 	 1000.01994541 	 -0.00265502 	 4.25173625 
0.32850000 	 1002.23582612 	 -0.00270975 	 4.25173625 
0.32900000 	 1004.36206186 	 -0.00276094 	 4.25173625 
0.32950000 	 1006.38880320 	 -0.00280897 	 4.25173625 
0.33000000 	 1008.30645103 	 -0.00285483 	 4.25173625 
0.33050000 	 1010.10601718 	 -0.00289721 	 4.25173625 
0.33100000 	 1011.77950584 	 -0.00293662 	 4.25173625 
0.33150000 	 1013.31991176 	 -0.00297301 	 4.25173625 
0.33200000 	 1014.72110247 	 -0.00300665 	 4.25173625 
0.33250000 	 1015.97764846 	 -0.00303716 	 4.25173625 
0.33300000 	 1017.08495494 	 -0.00306412 	 4.25173625 
0.33350000 	 1018.03948306 	 -0.00308814 	 4.25173625 
0.33400000 	 1018.83900815 	 -0.00310846 	 4.25173625 
0.33450000 	 1019.48227836 	 -0.00312508 	 4.25173625 
0.33500000 	 1019.96876835 	 -0.00313805 	 4.25173625 
0.33550000 	 1020.29860203 	 -0.00314728 	 4.25173625 
0.33600000 	 1020.47253418 	 -0.00315350 	 4.25173625 
0.33650000 	 1020.49212772 	 -0.00315609 	 4.25173625 
0.33700000 	 1020.35965326 	 -0.00315515 	 4.25173625 
0.33750000 	 1020.07839125 	 -0.00315081 	 4.25173625 
0.33800000 	 1019.65292619 	 -0.00314345 	 4.25173625 
0.33850000 	 1019.08900701 	 -0.00313314 	 4.25173625 
0.33900000 	 1018.39331222 	 -0.00311912 	 4.25173625 
0.33950000 	 1017.57357618 	 -0.00310307 	 4.25173625 
0.34000000 	 1016.63809492 	 -0.00308484 	 4.25173625 
0.34050000 	 1015.59522940 	 -0.00306666 	 4.25173625 
0.34100000 	 1014.45394280 	 -0.00304674 	 4.25173625 
0.34150000 	 1013.22378787 	 -0.00302602 	 4.25173625 
0.34200000 	 1011.91448733 	 -0.00300424 	 4.25173625 
0.34250000 	 1010.53574192 	 -0.00298122 	 4.25173625 
0.34300000 	 1009.09725476 	 -0.00295878 	 4.25173625 
0.34350000 	 1007.60874756 	 -0.00293615 	 4.25173625 
0.34400000 	 1006.07975061 	 -0.00291331 	 4.25173625 
0.34450000 	 1004.51936693 	 -0.00289088 	 4.25173625 
0.34500000 	 1002.93661297 	 -0.00286914 	 4.25173625 
0.34550000 	 1001.34043436 	 -0.00284816 	 4.25173625 
0.34600000 	 999.73917904 	 -0.00282760 	 4.25173625 
0.34650000 	 998.14031684 	 -0.00280930 	 4.25173625 
0.34700000 	 996.55037088 	 -0.00279102 	 4.25173625 
0.34750000 	 994.97528386 	 -0.00277346 	 4.25173625 
0.34800000 	 993.42073478 	 -0.00275645 	 4.25173625 
0.34850000 	 991.89208941 	 -0.00274003 	 4.25173625 
0.34900000 	 990.39439226 	 -0.00272429 	 4.25173625 
0.34950000 	 988.93247957 	 -0.00270839 	 4.25173625 
0.35000000 	 987.51084189 	 -0.00269238 	 4.25173625 
0.35050000 	 986.13324735 	 -0.00267666 	 4.25173625 
0.35100000 	 984.80289603 	 -0.00266119 	 4.25173625 
0.35150000 	 983.52249812 	 -0.00264611 	 4.25173625 
0.35200000 	 982.29410349 	 -0.00263183 	 4.25173625 
0.35250000 	 981.11893639 	 -0.00261814 	 4.25173625 
0.35300000 	 979.99764837 	 -0.00260449 	 4.25173625 
0.35350000 	 978.93055567 	 -0.00259107 	 4.25173625 
0.35400000 	 977.91754392 	 -0.00257766 	 4.25173625 
0.35450000 	 976.95814411 	 -0.00256415 	 4.25173625 
0.35500000 	 976.05112584 	 -0.00255187 	 4.25173625 
0.35550000 	 975.19460474 	 -0.00254064 	 4.25173625 
0.35600000 	 974.38658461 	 -0.00252901 	 4.25173625 
0.35650000 	 973.62466896 	 -0.00251830 	 4.25173625 
0.35700000 	 972.90630279 	 -0.00250797 	 4.25173625 
0.35750000 	 972.22901308 	 -0.00249764 	 4.25173625 
0.35800000 	 971.59031638 	 -0.00248735 	 4.25173625 
0.35850000 	 970.98788856 	 -0.00247700 	 4.25173625 
0.35900000 	 970.41948203 	 -0.00246502 	 4.25173625 
0.35950000 	 969.88313838 	 -0.00245254 	 4.25173625 
0.36000000 	 969.37695741 	 -0.00243900 	 4.25173625 
0.36050000 	 968.89901145 	 -0.00242524 	 4.25173625 
0.36100000 	 968.44746561 	 -0.00240969 	 4.25173625 
0.36150000 	 968.02045488 	 -0.00239337 	 4.25173625 
0.36200000 	 967.61613995 	 -0.00237670 	 4.25173625 
0.36250000 	 967.23295980 	 -0.00236049 	 4.25173625 
0.36300000 	 966.87007084 	 -0.00234303 	 4.25173625 
0.36350000 	 966.52728981 	 -0.00232599 	 4.25173625 
0.36400000 	 966.20505572 	 -0.00230917 	 4.25173625 
0.36450000 	 965.90442348 	 -0.00229222 	 4.25173625 
0.36500000 	 965.62711567 	 -0.00227485 	 4.25173625 
0.36550000 	 965.37544220 	 -0.00225730 	 4.25173625 
0.36600000 	 965.15180852 	 -0.00224094 	 4.25173625 
0.36650000 	 964.95832405 	 -0.00222476 	 4.25173625 
0.36700000 	 964.79662280 	 -0.00220800 	 4.25173625 
0.36750000 	 964.66821203 	 -0.00219185 	 4.25173625 
0.36800000 	 964.57445459 	 -0.00217526 	 4.25173625 
0.36850000 	 964.51629635 	 -0.00215945 	 4.25173625 
0.36900000 	 964.49460439 	 -0.00214424 	 4.25173625 
0.36950000 	 964.51047277 	 -0.00212880 	 4.25173625 
0.37000000 	 964.56528262 	 -0.00211565 	 4.25173625 
0.37050000 	 964.66058672 	 -0.00210437 	 4.25173625 
0.37100000 	 964.79756789 	 -0.00209442 	 4.25173625 
0.37150000 	 964.97709180 	 -0.00208616 	 4.25173625 
0.37200000 	 965.19983815 	 -0.00207796 	 4.25173625 
0.37250000 	 965.46627811 	 -0.00207262 	 4.25173625 
0.37300000 	 965.77702318 	 -0.00206701 	 4.25173625 
0.37350000 	 966.13290205 	 -0.00206313 	 4.25173625 
0.37400000 	 966.53477862 	 -0.00206015 	 4.25173625 
0.37450000 	 966.98343087 	 -0.00205758 	 4.25173625 
0.37500000 	 967.47967425 	 -0.00205660 	 4.25173625 
0.37550000 	 968.02406359 	 -0.00205685 	 4.25173625 
0.37600000 	 968.61677131 	 -0.00205578 	 4.25173625 
0.37650000 	 969.25803082 	 -0.00205596 	 4.25173625 
0.37700000 	 969.94861189 	 -0.00205794 	 4.25173625 
0.37750000 	 970.68958725 	 -0.00206007 	 4.25173625 
0.37800000 	 971.48176100 	 -0.00206372 	 4.25173625 
0.37850000 	 972.32564744 	 -0.00206793 	 4.25173625 
0.37900000 	 973.22155465 	 -0.00207253 	 4.25173625 
0.37950000 	 974.16944562 	 -0.00207929 	 4.25173625 
0.38000000 	 975.16902488 	 -0.00208680 	 4.25173625 
0.38050000 	 976.22005135 	 -0.00209614 	 4.25173625 
0.38100000 	 977.32246931 	 -0.00210626 	 4.25173625 
0.38150000 	 978.47643476 	 -0.00211705 	 4.25173625 
0.38200000 	 979.68210732 	 -0.00212885 	 4.25173625 
0.38250000 	 980.93924229 	 -0.00214090 	 4.25173625 
0.38300000 	 982.24711183 	 -0.00215493 	 4.25173625 
0.38350000 	 983.60473486 	 -0.00216818 	 4.25173625 
0.38400000 	 985.01062871 	 -0.00218254 	 4.25173625 
0.38450000 	 986.46285179 	 -0.00219840 	 4.25173625 
0.38500000 	 987.95904894 	 -0.00221552 	 4.25173625 
0.38550000 	 989.49609487 	 -0.00223143 	 4.25173625 
0.38600000 	 991.06994342 	 -0.00224896 	 4.25173625 
0.38650000 	 992.67543419 	 -0.00226651 	 4.25173625 
0.38700000 	 994.30642522 	 -0.00228256 	 4.25173625 
0.38750000 	 995.95614754 	 -0.00229779 	 4.25173625 
0.38800000 	 997.61749503 	 -0.00231319 	 4.25173625 
0.38850000 	 999.28277811 	 -0.00232761 	 4.25173625 
0.38900000 	 1000.94368638 	 -0.00234129 	 4.25173625 
0.38950000 	 1002.59188651 	 -0.00235510 	 4.25173625 
0.39000000 	 1004.21903210 	 -0.00236927 	 4.25173625 
0.39050000 	 1005.81681478 	 -0.00238393 	 4.25173625 
0.39100000 	 1007.37727250 	 -0.00239797 	 4.25173625 
0.39150000 	 1008.89273031 	 -0.00241321 	 4.25173625 
0.39200000 	 1010.35546381 	 -0.00242793 	 4.25173625 
0.39250000 	 1011.75794881 	 -0.00244224 	 4.25173625 
0.39300000 	 1013.09318659 	 -0.00245744 	 4.25173625 
0.39350000 	 1014.35459161 	 -0.00247312 	 4.25173625 
0.39400000 	 1015.53594615 	 -0.00248776 	 4.25173625 
0.39450000 	 1016.63146578 	 -0.00250220 	 4.25173625 
0.39500000 	 1017.63619542 	 -0.00251710 	 4.25173625 
0.39550000 	 1018.54580563 	 -0.00253023 	 4.25173625 
0.39600000 	 1019.35641903 	 -0.00254189 	 4.25173625 
0.39650000 	 1020.06480069 	 -0.00255288 	 4.25173625 
0.39700000 	 1020.66833156 	 -0.00256306 	 4.25173625 
0.39750000 	 1021.16472384 	 -0.00257194 	 4.25173625 
0.39800000 	 1021.55213268 	 -0.00257964 	 4.25173625 
0.39850000 	 1021.82947233 	 -0.00258691 	 4.25173625 
0.39900000 	 1021.99614441 	 -0.00259216 	 4.25173625 
0.39950000 	 1022.05211423 	 -0.00259615 	 4.25173625 
0.40000000 	 1021.99832613 	 -0.00259900 	 4.25173625 
0.40050000 	 1021.83617295 	 -0.00260055 	 4.25173625 
0.40100000 	 1021.56723098 	 -0.00259939 	 4.25173625 
0.40150000 	 1021.19373294 	 -0.00259647 	 4.25173625 
0.40200000 	 1020.71841114 	 -0.00259109 	 4.25173625 
0.40250000 	 1020.14444912 	 -0.00258342 	 4.25173625 
0.40300000 	 1019.47530418 	 -0.00257379 	 4.25173625 
0.40350000 	 1018.71391267 	 -0.00256266 	 4.25173625 
0.40400000 	 1017.86254008 	 -0.00254942 	 4.25173625 
0.40450000 	 1016.92359555 	 -0.00253513 	 4.25173625 
0.40500000 	 1015.90033483 	 -0.00251899 	 4.25173625 
0.40550000 	 1014.79656397 	 -0.00250183 	 4.25173625 
0.40600000 	 1013.61614095 	 -0.00248263 	 4.25173625 
0.40650000 	 1012.36295218 	 -0.00246070 	 4.25173625 
0.40700000 	 1011.04100331 	 -0.00243718 	 4.25173625 
0.40750000 	 1009.65470932 	 -0.00241308 	 4.25173625 
0.40800000 	 1008.20878440 	 -0.00238671 	 4.25173625 
0.40850000 	 1006.70813262 	 -0.00235829 	 4.25173625 
0.40900000 	 1005.15786194 	 -0.00232884 	 4.25173625 
0.40950000 	 1003.56319204 	 -0.00229775 	 4.25173625 
0.41000000 	 1001.92965793 	 -0.00226383 	 4.25173625 
0.41050000 	 1000.26301959 	 -0.00222956 	 4.25173625 
0.41100000 	 998.56906875 	 -0.00219410 	 4.25173625 
0.41150000 	 996.85344497 	 -0.00215800 	 4.25173625 
0.41200000 	 995.12137993 	 -0.00212076 	 4.25173625 
0.41250000 	 993.37746488 	 -0.00208238 	 4.25173625 
0.41300000 	 991.62565935 	 -0.00204230 	 4.25173625 
0.41350000 	 989.86927593 	 -0.00200222 	 4.25173625 
0.41400000 	 988.11128373 	 -0.00196150 	 4.25173625 
0.41450000 	 986.35490988 	 -0.00191953 	 4.25173625 
0.41500000 	 984.60335845 	 -0.00187807 	 4.25173625 
0.41550000 	 982.85988246 	 -0.00183692 	 4.25173625 
0.41600000 	 981.12806431 	 -0.00179635 	 4.25173625 
0.41650000 	 979.41136529 	 -0.00175667 	 4.25173625 
0.41700000 	 977.71300585 	 -0.00171785 	 4.25173625 
0.41750000 	 976.03615776 	 -0.00167983 	 4.25173625 
0.41800000 	 974.38376454 	 -0.00164132 	 4.25173625 
0.41850000 	 972.75854594 	 -0.00160222 	 4.25173625 
0.41900000 	 971.16280727 	 -0.00156429 	 4.25173625 
0.41950000 	 969.59849780 	 -0.00152655 	 4.25173625 
0.42000000 	 968.06755062 	 -0.00148769 	 4.25173625 
0.42050000 	 966.57187512 	 -0.00144894 	 4.25173625 
0.42100000 	 965.11326307 	 -0.00141268 	 4.25173625 
0.42150000 	 963.69347162 	 -0.00137816 	 4.25173625 
0.42200000 	 962.31457495 	 -0.00134473 	 4.25173625 
0.42250000 	 960.97882373 	 -0.00131313 	 4.25173625 
0.42300000 	 959.68818878 	 -0.00128299 	 4.25173625 
0.42350000 	 958.44445372 	 -0.00125395 	 4.25173625 
0.42400000 	 957.24967141 	 -0.00122548 	 4.25173625 
0.42450000 	 956.10599198 	 -0.00119820 	 4.25173625 
0.42500000 	 955.01553749 	 -0.00117361 	 4.25173625 
0.42550000 	 953.98047053 	 -0.00114994 	 4.25173625 
0.42600000 	 953.00284613 	 -0.00112936 	 4.25173625 
0.42650000 	 952.08494989 	 -0.00110948 	 4.25173625 
0.42700000 	 951.22914200 	 -0.00109103 	 4.25173625 
0.42750000 	 950.43725796 	 -0.00107381 	 4.25173625 
0.42800000 	 949.71125240 	 -0.00105814 	 4.25173625 
0.42850000 	 949.05345245 	 -0.00104390 	 4.25173625 
0.42900000 	 948.46644488 	 -0.00102989 	 4.25173625 
0.42950000 	 947.95340899 	 -0.00101735 	 4.25173625 
0.43000000 	 947.51765135 	 -0.00100571 	 4.25173625 
0.43050000 	 947.16245032 	 -0.00099491 	 4.25173625 
0.43100000 	 946.89099762 	 -0.00098621 	 4.25173625 
0.43150000 	 946.70587598 	 -0.00097937 	 4.25173625 
0.43200000 	 946.60868443 	 -0.00097430 	 4.25173625 
0.43250000 	 946.60033738 	 -0.00097095 	 4.25173625 
0.43300000 	 946.68140928 	 -0.00097087 	 4.25173625 
0.43350000 	 946.85217367 	 -0.00097254 	 4.25173625 
0.43400000 	 947.11255853 	 -0.00097730 	 4.25173625 
0.43450000 	 947.46218512 	 -0.00098436 	 4.25173625 
0.43500000 	 947.90076066 	 -0.00099532 	 4.25173625 
0.43550000 	 948.42821198 	 -0.00100788 	 4.25173625 
0.43600000 	 949.04436828 	 -0.00102204 	 4.25173625 
0.43650000 	 949.74875311 	 -0.00103857 	 4.25173625 
0.43700000 	 950.54093899 	 -0.00105721 	 4.25173625 
0.43750000 	 951.42058684 	 -0.00107802 	 4.25173625 
0.43800000 	 952.38704010 	 -0.00110008 	 4.25173625 
0.43850000 	 953.43930551 	 -0.00112328 	 4.25173625 
0.43900000 	 954.57606472 	 -0.00114734 	 4.25173625 
0.43950000 	 955.79576634 	 -0.00117288 	 4.25173625 
0.44000000 	 957.09656846 	 -0.00119958 	 4.25173625 
0.44050000 	 958.47606772 	 -0.00122687 	 4.25173625 
0.44100000 	 959.93148141 	 -0.00125457 	 4.25173625 
0.44150000 	 961.45942713 	 -0.00128259 	 4.25173625 
0.44200000 	 963.05605543 	 -0.00131169 	 4.25173625 
0.44250000 	 964.71741278 	 -0.00134018 	 4.25173625 
0.44300000 	 966.43918132 	 -0.00136874 	 4.25173625 
0.44350000 	 968.21660493 	 -0.00139722 	 4.25173625 
0.44400000 	 970.04454919 	 -0.00142666 	 4.25173625 
0.44450000 	 971.91752336 	 -0.00145542 	 4.25173625 
0.44500000 	 973.82996606 	 -0.00148417 	 4.25173625 
0.44550000 	 975.77636278 	 -0.00151315 	 4.25173625 
0.44600000 	 977.75111466 	 -0.00154301 	 4.25173625 
0.44650000 	 979.74864064 	 -0.00157173 	 4.25173625 
0.44700000 	 981.76309933 	 -0.00160068 	 4.25173625 
0.44750000 	 983.78809973 	 -0.00162802 	 4.25173625 
0.44800000 	 985.81653250 	 -0.00165562 	 4.25173625 
0.44850000 	 987.84089960 	 -0.00168290 	 4.25173625 
0.44900000 	 989.85395951 	 -0.00170958 	 4.25173625 
0.44950000 	 991.84868811 	 -0.00173560 	 4.25173625 
0.45000000 	 993.81796924 	 -0.00176147 	 4.25173625 
0.45050000 	 995.75448421 	 -0.00178661 	 4.25173625 
0.45100000 	 997.65081863 	 -0.00181121 	 4.25173625 
0.45150000 	 999.49966442 	 -0.00183417 	 4.25173625 
0.45200000 	 1001.29388695 	 -0.00185610 	 4.25173625 
0.45250000 	 1003.02661797 	 -0.00187539 	 4.25173625 
0.45300000 	 1004.69129227 	 -0.00189322 	 4.25173625 
0.45350000 	 1006.28168904 	 -0.00190933 	 4.25173625 
0.45400000 	 1007.79162056 	 -0.00192356 	 4.25173625 
0.45450000 	 1009.21461410 	 -0.00193564 	 4.25173625 
0.45500000 	 1010.54390280 	 -0.00194590 	 4.25173625 
0.45550000 	 1011.77260980 	 -0.00195274 	 4.25173625 
0.45600000 	 1012.89429232 	 -0.00195820 	 4.25173625 
0.45650000 	 1013.90307575 	 -0.00196103 	 4.25173625 
0.45700000 	 1014.79336414 	 -0.00196066 	 4.25173625 
0.45750000 	 1015.55970332 	 -0.00195704 	 4.25173625 
0.45800000 	 1016.19710237 	 -0.00195168 	 4.25173625 
0.45850000 	 1016.70112323 	 -0.00194399 	 4.25173625 
0.45900000 	 1017.06769925 	 -0.00193243 	 4.25173625 
0.45950000 	 1017.29312236 	 -0.00191914 	 4.25173625 
0.46000000 	 1017.37430649 	 -0.00190441 	 4.25173625 
0.46050000 	 1017.30876450 	 -0.00188691 	 4.25173625 
0.46100000 	 1017.09431037 	 -0.00186668 	 4.25173625 
0.46150000 	 1016.72902180 	 -0.00184472 	 4.25173625 
0.46200000 	 1016.21115023 	 -0.00181953 	 4.25173625 
0.46250000 	 1015.53946462 	 -0.00179223 	 4.25173625 
0.46300000 	 1014.71369953 	 -0.00176260 	 4.25173625 
0.46350000 	 1013.73418662 	 -0.00173039 	 4.25173625 
0.46400000 	 1012.60157693 	 -0.00169721 	 4.25173625 
0.46450000 	 1011.31691562 	 -0.00166206 	 4.25173625 
0.46500000 	 1009.88167978 	 -0.00162533 	 4.25173625 
0.46550000 	 1008.29751387 	 -0.00158635 	 4.25173625 
0.46600000 	 1006.56622746 	 -0.00154562 	 4.25173625 
0.46650000 	 1004.68982722 	 -0.00150312 	 4.25173625 
0.46700000 	 1002.67058524 	 -0.00145981 	 4.25173625 
0.46750000 	 1000.51110384 	 -0.00141331 	 4.25173625 
0.46800000 	 998.21447980 	 -0.00136395 	 4.25173625 
0.46850000 	 995.78415606 	 -0.00131328 	 4.25173625 
0.46900000 	 993.22355413 	 -0.00125967 	 4.25173625 
0.46950000 	 990.53667436 	 -0.00120460 	 4.25173625 
0.47000000 	 987.72810367 	 -0.00114542 	 4.25173625 
0.47050000 	 984.80296108 	 -0.00108290 	 4.25173625 
0.47100000 	 981.76716975 	 -0.00101761 	 4.25173625 
0.47150000 	 978.62728126 	 -0.00094992 	 4.25173625 
0.47200000 	 975.39041422 	 -0.00087835 	 4.25173625 
0.47250000 	 972.06425962 	 -0.00080442 	 4.25173625 
0.47300000 	 968.65692646 	 -0.00072824 	 4.25173625 
0.47350000 	 965.17675563 	 -0.00065071 	 4.25173625 
0.47400000 	 961.63265484 	 -0.00057179 	 4.25173625 
0.47450000 	 958.03416381 	 -0.00049094 	 4.25173625 
0.47500000 	 954.39140130 	 -0.00040871 	 4.25173625 
0.47550000 	 950.71500616 	 -0.00032524 	 4.25173625 
0.47600000 	 947.01609775 	 -0.00024129 	 4.25173625 
0.47650000 	 943.30658559 	 -0.00015755 	 4.25173625 
0.47700000 	 939.59906533 	 -0.00007354 	 4.25173625 
0.47750000 	 935.90682353 	 0.00001025 	 4.25173625 
0.47800000 	 932.24374041 	 0.00009445 	 4.25173625 
0.47850000 	 928.62395244 	 0.00017884 	 4.25173625 
0.47900000 	 925.06175576 	 0.00026249 	 4.25173625 
0.47950000 	 921.57158072 	 0.00034520 	 4.25173625 
0.48000000 	 918.16792209 	 0.00042683 	 4.25173625 
0.48050000 	 914.86495836 	 0.00050685 	 4.25173625 
0.48100000 	 911.67617840 	 0.00058486 	 4.25173625 
0.48150000 	 908.61482547 	 0.00066158 	 4.25173625 
0.48200000 	 905.69416365 	 0.00073495 	 4.25173625 
0.48250000 	 902.92721815 	 0.00080688 	 4.25173625 
0.48300000 	 900.32645757 	 0.00087508 	 4.25173625 
0.48350000 	 897.90356597 	 0.00093862 	 4.25173625 
0.48400000 	 895.66950785 	 0.00099852 	 4.25173625 
0.48450000 	 893.63449738 	 0.00105407 	 4.25173625 
0.48500000 	 891.80795209 	 0.00110538 	 4.25173625 
0.48550000 	 890.19857243 	 0.00115329 	 4.25173625 
0.48600000 	 888.81403555 	 0.00119652 	 4.25173625 
0.48650000 	 887.66089991 	 0.00123526 	 4.25173625 
0.48700000 	 886.74457019 	 0.00126952 	 4.25173625 
0.48750000 	 886.06916601 	 0.00129928 	 4.25173625 
0.48800000 	 885.63787766 	 0.00132527 	 4.25173625 
0.48850000 	 885.45288498 	 0.00134643 	 4.25173625 
0.48900000 	 885.51506217 	 0.00136362 	 4.25173625 
0.48950000 	 885.82407065 	 0.00137605 	 4.25173625 
0.49000000 	 886.37861459 	 0.00138443 	 4.25173625 
0.49050000 	 887.17650853 	 0.00138993 	 4.25173625 
0.49100000 	 888.21447438 	 0.00139097 	 4.25173625 
0.49150000 	 889.48846904 	 0.00138864 	 4.25173625 
0.49200000 	 890.99368385 	 0.00138419 	 4.25173625 
0.49250000 	 892.72445561 	 0.00137581 	 4.25173625 
0.49300000 	 894.67448164 	 0.00136376 	 4.25173625 
0.49350000 	 896.83665768 	 0.00134899 	 4.25173625 
0.49400000 	 899.20316867 	 0.00133099 	 4.25173625 
0.49450000 	 901.76547912 	 0.00130981 	 4.25173625 
0.49500000 	 904.51439695 	 0.00128503 	 4.25173625 
0.49550000 	 907.44034386 	 0.00125794 	 4.25173625 
0.49600000 	 910.53338381 	 0.00122761 	 4.25173625 
0.49650000 	 913.78321177 	 0.00119387 	 4.25173625 
0.49700000 	 917.17884069 	 0.00115708 	 4.25173625 
0.49750000 	 920.70888639 	 0.00111813 	 4.25173625 
0.49800000 	 924.36164288 	 0.00107640 	 4.25173625 
0.49850000 	 928.12478555 	 0.00103218 	 4.25173625 
0.49900000 	 931.98562935 	 0.00098735 	 4.25173625 
0.49950000 	 935.93095386 	 0.00094100 	 4.25173625 
0.50000000 	 939.94684505 	 0.00089315 	 4.25173625 
