0.0000 	 246.7323 	 44.8826 
0.0500 	 255.7011 	 43.8215 
0.1000 	 236.5403 	 41.1504 
0.1499 	 252.4776 	 36.9790 
0.1999 	 266.5155 	 31.6602 
0.2499 	 262.9889 	 25.6131 
0.2999 	 267.0325 	 19.2752 
0.3498 	 241.6954 	 13.0523 
0.3998 	 254.4959 	 7.2898 
0.4498 	 275.3088 	 2.2498 
0.4998 	 264.2964 	 -1.8965 
0.5497 	 247.8677 	 -5.0683 
0.5997 	 247.0093 	 -7.2647 
0.6497 	 264.7225 	 -8.5524 
0.6997 	 286.5936 	 -9.0480 
0.7496 	 285.2966 	 -8.9029 
0.7996 	 303.0042 	 -8.2808 
0.8496 	 321.9902 	 -7.3489 
0.8996 	 318.3350 	 -6.2627 
0.9495 	 354.4273 	 -5.1544 
0.9995 	 331.8528 	 -4.1296 
1.0495 	 317.6815 	 -3.2620 
1.0995 	 324.7745 	 -2.5932 
1.1494 	 329.6363 	 -2.1358 
1.1994 	 350.0818 	 -1.8800 
1.2494 	 345.5267 	 -1.7948 
1.2994 	 360.0714 	 -1.8377 
1.3493 	 352.1783 	 -1.9620 
1.3993 	 359.8493 	 -2.1196 
1.4493 	 366.5452 	 -2.2695 
1.4993 	 382.9815 	 -2.3773 
1.5492 	 367.6088 	 -2.4202 
1.5992 	 355.0740 	 -2.3860 
1.6492 	 401.8236 	 -2.2734 
1.6992 	 398.5452 	 -2.0891 
1.7491 	 393.4714 	 -1.8475 
1.7991 	 401.9425 	 -1.5661 
1.8491 	 403.7473 	 -1.2652 
1.8991 	 411.9930 	 -0.9642 
1.9490 	 409.1355 	 -0.6804 
1.9990 	 412.0862 	 -0.4294 
2.0490 	 391.7076 	 -0.2193 
2.0990 	 429.7190 	 -0.0569 
2.1489 	 447.3411 	 0.0554 
2.1989 	 429.7745 	 0.1206 
2.2489 	 419.6641 	 0.1424 
2.2989 	 426.2874 	 0.1276 
2.3488 	 445.3648 	 0.0847 
2.3988 	 419.8690 	 0.0221 
2.4488 	 441.7980 	 -0.0518 
2.4988 	 473.9639 	 -0.1309 
2.5487 	 457.6235 	 -0.2072 
2.5987 	 453.4469 	 -0.2769 
2.6487 	 471.8928 	 -0.3348 
2.6987 	 461.7563 	 -0.3802 
2.7486 	 459.8441 	 -0.4108 
2.7986 	 471.2038 	 -0.4281 
2.8486 	 455.4565 	 -0.4325 
2.8986 	 474.3394 	 -0.4263 
2.9485 	 496.6443 	 -0.4122 
2.9985 	 507.1290 	 -0.3927 
3.0485 	 519.0326 	 -0.3705 
3.0985 	 501.3665 	 -0.3475 
3.1484 	 517.0045 	 -0.3256 
3.1984 	 513.8760 	 -0.3053 
3.2484 	 505.6360 	 -0.2877 
3.2984 	 501.7175 	 -0.2716 
3.3483 	 497.6528 	 -0.2572 
3.3983 	 518.3528 	 -0.2438 
3.4483 	 515.7697 	 -0.2305 
3.4983 	 481.5617 	 -0.2171 
3.5482 	 481.9823 	 -0.2034 
3.5982 	 500.4881 	 -0.1893 
3.6482 	 503.4704 	 -0.1749 
3.6982 	 502.0818 	 -0.1605 
3.7481 	 521.8889 	 -0.1469 
3.7981 	 534.9318 	 -0.1339 
3.8481 	 530.7407 	 -0.1224 
3.8981 	 534.5645 	 -0.1131 
3.9480 	 551.1523 	 -0.1060 
3.9980 	 532.9622 	 -0.1021 
4.0480 	 540.7781 	 -0.1016 
4.0980 	 527.5758 	 -0.1045 
4.1479 	 521.8204 	 -0.1104 
4.1979 	 564.4972 	 -0.1197 
4.2479 	 555.1670 	 -0.1300 
4.2979 	 527.7247 	 -0.1409 
4.3478 	 487.3359 	 -0.1516 
4.3978 	 488.7281 	 -0.1587 
4.4478 	 503.6543 	 -0.1637 
4.4978 	 503.9360 	 -0.1647 
4.5477 	 525.0375 	 -0.1616 
4.5977 	 540.3116 	 -0.1558 
4.6477 	 520.9437 	 -0.1476 
4.6977 	 552.2039 	 -0.1384 
4.7476 	 554.7362 	 -0.1293 
4.7976 	 524.8479 	 -0.1209 
4.8476 	 521.2019 	 -0.1139 
4.8976 	 500.5261 	 -0.1084 
4.9475 	 509.8670 	 -0.1040 
4.9975 	 513.4891 	 -0.0999 
5.0475 	 479.1099 	 -0.0944 
5.0975 	 478.5729 	 -0.0875 
5.1474 	 512.4504 	 -0.0788 
5.1974 	 490.6586 	 -0.0675 
5.2474 	 516.0923 	 -0.0541 
5.2974 	 533.7221 	 -0.0390 
5.3473 	 486.1487 	 -0.0225 
5.3973 	 477.2639 	 -0.0067 
5.4473 	 494.6180 	 0.0091 
5.4973 	 513.5447 	 0.0230 
5.5472 	 506.8580 	 0.0341 
5.5972 	 516.0397 	 0.0420 
5.6472 	 473.2835 	 0.0453 
5.6972 	 468.2519 	 0.0438 
5.7471 	 481.3595 	 0.0373 
5.7971 	 470.4577 	 0.0261 
5.8471 	 462.4715 	 0.0109 
5.8971 	 455.3670 	 -0.0068 
5.9470 	 444.7813 	 -0.0260 
5.9970 	 433.6295 	 -0.0442 
6.0470 	 447.3773 	 -0.0605 
6.0970 	 449.2705 	 -0.0722 
6.1469 	 428.6198 	 -0.0792 
6.1969 	 454.1137 	 -0.0808 
6.2469 	 453.1843 	 -0.0763 
6.2969 	 461.9638 	 -0.0658 
6.3468 	 444.9214 	 -0.0508 
6.3968 	 443.2708 	 -0.0309 
6.4468 	 468.2660 	 -0.0081 
6.4968 	 452.1328 	 0.0180 
6.5467 	 435.4967 	 0.0451 
6.5967 	 411.5545 	 0.0727 
6.6467 	 406.6394 	 0.0982 
6.6967 	 401.4031 	 0.1214 
6.7466 	 406.0681 	 0.1396 
6.7966 	 410.5975 	 0.1526 
6.8466 	 416.8070 	 0.1593 
6.8966 	 393.0845 	 0.1597 
6.9465 	 406.9620 	 0.1530 
6.9965 	 415.6031 	 0.1411 
7.0465 	 401.2233 	 0.1246 
7.0965 	 406.8752 	 0.1047 
7.1464 	 422.3454 	 0.0831 
7.1964 	 419.4668 	 0.0613 
7.2464 	 415.2255 	 0.0407 
7.2964 	 415.6902 	 0.0228 
7.3463 	 414.3026 	 0.0080 
7.3963 	 401.0037 	 -0.0020 
7.4463 	 391.4012 	 -0.0076 
7.4963 	 403.9478 	 -0.0078 
7.5462 	 397.0793 	 -0.0031 
7.5962 	 387.6792 	 0.0055 
7.6462 	 384.8048 	 0.0171 
7.6962 	 377.2014 	 0.0307 
7.7461 	 372.0085 	 0.0443 
7.7961 	 392.7005 	 0.0570 
7.8461 	 397.3157 	 0.0670 
7.8961 	 379.0371 	 0.0732 
7.9460 	 371.1924 	 0.0750 
7.9960 	 361.9550 	 0.0717 
8.0460 	 366.1033 	 0.0631 
8.0960 	 352.2964 	 0.0504 
8.1459 	 337.3226 	 0.0333 
8.1959 	 355.5306 	 0.0135 
8.2459 	 339.4242 	 -0.0086 
8.2959 	 344.5518 	 -0.0312 
8.3458 	 370.3616 	 -0.0552 
8.3958 	 376.8795 	 -0.0778 
8.4458 	 367.0034 	 -0.0993 
8.4958 	 322.6547 	 -0.1189 
8.5457 	 336.6075 	 -0.1349 
8.5957 	 343.6090 	 -0.1463 
8.6457 	 343.3771 	 -0.1530 
8.6957 	 376.8015 	 -0.1535 
8.7456 	 342.9984 	 -0.1466 
8.7956 	 322.7042 	 -0.1330 
8.8456 	 318.8629 	 -0.1108 
8.8956 	 307.2767 	 -0.0816 
8.9455 	 319.4995 	 -0.0449 
8.9955 	 297.2429 	 -0.0024 
9.0455 	 281.6851 	 0.0443 
9.0955 	 280.4497 	 0.0926 
9.1454 	 298.3628 	 0.1401 
9.1954 	 303.0114 	 0.1840 
9.2454 	 303.3614 	 0.2215 
9.2954 	 294.6319 	 0.2506 
9.3453 	 284.9467 	 0.2698 
9.3953 	 267.1941 	 0.2778 
9.4453 	 264.1705 	 0.2757 
9.4953 	 276.9439 	 0.2628 
9.5452 	 258.3799 	 0.2409 
9.5952 	 248.5040 	 0.2122 
9.6452 	 241.9494 	 0.1788 
9.6952 	 246.8233 	 0.1443 
9.7451 	 251.7086 	 0.1099 
9.7951 	 242.0689 	 0.0787 
9.8451 	 228.7700 	 0.0527 
9.8951 	 225.2036 	 0.0336 
9.9450 	 228.0813 	 0.0224 
9.9950 	 227.1804 	 0.0187 
10.0450 	 215.6584 	 0.0222 
10.0950 	 222.2920 	 0.0322 
10.1449 	 211.2639 	 0.0472 
10.1949 	 193.8795 	 0.0645 
10.2449 	 194.7205 	 0.0833 
10.2949 	 185.0052 	 0.1022 
10.3448 	 192.8702 	 0.1198 
10.3948 	 186.8956 	 0.1348 
10.4448 	 176.4315 	 0.1472 
10.4948 	 180.9517 	 0.1572 
10.5447 	 177.7841 	 0.1636 
10.5947 	 166.8010 	 0.1674 
10.6447 	 155.0680 	 0.1688 
10.6947 	 156.1020 	 0.1666 
10.7446 	 159.4542 	 0.1619 
10.7946 	 145.6892 	 0.1535 
10.8446 	 139.9253 	 0.1418 
10.8946 	 146.9952 	 0.1264 
10.9445 	 143.4935 	 0.1066 
10.9945 	 138.2949 	 0.0827 
11.0445 	 129.3149 	 0.0551 
11.0945 	 118.5917 	 0.0242 
11.1444 	 118.0240 	 -0.0093 
11.1944 	 113.7526 	 -0.0435 
11.2444 	 111.1764 	 -0.0772 
11.2944 	 111.9044 	 -0.1086 
11.3443 	 109.8286 	 -0.1359 
11.3943 	 106.1899 	 -0.1581 
11.4443 	 103.9269 	 -0.1741 
11.4943 	 101.7416 	 -0.1839 
11.5442 	 101.2629 	 -0.1873 
11.5942 	 98.3570 	 -0.1840 
11.6442 	 88.3252 	 -0.1760 
11.6942 	 83.7918 	 -0.1643 
11.7441 	 87.3851 	 -0.1493 
11.7941 	 90.0048 	 -0.1323 
11.8441 	 84.0476 	 -0.1146 
11.8941 	 79.3273 	 -0.0952 
11.9440 	 80.6593 	 -0.0744 
11.9940 	 79.0564 	 -0.0522 
12.0440 	 72.1934 	 -0.0267 
12.0940 	 70.9506 	 0.0026 
12.1439 	 68.4512 	 0.0361 
12.1939 	 64.3887 	 0.0750 
12.2439 	 61.8196 	 0.1173 
12.2939 	 62.8678 	 0.1636 
12.3438 	 60.3602 	 0.2113 
12.3938 	 57.2569 	 0.2583 
12.4438 	 59.1660 	 0.3026 
12.4938 	 57.9511 	 0.3412 
12.5437 	 57.8489 	 0.3724 
12.5937 	 55.6883 	 0.3936 
12.6437 	 53.1890 	 0.4030 
12.6937 	 51.2954 	 0.4000 
12.7436 	 47.8962 	 0.3833 
12.7936 	 48.4200 	 0.3538 
12.8436 	 48.7275 	 0.3114 
12.8936 	 45.9068 	 0.2586 
12.9435 	 45.1856 	 0.1972 
12.9935 	 41.5642 	 0.1297 
13.0435 	 38.4846 	 0.0597 
13.0935 	 36.6601 	 -0.0099 
13.1434 	 36.3877 	 -0.0762 
13.1934 	 37.0861 	 -0.1373 
13.2434 	 37.3739 	 -0.1905 
13.2934 	 36.0274 	 -0.2346 
13.3433 	 32.6623 	 -0.2675 
13.3933 	 32.8058 	 -0.2897 
13.4433 	 34.5137 	 -0.3001 
13.4933 	 32.0672 	 -0.2995 
13.5432 	 30.6475 	 -0.2882 
13.5932 	 30.7783 	 -0.2678 
13.6432 	 28.6393 	 -0.2384 
13.6932 	 28.3502 	 -0.2039 
13.7431 	 29.3012 	 -0.1656 
13.7931 	 28.4221 	 -0.1259 
13.8431 	 26.1177 	 -0.0874 
13.8931 	 24.6669 	 -0.0538 
13.9430 	 25.1706 	 -0.0262 
13.9930 	 24.3290 	 -0.0063 
14.0430 	 23.1363 	 0.0038 
14.0930 	 23.7835 	 0.0049 
14.1429 	 23.5240 	 -0.0025 
14.1929 	 23.0197 	 -0.0180 
14.2429 	 22.0890 	 -0.0379 
14.2929 	 20.8464 	 -0.0601 
14.3428 	 21.7705 	 -0.0825 
14.3928 	 20.5752 	 -0.1010 
14.4428 	 20.7665 	 -0.1147 
14.4928 	 19.9973 	 -0.1212 
14.5427 	 17.7831 	 -0.1200 
14.5927 	 17.5767 	 -0.1110 
14.6427 	 17.4116 	 -0.0947 
14.6927 	 17.8107 	 -0.0736 
14.7426 	 17.4870 	 -0.0479 
14.7926 	 16.6270 	 -0.0207 
14.8426 	 16.5468 	 0.0067 
14.8926 	 17.0220 	 0.0317 
14.9425 	 16.4761 	 0.0529 
14.9925 	 14.8744 	 0.0697 
15.0425 	 14.6817 	 0.0799 
15.0925 	 15.0652 	 0.0845 
15.1424 	 13.9616 	 0.0829 
15.1924 	 14.3833 	 0.0753 
15.2424 	 13.6838 	 0.0626 
15.2924 	 12.5871 	 0.0459 
15.3423 	 13.1372 	 0.0262 
15.3923 	 13.1514 	 0.0044 
15.4423 	 13.4584 	 -0.0178 
15.4923 	 12.6129 	 -0.0393 
15.5422 	 11.3695 	 -0.0591 
15.5922 	 11.6760 	 -0.0755 
15.6422 	 11.9308 	 -0.0889 
15.6922 	 10.8226 	 -0.0982 
15.7421 	 10.7796 	 -0.1040 
15.7921 	 11.0189 	 -0.1063 
15.8421 	 10.5848 	 -0.1057 
15.8921 	 10.4539 	 -0.1035 
15.9420 	 10.1163 	 -0.1002 
15.9920 	 10.0495 	 -0.0959 
16.0420 	 9.8274 	 -0.0915 
16.0920 	 9.7955 	 -0.0873 
16.1419 	 9.5068 	 -0.0834 
16.1919 	 9.1148 	 -0.0801 
16.2419 	 9.0270 	 -0.0771 
16.2919 	 9.4221 	 -0.0746 
16.3418 	 8.9009 	 -0.0721 
16.3918 	 8.5515 	 -0.0700 
16.4418 	 8.5021 	 -0.0670 
16.4918 	 8.2248 	 -0.0638 
16.5417 	 8.5615 	 -0.0601 
16.5917 	 7.7459 	 -0.0562 
16.6417 	 7.5657 	 -0.0511 
16.6917 	 7.2575 	 -0.0453 
16.7416 	 6.9293 	 -0.0388 
16.7916 	 7.0873 	 -0.0316 
16.8416 	 7.2705 	 -0.0242 
16.8916 	 7.4054 	 -0.0163 
16.9415 	 6.9958 	 -0.0089 
16.9915 	 6.8475 	 -0.0015 
17.0415 	 6.4493 	 0.0036 
17.0915 	 6.2773 	 0.0074 
17.1414 	 6.4875 	 0.0087 
17.1914 	 6.1160 	 0.0061 
17.2414 	 5.8187 	 0.0004 
17.2914 	 5.9644 	 -0.0095 
17.3413 	 5.7039 	 -0.0236 
17.3913 	 5.3890 	 -0.0414 
17.4413 	 5.4628 	 -0.0629 
17.4913 	 5.3716 	 -0.0868 
17.5412 	 5.3825 	 -0.1125 
17.5912 	 5.3187 	 -0.1379 
17.6412 	 5.2288 	 -0.1615 
17.6912 	 4.9207 	 -0.1822 
17.7411 	 4.7342 	 -0.1980 
17.7911 	 4.5441 	 -0.2080 
17.8411 	 4.5376 	 -0.2112 
17.8911 	 4.4962 	 -0.2080 
17.9410 	 4.4482 	 -0.1986 
17.9910 	 4.2497 	 -0.1848 
18.0410 	 4.1729 	 -0.1677 
18.0910 	 4.1240 	 -0.1493 
18.1409 	 3.8476 	 -0.1317 
18.1909 	 3.8658 	 -0.1162 
18.2409 	 3.8283 	 -0.1031 
18.2909 	 3.8285 	 -0.0939 
18.3408 	 3.8313 	 -0.0878 
18.3908 	 3.7458 	 -0.0840 
18.4408 	 3.6749 	 -0.0816 
18.4908 	 3.7736 	 -0.0785 
18.5407 	 3.4210 	 -0.0742 
18.5907 	 3.5277 	 -0.0667 
18.6407 	 3.5989 	 -0.0556 
18.6907 	 3.3481 	 -0.0401 
18.7406 	 3.2735 	 -0.0199 
18.7906 	 3.3257 	 0.0042 
18.8406 	 3.3301 	 0.0309 
18.8906 	 3.3282 	 0.0592 
18.9405 	 3.0327 	 0.0872 
18.9905 	 2.9293 	 0.1135 
19.0405 	 3.0082 	 0.1362 
19.0905 	 2.9774 	 0.1537 
19.1404 	 2.8202 	 0.1638 
19.1904 	 2.7091 	 0.1662 
19.2404 	 2.8064 	 0.1595 
19.2904 	 2.7424 	 0.1440 
19.3403 	 2.6922 	 0.1199 
19.3903 	 2.7577 	 0.0889 
19.4403 	 2.4935 	 0.0525 
19.4903 	 2.4671 	 0.0131 
19.5402 	 2.3900 	 -0.0271 
19.5902 	 2.2271 	 -0.0647 
19.6402 	 2.3236 	 -0.0982 
19.6902 	 2.1452 	 -0.1247 
19.7401 	 2.1941 	 -0.1433 
19.7901 	 2.1137 	 -0.1527 
19.8401 	 2.1162 	 -0.1535 
19.8901 	 2.0968 	 -0.1464 
19.9400 	 1.9539 	 -0.1327 
19.9900 	 1.9584 	 -0.1144 
20.0400 	 1.9815 	 -0.0936 
20.0900 	 1.8776 	 -0.0731 
20.1399 	 1.8101 	 -0.0540 
20.1899 	 1.9219 	 -0.0376 
20.2399 	 1.8891 	 -0.0249 
20.2899 	 1.8094 	 -0.0156 
20.3398 	 1.8467 	 -0.0093 
20.3898 	 1.8173 	 -0.0051 
20.4398 	 1.7658 	 -0.0027 
20.4898 	 1.6048 	 -0.0012 
20.5397 	 1.6776 	 -0.0008 
20.5897 	 1.5953 	 -0.0007 
20.6397 	 1.5733 	 -0.0014 
20.6897 	 1.6242 	 -0.0027 
20.7396 	 1.5670 	 -0.0048 
20.7896 	 1.5633 	 -0.0076 
20.8396 	 1.5123 	 -0.0111 
20.8896 	 1.5134 	 -0.0148 
20.9395 	 1.3655 	 -0.0179 
20.9895 	 1.3405 	 -0.0204 
21.0395 	 1.3927 	 -0.0212 
21.0895 	 1.3846 	 -0.0196 
21.1394 	 1.3296 	 -0.0148 
21.1894 	 1.2652 	 -0.0066 
21.2394 	 1.2806 	 0.0058 
21.2894 	 1.2446 	 0.0220 
21.3393 	 1.2038 	 0.0414 
21.3893 	 1.1724 	 0.0633 
21.4393 	 1.1913 	 0.0861 
21.4893 	 1.1996 	 0.1077 
21.5392 	 1.1616 	 0.1259 
21.5892 	 1.1319 	 0.1387 
21.6392 	 1.1233 	 0.1440 
21.6892 	 1.1131 	 0.1408 
21.7391 	 1.1190 	 0.1278 
21.7891 	 1.0883 	 0.1058 
21.8391 	 1.0743 	 0.0758 
21.8891 	 1.0204 	 0.0391 
21.9390 	 1.0257 	 -0.0015 
21.9890 	 1.0122 	 -0.0429 
22.0390 	 1.0206 	 -0.0821 
22.0890 	 0.9992 	 -0.1162 
22.1389 	 0.9280 	 -0.1425 
22.1889 	 0.9153 	 -0.1588 
22.2389 	 0.8884 	 -0.1643 
22.2889 	 0.9154 	 -0.1584 
22.3388 	 0.8985 	 -0.1414 
22.3888 	 0.9139 	 -0.1147 
22.4388 	 0.9180 	 -0.0800 
22.4888 	 0.8882 	 -0.0397 
22.5387 	 0.8282 	 0.0034 
22.5887 	 0.8454 	 0.0462 
22.6387 	 0.8559 	 0.0862 
22.6887 	 0.8031 	 0.1208 
22.7386 	 0.8562 	 0.1483 
22.7886 	 0.8040 	 0.1679 
22.8386 	 0.8049 	 0.1791 
22.8886 	 0.7577 	 0.1828 
22.9385 	 0.7317 	 0.1800 
22.9885 	 0.7172 	 0.1719 
23.0385 	 0.6921 	 0.1608 
23.0885 	 0.6822 	 0.1480 
23.1384 	 0.6794 	 0.1352 
23.1884 	 0.7278 	 0.1245 
23.2384 	 0.6877 	 0.1164 
23.2884 	 0.7010 	 0.1126 
23.3383 	 0.6918 	 0.1131 
23.3883 	 0.6837 	 0.1180 
23.4383 	 0.6720 	 0.1276 
23.4883 	 0.6319 	 0.1396 
23.5382 	 0.6443 	 0.1536 
23.5882 	 0.6178 	 0.1672 
23.6382 	 0.6178 	 0.1787 
23.6882 	 0.6150 	 0.1866 
23.7381 	 0.6148 	 0.1891 
23.7881 	 0.6047 	 0.1848 
23.8381 	 0.5829 	 0.1738 
23.8881 	 0.5956 	 0.1551 
23.9380 	 0.5744 	 0.1297 
23.9880 	 0.5706 	 0.0981 
24.0380 	 0.5528 	 0.0620 
24.0880 	 0.5401 	 0.0233 
24.1379 	 0.5544 	 -0.0162 
24.1879 	 0.5639 	 -0.0540 
24.2379 	 0.5504 	 -0.0881 
24.2879 	 0.5262 	 -0.1166 
24.3378 	 0.5052 	 -0.1381 
24.3878 	 0.5237 	 -0.1517 
24.4378 	 0.4814 	 -0.1575 
24.4878 	 0.4929 	 -0.1557 
24.5377 	 0.5015 	 -0.1473 
24.5877 	 0.5068 	 -0.1338 
24.6377 	 0.4835 	 -0.1166 
24.6877 	 0.4785 	 -0.0978 
24.7376 	 0.4648 	 -0.0789 
24.7876 	 0.4754 	 -0.0616 
24.8376 	 0.4634 	 -0.0473 
24.8876 	 0.4730 	 -0.0366 
24.9375 	 0.4712 	 -0.0303 
24.9875 	 0.4411 	 -0.0280 
25.0375 	 0.4549 	 -0.0293 
25.0875 	 0.4428 	 -0.0337 
25.1374 	 0.4251 	 -0.0398 
25.1874 	 0.4361 	 -0.0470 
25.2374 	 0.4249 	 -0.0543 
25.2874 	 0.4146 	 -0.0612 
25.3373 	 0.4281 	 -0.0672 
25.3873 	 0.4145 	 -0.0723 
25.4373 	 0.3969 	 -0.0763 
25.4873 	 0.3842 	 -0.0792 
25.5372 	 0.4100 	 -0.0810 
25.5872 	 0.3900 	 -0.0814 
25.6372 	 0.3779 	 -0.0796 
25.6872 	 0.3696 	 -0.0760 
25.7371 	 0.3942 	 -0.0695 
25.7871 	 0.3814 	 -0.0600 
25.8371 	 0.3763 	 -0.0474 
25.8871 	 0.3770 	 -0.0318 
25.9370 	 0.3972 	 -0.0139 
25.9870 	 0.3715 	 0.0059 
26.0370 	 0.3678 	 0.0262 
26.0870 	 0.3657 	 0.0464 
26.1369 	 0.3646 	 0.0650 
26.1869 	 0.3467 	 0.0810 
26.2369 	 0.3405 	 0.0936 
26.2869 	 0.3617 	 0.1020 
26.3368 	 0.3564 	 0.1057 
26.3868 	 0.3430 	 0.1042 
26.4368 	 0.3542 	 0.0979 
26.4868 	 0.3461 	 0.0873 
26.5367 	 0.3502 	 0.0725 
26.5867 	 0.3346 	 0.0547 
26.6367 	 0.3329 	 0.0353 
26.6867 	 0.3222 	 0.0147 
26.7366 	 0.3179 	 -0.0055 
26.7866 	 0.3313 	 -0.0247 
26.8366 	 0.3303 	 -0.0421 
26.8866 	 0.3158 	 -0.0568 
26.9365 	 0.3173 	 -0.0686 
26.9865 	 0.3172 	 -0.0771 
27.0365 	 0.3199 	 -0.0827 
27.0865 	 0.3161 	 -0.0851 
27.1364 	 0.3128 	 -0.0849 
27.1864 	 0.3187 	 -0.0822 
27.2364 	 0.3222 	 -0.0771 
27.2864 	 0.3126 	 -0.0704 
27.3363 	 0.3048 	 -0.0617 
27.3863 	 0.3151 	 -0.0517 
27.4363 	 0.3004 	 -0.0407 
27.4863 	 0.2877 	 -0.0292 
27.5362 	 0.2871 	 -0.0182 
27.5862 	 0.2815 	 -0.0080 
27.6362 	 0.2876 	 -0.0003 
27.6862 	 0.2737 	 0.0048 
27.7361 	 0.2709 	 0.0065 
27.7861 	 0.2664 	 0.0047 
27.8361 	 0.2747 	 -0.0003 
27.8861 	 0.2682 	 -0.0079 
27.9360 	 0.2682 	 -0.0170 
27.9860 	 0.2667 	 -0.0266 
28.0360 	 0.2675 	 -0.0352 
28.0860 	 0.2745 	 -0.0418 
28.1359 	 0.2733 	 -0.0451 
28.1859 	 0.2757 	 -0.0447 
28.2359 	 0.2698 	 -0.0403 
28.2859 	 0.2656 	 -0.0321 
28.3358 	 0.2706 	 -0.0209 
28.3858 	 0.2645 	 -0.0076 
28.4358 	 0.2582 	 0.0066 
28.4858 	 0.2603 	 0.0209 
28.5357 	 0.2619 	 0.0342 
28.5857 	 0.2583 	 0.0457 
28.6357 	 0.2616 	 0.0547 
28.6857 	 0.2625 	 0.0610 
28.7356 	 0.2550 	 0.0640 
28.7856 	 0.2547 	 0.0638 
28.8356 	 0.2488 	 0.0599 
28.8856 	 0.2445 	 0.0527 
28.9355 	 0.2381 	 0.0421 
28.9855 	 0.2366 	 0.0287 
29.0355 	 0.2437 	 0.0135 
29.0855 	 0.2389 	 -0.0029 
29.1354 	 0.2378 	 -0.0193 
29.1854 	 0.2365 	 -0.0350 
29.2354 	 0.2424 	 -0.0492 
29.2854 	 0.2334 	 -0.0616 
29.3353 	 0.2324 	 -0.0719 
29.3853 	 0.2336 	 -0.0801 
29.4353 	 0.2319 	 -0.0865 
29.4853 	 0.2370 	 -0.0913 
29.5352 	 0.2402 	 -0.0949 
29.5852 	 0.2345 	 -0.0973 
29.6352 	 0.2364 	 -0.0989 
29.6852 	 0.2391 	 -0.0994 
29.7351 	 0.2391 	 -0.0988 
29.7851 	 0.2351 	 -0.0968 
29.8351 	 0.2292 	 -0.0931 
29.8851 	 0.2258 	 -0.0875 
29.9350 	 0.2284 	 -0.0800 
29.9850 	 0.2301 	 -0.0705 
30.0350 	 0.2247 	 -0.0593 
30.0850 	 0.2277 	 -0.0468 
30.1349 	 0.2282 	 -0.0335 
30.1849 	 0.2272 	 -0.0198 
30.2349 	 0.2258 	 -0.0065 
30.2849 	 0.2171 	 0.0061 
30.3348 	 0.2131 	 0.0178 
30.3848 	 0.2168 	 0.0283 
30.4348 	 0.2190 	 0.0380 
30.4848 	 0.2247 	 0.0468 
30.5347 	 0.2226 	 0.0549 
30.5847 	 0.2244 	 0.0624 
30.6347 	 0.2239 	 0.0693 
30.6847 	 0.2213 	 0.0751 
30.7346 	 0.2238 	 0.0795 
30.7846 	 0.2197 	 0.0818 
30.8346 	 0.2197 	 0.0813 
30.8846 	 0.2137 	 0.0772 
30.9345 	 0.2173 	 0.0690 
30.9845 	 0.2120 	 0.0563 
31.0345 	 0.2160 	 0.0393 
31.0845 	 0.2084 	 0.0181 
31.1344 	 0.2066 	 -0.0065 
31.1844 	 0.2075 	 -0.0334 
31.2344 	 0.2073 	 -0.0612 
31.2844 	 0.2098 	 -0.0881 
31.3343 	 0.2112 	 -0.1126 
31.3843 	 0.2166 	 -0.1327 
31.4343 	 0.2160 	 -0.1470 
31.4843 	 0.2106 	 -0.1546 
31.5342 	 0.2054 	 -0.1550 
31.5842 	 0.2047 	 -0.1482 
31.6342 	 0.2102 	 -0.1350 
31.6842 	 0.2073 	 -0.1164 
31.7341 	 0.2077 	 -0.0940 
31.7841 	 0.2035 	 -0.0690 
31.8341 	 0.1995 	 -0.0430 
31.8841 	 0.1921 	 -0.0170 
31.9340 	 0.1931 	 0.0083 
31.9840 	 0.1910 	 0.0321 
32.0340 	 0.1925 	 0.0543 
32.0840 	 0.1940 	 0.0746 
32.1339 	 0.1979 	 0.0929 
32.1839 	 0.1999 	 0.1090 
32.2339 	 0.2016 	 0.1226 
32.2839 	 0.1978 	 0.1335 
32.3338 	 0.1997 	 0.1410 
32.3838 	 0.1958 	 0.1448 
32.4338 	 0.1979 	 0.1441 
32.4838 	 0.1945 	 0.1388 
32.5337 	 0.1983 	 0.1287 
32.5837 	 0.2023 	 0.1141 
32.6337 	 0.2054 	 0.0960 
32.6837 	 0.2029 	 0.0753 
32.7336 	 0.1995 	 0.0535 
32.7836 	 0.1977 	 0.0321 
32.8336 	 0.1945 	 0.0125 
32.8836 	 0.1878 	 -0.0041 
32.9335 	 0.1850 	 -0.0165 
32.9835 	 0.1807 	 -0.0245 
33.0335 	 0.1832 	 -0.0277 
33.0835 	 0.1851 	 -0.0265 
33.1334 	 0.1910 	 -0.0217 
33.1834 	 0.1920 	 -0.0140 
33.2334 	 0.1992 	 -0.0046 
33.2834 	 0.1958 	 0.0053 
33.3333 	 0.1980 	 0.0146 
33.3833 	 0.1966 	 0.0220 
33.4333 	 0.1929 	 0.0266 
33.4833 	 0.1890 	 0.0276 
33.5332 	 0.1858 	 0.0247 
33.5832 	 0.1836 	 0.0177 
33.6332 	 0.1835 	 0.0070 
33.6832 	 0.1814 	 -0.0068 
33.7331 	 0.1833 	 -0.0228 
33.7831 	 0.1856 	 -0.0398 
33.8331 	 0.1900 	 -0.0567 
33.8831 	 0.1914 	 -0.0720 
33.9330 	 0.1913 	 -0.0845 
33.9830 	 0.1880 	 -0.0930 
34.0330 	 0.1850 	 -0.0965 
34.0830 	 0.1838 	 -0.0945 
34.1329 	 0.1822 	 -0.0868 
34.1829 	 0.1818 	 -0.0737 
34.2329 	 0.1826 	 -0.0558 
34.2829 	 0.1829 	 -0.0346 
34.3328 	 0.1814 	 -0.0115 
34.3828 	 0.1834 	 0.0116 
34.4328 	 0.1807 	 0.0325 
34.4828 	 0.1800 	 0.0493 
34.5327 	 0.1812 	 0.0602 
34.5827 	 0.1834 	 0.0638 
34.6327 	 0.1854 	 0.0592 
34.6827 	 0.1844 	 0.0461 
34.7326 	 0.1859 	 0.0251 
34.7826 	 0.1817 	 -0.0027 
34.8326 	 0.1822 	 -0.0352 
34.8826 	 0.1815 	 -0.0701 
34.9325 	 0.1796 	 -0.1043 
34.9825 	 0.1785 	 -0.1347 
35.0325 	 0.1799 	 -0.1583 
35.0825 	 0.1768 	 -0.1726 
35.1324 	 0.1745 	 -0.1755 
35.1824 	 0.1747 	 -0.1661 
35.2324 	 0.1730 	 -0.1444 
35.2824 	 0.1743 	 -0.1117 
35.3323 	 0.1768 	 -0.0701 
35.3823 	 0.1758 	 -0.0230 
35.4323 	 0.1789 	 0.0263 
35.4823 	 0.1801 	 0.0737 
35.5322 	 0.1828 	 0.1159 
35.5822 	 0.1823 	 0.1498 
35.6322 	 0.1825 	 0.1732 
35.6822 	 0.1808 	 0.1848 
35.7321 	 0.1804 	 0.1844 
35.7821 	 0.1804 	 0.1728 
35.8321 	 0.1798 	 0.1513 
35.8821 	 0.1777 	 0.1220 
35.9320 	 0.1780 	 0.0873 
35.9820 	 0.1746 	 0.0498 
36.0320 	 0.1750 	 0.0118 
36.0820 	 0.1743 	 -0.0245 
36.1319 	 0.1750 	 -0.0571 
36.1819 	 0.1720 	 -0.0846 
36.2319 	 0.1745 	 -0.1058 
36.2819 	 0.1727 	 -0.1201 
36.3318 	 0.1728 	 -0.1272 
36.3818 	 0.1730 	 -0.1271 
36.4318 	 0.1749 	 -0.1204 
36.4818 	 0.1751 	 -0.1079 
36.5317 	 0.1765 	 -0.0910 
36.5817 	 0.1761 	 -0.0711 
36.6317 	 0.1751 	 -0.0499 
36.6817 	 0.1724 	 -0.0293 
36.7316 	 0.1705 	 -0.0106 
36.7816 	 0.1675 	 0.0044 
36.8316 	 0.1670 	 0.0148 
36.8816 	 0.1652 	 0.0198 
36.9315 	 0.1657 	 0.0190 
36.9815 	 0.1652 	 0.0127 
37.0315 	 0.1658 	 0.0015 
37.0815 	 0.1657 	 -0.0138 
37.1314 	 0.1680 	 -0.0315 
37.1814 	 0.1683 	 -0.0502 
37.2314 	 0.1688 	 -0.0681 
37.2814 	 0.1672 	 -0.0832 
37.3313 	 0.1648 	 -0.0940 
37.3813 	 0.1637 	 -0.0989 
37.4313 	 0.1635 	 -0.0970 
37.4813 	 0.1633 	 -0.0877 
37.5312 	 0.1644 	 -0.0707 
37.5812 	 0.1655 	 -0.0467 
37.6312 	 0.1681 	 -0.0168 
37.6812 	 0.1680 	 0.0176 
37.7311 	 0.1684 	 0.0543 
37.7811 	 0.1672 	 0.0910 
37.8311 	 0.1683 	 0.1254 
37.8811 	 0.1659 	 0.1548 
37.9310 	 0.1668 	 0.1772 
37.9810 	 0.1654 	 0.1905 
38.0310 	 0.1665 	 0.1936 
38.0810 	 0.1657 	 0.1860 
38.1309 	 0.1651 	 0.1679 
38.1809 	 0.1641 	 0.1405 
38.2309 	 0.1637 	 0.1055 
38.2809 	 0.1632 	 0.0651 
38.3308 	 0.1647 	 0.0219 
38.3808 	 0.1645 	 -0.0214 
38.4308 	 0.1666 	 -0.0624 
38.4808 	 0.1655 	 -0.0989 
38.5307 	 0.1666 	 -0.1292 
38.5807 	 0.1674 	 -0.1522 
38.6307 	 0.1701 	 -0.1675 
38.6807 	 0.1726 	 -0.1753 
38.7306 	 0.1743 	 -0.1763 
38.7806 	 0.1736 	 -0.1715 
38.8306 	 0.1710 	 -0.1623 
38.8806 	 0.1657 	 -0.1499 
38.9305 	 0.1641 	 -0.1358 
38.9805 	 0.1632 	 -0.1213 
39.0305 	 0.1660 	 -0.1072 
39.0805 	 0.1689 	 -0.0943 
39.1304 	 0.1735 	 -0.0829 
39.1804 	 0.1749 	 -0.0730 
39.2304 	 0.1778 	 -0.0641 
39.2804 	 0.1761 	 -0.0556 
39.3303 	 0.1737 	 -0.0468 
39.3803 	 0.1699 	 -0.0366 
39.4303 	 0.1678 	 -0.0245 
39.4803 	 0.1659 	 -0.0098 
39.5302 	 0.1660 	 0.0078 
39.5802 	 0.1658 	 0.0282 
39.6302 	 0.1672 	 0.0509 
39.6802 	 0.1671 	 0.0752 
39.7301 	 0.1671 	 0.1000 
39.7801 	 0.1664 	 0.1240 
39.8301 	 0.1652 	 0.1461 
39.8801 	 0.1631 	 0.1649 
39.9300 	 0.1618 	 0.1794 
39.9800 	 0.1615 	 0.1887 
40.0300 	 0.1624 	 0.1923 
40.0800 	 0.1654 	 0.1901 
40.1299 	 0.1681 	 0.1822 
40.1799 	 0.1717 	 0.1692 
40.2299 	 0.1752 	 0.1520 
40.2799 	 0.1766 	 0.1319 
40.3298 	 0.1782 	 0.1103 
40.3798 	 0.1763 	 0.0886 
40.4298 	 0.1729 	 0.0683 
40.4798 	 0.1682 	 0.0506 
40.5297 	 0.1642 	 0.0362 
40.5797 	 0.1613 	 0.0254 
40.6297 	 0.1619 	 0.0183 
40.6797 	 0.1645 	 0.0144 
40.7296 	 0.1687 	 0.0129 
40.7796 	 0.1726 	 0.0133 
40.8296 	 0.1745 	 0.0149 
40.8796 	 0.1738 	 0.0174 
40.9295 	 0.1721 	 0.0207 
40.9795 	 0.1689 	 0.0251 
41.0295 	 0.1658 	 0.0308 
41.0795 	 0.1626 	 0.0381 
41.1294 	 0.1631 	 0.0475 
41.1794 	 0.1633 	 0.0589 
41.2294 	 0.1637 	 0.0718 
41.2794 	 0.1624 	 0.0857 
41.3293 	 0.1606 	 0.0993 
41.3793 	 0.1586 	 0.1119 
41.4293 	 0.1574 	 0.1221 
41.4793 	 0.1566 	 0.1294 
41.5292 	 0.1586 	 0.1331 
41.5792 	 0.1591 	 0.1333 
41.6292 	 0.1613 	 0.1300 
41.6792 	 0.1616 	 0.1240 
41.7291 	 0.1618 	 0.1160 
41.7791 	 0.1604 	 0.1070 
41.8291 	 0.1601 	 0.0979 
41.8791 	 0.1597 	 0.0896 
41.9290 	 0.1597 	 0.0826 
41.9790 	 0.1601 	 0.0773 
42.0290 	 0.1599 	 0.0735 
42.0790 	 0.1595 	 0.0711 
42.1289 	 0.1598 	 0.0695 
42.1789 	 0.1603 	 0.0682 
42.2289 	 0.1615 	 0.0668 
42.2789 	 0.1623 	 0.0649 
42.3288 	 0.1628 	 0.0626 
42.3788 	 0.1620 	 0.0599 
42.4288 	 0.1602 	 0.0573 
42.4788 	 0.1550 	 0.0553 
42.5287 	 0.1527 	 0.0541 
42.5787 	 0.1504 	 0.0541 
42.6287 	 0.1524 	 0.0553 
42.6787 	 0.1560 	 0.0575 
42.7286 	 0.1612 	 0.0604 
42.7786 	 0.1643 	 0.0635 
42.8286 	 0.1672 	 0.0663 
42.8786 	 0.1672 	 0.0683 
42.9285 	 0.1662 	 0.0692 
42.9785 	 0.1633 	 0.0688 
43.0285 	 0.1613 	 0.0670 
43.0785 	 0.1591 	 0.0640 
43.1284 	 0.1589 	 0.0603 
43.1784 	 0.1596 	 0.0561 
43.2284 	 0.1604 	 0.0519 
43.2784 	 0.1597 	 0.0480 
43.3283 	 0.1590 	 0.0443 
43.3783 	 0.1574 	 0.0409 
43.4283 	 0.1569 	 0.0376 
43.4783 	 0.1572 	 0.0344 
43.5282 	 0.1584 	 0.0309 
43.5782 	 0.1585 	 0.0272 
43.6282 	 0.1581 	 0.0233 
43.6782 	 0.1563 	 0.0192 
43.7281 	 0.1563 	 0.0152 
43.7781 	 0.1562 	 0.0114 
43.8281 	 0.1575 	 0.0081 
43.8781 	 0.1586 	 0.0053 
43.9280 	 0.1609 	 0.0032 
43.9780 	 0.1618 	 0.0018 
44.0280 	 0.1631 	 0.0010 
44.0780 	 0.1624 	 0.0008 
44.1279 	 0.1615 	 0.0012 
44.1779 	 0.1601 	 0.0023 
44.2279 	 0.1596 	 0.0043 
44.2779 	 0.1589 	 0.0071 
44.3278 	 0.1596 	 0.0109 
44.3778 	 0.1589 	 0.0156 
44.4278 	 0.1590 	 0.0211 
44.4778 	 0.1572 	 0.0272 
44.5277 	 0.1562 	 0.0333 
44.5777 	 0.1559 	 0.0390 
44.6277 	 0.1570 	 0.0438 
44.6777 	 0.1582 	 0.0471 
44.7276 	 0.1584 	 0.0482 
44.7776 	 0.1571 	 0.0469 
44.8276 	 0.1563 	 0.0428 
44.8776 	 0.1544 	 0.0358 
44.9275 	 0.1547 	 0.0261 
44.9775 	 0.1561 	 0.0140 
45.0275 	 0.1585 	 0.0001 
45.0775 	 0.1600 	 -0.0150 
45.1274 	 0.1609 	 -0.0305 
45.1774 	 0.1600 	 -0.0454 
45.2274 	 0.1595 	 -0.0592 
45.2774 	 0.1589 	 -0.0711 
45.3273 	 0.1601 	 -0.0807 
45.3773 	 0.1604 	 -0.0879 
45.4273 	 0.1606 	 -0.0925 
45.4773 	 0.1569 	 -0.0947 
45.5272 	 0.1524 	 -0.0944 
45.5772 	 0.1468 	 -0.0919 
45.6272 	 0.1435 	 -0.0872 
45.6772 	 0.1414 	 -0.0802 
45.7271 	 0.1428 	 -0.0712 
45.7771 	 0.1458 	 -0.0601 
45.8271 	 0.1502 	 -0.0474 
45.8771 	 0.1536 	 -0.0334 
45.9270 	 0.1557 	 -0.0184 
45.9770 	 0.1550 	 -0.0031 
46.0270 	 0.1536 	 0.0123 
46.0770 	 0.1514 	 0.0273 
46.1269 	 0.1507 	 0.0415 
46.1769 	 0.1506 	 0.0546 
46.2269 	 0.1522 	 0.0664 
46.2769 	 0.1529 	 0.0767 
46.3268 	 0.1537 	 0.0851 
46.3768 	 0.1526 	 0.0915 
46.4268 	 0.1520 	 0.0957 
46.4768 	 0.1513 	 0.0975 
46.5267 	 0.1523 	 0.0970 
46.5767 	 0.1527 	 0.0943 
46.6267 	 0.1540 	 0.0899 
46.6767 	 0.1543 	 0.0845 
46.7266 	 0.1549 	 0.0790 
46.7766 	 0.1548 	 0.0744 
46.8266 	 0.1556 	 0.0716 
46.8766 	 0.1553 	 0.0714 
46.9265 	 0.1555 	 0.0742 
46.9765 	 0.1546 	 0.0803 
47.0265 	 0.1532 	 0.0891 
47.0765 	 0.1510 	 0.1000 
47.1264 	 0.1487 	 0.1119 
47.1764 	 0.1471 	 0.1236 
47.2264 	 0.1475 	 0.1336 
47.2764 	 0.1488 	 0.1406 
47.3263 	 0.1513 	 0.1435 
47.3763 	 0.1525 	 0.1414 
47.4263 	 0.1534 	 0.1339 
47.4763 	 0.1524 	 0.1212 
47.5262 	 0.1506 	 0.1040 
47.5762 	 0.1476 	 0.0831 
47.6262 	 0.1457 	 0.0601 
47.6762 	 0.1440 	 0.0365 
47.7261 	 0.1442 	 0.0138 
47.7761 	 0.1448 	 -0.0064 
47.8261 	 0.1467 	 -0.0231 
47.8761 	 0.1484 	 -0.0351 
47.9260 	 0.1498 	 -0.0422 
47.9760 	 0.1499 	 -0.0442 
48.0260 	 0.1502 	 -0.0418 
48.0760 	 0.1499 	 -0.0359 
48.1259 	 0.1512 	 -0.0279 
48.1759 	 0.1526 	 -0.0193 
48.2259 	 0.1552 	 -0.0117 
48.2759 	 0.1570 	 -0.0065 
48.3258 	 0.1582 	 -0.0048 
48.3758 	 0.1576 	 -0.0073 
48.4258 	 0.1568 	 -0.0141 
48.4758 	 0.1546 	 -0.0248 
48.5257 	 0.1523 	 -0.0382 
48.5757 	 0.1489 	 -0.0531 
48.6257 	 0.1471 	 -0.0677 
48.6757 	 0.1464 	 -0.0803 
48.7256 	 0.1491 	 -0.0894 
48.7756 	 0.1528 	 -0.0940 
48.8256 	 0.1562 	 -0.0933 
48.8756 	 0.1576 	 -0.0875 
48.9255 	 0.1576 	 -0.0769 
48.9755 	 0.1561 	 -0.0626 
49.0255 	 0.1554 	 -0.0462 
49.0755 	 0.1542 	 -0.0292 
49.1254 	 0.1542 	 -0.0135 
49.1754 	 0.1547 	 -0.0006 
49.2254 	 0.1563 	 0.0081 
49.2754 	 0.1568 	 0.0119 
49.3253 	 0.1561 	 0.0106 
49.3753 	 0.1533 	 0.0048 
49.4253 	 0.1509 	 -0.0046 
49.4753 	 0.1480 	 -0.0161 
49.5252 	 0.1470 	 -0.0281 
49.5752 	 0.1466 	 -0.0390 
49.6252 	 0.1486 	 -0.0473 
49.6752 	 0.1519 	 -0.0521 
49.7251 	 0.1556 	 -0.0526 
49.7751 	 0.1575 	 -0.0487 
49.8251 	 0.1574 	 -0.0407 
49.8751 	 0.1546 	 -0.0293 
49.9250 	 0.1522 	 -0.0156 
49.9750 	 0.1505 	 -0.0010 
50.0250 	 0.1515 	 0.0130 
50.0750 	 0.1535 	 0.0251 
50.1249 	 0.1562 	 0.0340 
50.1749 	 0.1572 	 0.0386 
50.2249 	 0.1577 	 0.0382 
50.2749 	 0.1566 	 0.0327 
50.3248 	 0.1562 	 0.0224 
50.3748 	 0.1555 	 0.0082 
50.4248 	 0.1553 	 -0.0087 
50.4748 	 0.1542 	 -0.0264 
50.5247 	 0.1537 	 -0.0433 
50.5747 	 0.1528 	 -0.0577 
50.6247 	 0.1530 	 -0.0681 
50.6747 	 0.1533 	 -0.0736 
50.7246 	 0.1548 	 -0.0738 
50.7746 	 0.1562 	 -0.0689 
50.8246 	 0.1576 	 -0.0596 
50.8746 	 0.1573 	 -0.0469 
50.9245 	 0.1562 	 -0.0322 
50.9745 	 0.1535 	 -0.0169 
51.0245 	 0.1506 	 -0.0022 
51.0745 	 0.1481 	 0.0105 
51.1244 	 0.1481 	 0.0202 
51.1744 	 0.1495 	 0.0261 
51.2244 	 0.1520 	 0.0276 
51.2744 	 0.1526 	 0.0245 
51.3243 	 0.1520 	 0.0171 
51.3743 	 0.1494 	 0.0061 
51.4243 	 0.1472 	 -0.0074 
51.4743 	 0.1453 	 -0.0222 
51.5242 	 0.1446 	 -0.0369 
51.5742 	 0.1434 	 -0.0501 
51.6242 	 0.1426 	 -0.0606 
51.6742 	 0.1418 	 -0.0672 
51.7241 	 0.1426 	 -0.0694 
51.7741 	 0.1446 	 -0.0667 
51.8241 	 0.1480 	 -0.0591 
51.8741 	 0.1515 	 -0.0468 
51.9240 	 0.1543 	 -0.0306 
51.9740 	 0.1545 	 -0.0113 
52.0240 	 0.1539 	 0.0099 
52.0740 	 0.1520 	 0.0321 
52.1239 	 0.1508 	 0.0539 
52.1739 	 0.1499 	 0.0744 
52.2239 	 0.1506 	 0.0927 
52.2739 	 0.1516 	 0.1078 
52.3238 	 0.1530 	 0.1193 
52.3738 	 0.1525 	 0.1267 
52.4238 	 0.1516 	 0.1296 
52.4738 	 0.1492 	 0.1282 
52.5237 	 0.1471 	 0.1226 
52.5737 	 0.1450 	 0.1134 
52.6237 	 0.1444 	 0.1013 
52.6737 	 0.1438 	 0.0872 
52.7236 	 0.1441 	 0.0718 
52.7736 	 0.1439 	 0.0558 
52.8236 	 0.1445 	 0.0397 
52.8736 	 0.1447 	 0.0240 
52.9235 	 0.1452 	 0.0090 
52.9735 	 0.1448 	 -0.0051 
53.0235 	 0.1444 	 -0.0180 
53.0735 	 0.1439 	 -0.0297 
53.1234 	 0.1450 	 -0.0398 
53.1734 	 0.1470 	 -0.0481 
53.2234 	 0.1496 	 -0.0547 
53.2734 	 0.1507 	 -0.0594 
53.3233 	 0.1514 	 -0.0625 
53.3733 	 0.1506 	 -0.0643 
53.4233 	 0.1498 	 -0.0651 
53.4733 	 0.1479 	 -0.0656 
53.5232 	 0.1459 	 -0.0664 
53.5732 	 0.1429 	 -0.0677 
53.6232 	 0.1410 	 -0.0699 
53.6732 	 0.1398 	 -0.0727 
53.7231 	 0.1408 	 -0.0759 
53.7731 	 0.1425 	 -0.0788 
53.8231 	 0.1454 	 -0.0807 
53.8731 	 0.1473 	 -0.0809 
53.9230 	 0.1488 	 -0.0789 
53.9730 	 0.1488 	 -0.0741 
54.0230 	 0.1492 	 -0.0665 
54.0730 	 0.1492 	 -0.0562 
54.1229 	 0.1502 	 -0.0435 
54.1729 	 0.1508 	 -0.0292 
54.2229 	 0.1519 	 -0.0142 
54.2729 	 0.1521 	 0.0004 
54.3228 	 0.1517 	 0.0136 
54.3728 	 0.1489 	 0.0245 
54.4228 	 0.1455 	 0.0326 
54.4728 	 0.1417 	 0.0376 
54.5227 	 0.1403 	 0.0399 
54.5727 	 0.1406 	 0.0396 
54.6227 	 0.1431 	 0.0374 
54.6727 	 0.1461 	 0.0338 
54.7226 	 0.1497 	 0.0291 
54.7726 	 0.1517 	 0.0236 
54.8226 	 0.1528 	 0.0173 
54.8726 	 0.1522 	 0.0101 
54.9225 	 0.1509 	 0.0019 
54.9725 	 0.1479 	 -0.0076 
55.0225 	 0.1448 	 -0.0184 
55.0725 	 0.1416 	 -0.0303 
55.1224 	 0.1407 	 -0.0429 
55.1724 	 0.1421 	 -0.0553 
55.2224 	 0.1463 	 -0.0664 
55.2724 	 0.1506 	 -0.0749 
55.3223 	 0.1541 	 -0.0796 
55.3723 	 0.1544 	 -0.0796 
55.4223 	 0.1524 	 -0.0741 
55.4723 	 0.1484 	 -0.0630 
55.5222 	 0.1456 	 -0.0466 
55.5722 	 0.1445 	 -0.0260 
55.6222 	 0.1465 	 -0.0024 
55.6722 	 0.1494 	 0.0224 
55.7221 	 0.1526 	 0.0465 
55.7721 	 0.1537 	 0.0679 
55.8221 	 0.1540 	 0.0851 
55.8721 	 0.1530 	 0.0968 
55.9220 	 0.1523 	 0.1020 
55.9720 	 0.1509 	 0.1008 
56.0220 	 0.1499 	 0.0933 
56.0720 	 0.1484 	 0.0805 
56.1219 	 0.1478 	 0.0635 
56.1719 	 0.1472 	 0.0438 
56.2219 	 0.1472 	 0.0229 
56.2719 	 0.1465 	 0.0022 
56.3218 	 0.1462 	 -0.0169 
56.3718 	 0.1459 	 -0.0334 
56.4218 	 0.1470 	 -0.0462 
56.4718 	 0.1485 	 -0.0549 
56.5217 	 0.1509 	 -0.0593 
56.5717 	 0.1524 	 -0.0594 
56.6217 	 0.1539 	 -0.0557 
56.6717 	 0.1541 	 -0.0489 
56.7216 	 0.1551 	 -0.0398 
56.7716 	 0.1561 	 -0.0295 
56.8216 	 0.1577 	 -0.0192 
56.8716 	 0.1577 	 -0.0097 
56.9215 	 0.1566 	 -0.0021 
56.9715 	 0.1536 	 0.0030 
57.0215 	 0.1511 	 0.0053 
57.0715 	 0.1492 	 0.0046 
57.1214 	 0.1491 	 0.0011 
57.1714 	 0.1492 	 -0.0049 
57.2214 	 0.1494 	 -0.0131 
57.2714 	 0.1480 	 -0.0229 
57.3213 	 0.1465 	 -0.0340 
57.3713 	 0.1445 	 -0.0461 
57.4213 	 0.1439 	 -0.0590 
57.4713 	 0.1444 	 -0.0723 
57.5212 	 0.1468 	 -0.0858 
57.5712 	 0.1492 	 -0.0990 
57.6212 	 0.1511 	 -0.1118 
57.6712 	 0.1508 	 -0.1235 
57.7211 	 0.1501 	 -0.1339 
57.7711 	 0.1489 	 -0.1424 
57.8211 	 0.1489 	 -0.1485 
57.8711 	 0.1487 	 -0.1516 
57.9210 	 0.1487 	 -0.1512 
57.9710 	 0.1480 	 -0.1467 
58.0210 	 0.1481 	 -0.1377 
58.0710 	 0.1478 	 -0.1241 
58.1209 	 0.1474 	 -0.1064 
58.1709 	 0.1454 	 -0.0851 
58.2209 	 0.1435 	 -0.0611 
58.2709 	 0.1421 	 -0.0357 
58.3208 	 0.1435 	 -0.0099 
58.3708 	 0.1461 	 0.0149 
58.4208 	 0.1495 	 0.0376 
58.4708 	 0.1510 	 0.0571 
58.5207 	 0.1507 	 0.0726 
58.5707 	 0.1481 	 0.0835 
58.6207 	 0.1455 	 0.0894 
58.6707 	 0.1432 	 0.0901 
58.7206 	 0.1430 	 0.0859 
58.7706 	 0.1435 	 0.0773 
58.8206 	 0.1450 	 0.0650 
58.8706 	 0.1452 	 0.0502 
58.9205 	 0.1451 	 0.0340 
58.9705 	 0.1438 	 0.0178 
59.0205 	 0.1430 	 0.0027 
59.0705 	 0.1423 	 -0.0102 
59.1204 	 0.1431 	 -0.0202 
59.1704 	 0.1442 	 -0.0267 
59.2204 	 0.1460 	 -0.0300 
59.2704 	 0.1468 	 -0.0303 
59.3203 	 0.1471 	 -0.0282 
59.3703 	 0.1461 	 -0.0245 
59.4203 	 0.1449 	 -0.0197 
59.4703 	 0.1432 	 -0.0144 
59.5202 	 0.1420 	 -0.0089 
59.5702 	 0.1403 	 -0.0032 
59.6202 	 0.1387 	 0.0026 
59.6702 	 0.1368 	 0.0088 
59.7201 	 0.1366 	 0.0156 
59.7701 	 0.1381 	 0.0231 
59.8201 	 0.1425 	 0.0314 
59.8701 	 0.1474 	 0.0403 
59.9200 	 0.1517 	 0.0496 
59.9700 	 0.1533 	 0.0589 
60.0200 	 0.1533 	 0.0679 
60.0700 	 0.1510 	 0.0760 
60.1199 	 0.1477 	 0.0829 
60.1699 	 0.1435 	 0.0883 
60.2199 	 0.1404 	 0.0921 
60.2699 	 0.1390 	 0.0943 
60.3198 	 0.1405 	 0.0954 
60.3698 	 0.1432 	 0.0959 
60.4198 	 0.1467 	 0.0964 
60.4698 	 0.1493 	 0.0974 
60.5197 	 0.1517 	 0.0994 
60.5697 	 0.1529 	 0.1025 
60.6197 	 0.1532 	 0.1065 
60.6697 	 0.1518 	 0.1112 
60.7196 	 0.1501 	 0.1160 
60.7696 	 0.1479 	 0.1202 
60.8196 	 0.1466 	 0.1231 
60.8696 	 0.1451 	 0.1241 
60.9195 	 0.1445 	 0.1229 
60.9695 	 0.1442 	 0.1190 
61.0195 	 0.1456 	 0.1126 
61.0695 	 0.1472 	 0.1037 
61.1194 	 0.1487 	 0.0928 
61.1694 	 0.1483 	 0.0804 
61.2194 	 0.1474 	 0.0671 
61.2694 	 0.1460 	 0.0536 
61.3193 	 0.1454 	 0.0405 
61.3693 	 0.1441 	 0.0282 
61.4193 	 0.1431 	 0.0171 
61.4693 	 0.1418 	 0.0075 
61.5192 	 0.1410 	 -0.0005 
61.5692 	 0.1399 	 -0.0071 
61.6192 	 0.1393 	 -0.0125 
61.6692 	 0.1389 	 -0.0169 
61.7191 	 0.1402 	 -0.0207 
61.7691 	 0.1421 	 -0.0239 
61.8191 	 0.1446 	 -0.0268 
61.8691 	 0.1459 	 -0.0293 
61.9190 	 0.1466 	 -0.0314 
61.9690 	 0.1464 	 -0.0328 
62.0190 	 0.1473 	 -0.0335 
62.0690 	 0.1485 	 -0.0335 
62.1189 	 0.1503 	 -0.0328 
62.1689 	 0.1509 	 -0.0318 
62.2189 	 0.1504 	 -0.0308 
62.2689 	 0.1474 	 -0.0305 
62.3188 	 0.1437 	 -0.0312 
62.3688 	 0.1396 	 -0.0332 
62.4188 	 0.1372 	 -0.0367 
62.4688 	 0.1361 	 -0.0415 
62.5187 	 0.1371 	 -0.0472 
62.5687 	 0.1389 	 -0.0534 
62.6187 	 0.1420 	 -0.0595 
62.6687 	 0.1450 	 -0.0647 
62.7186 	 0.1484 	 -0.0687 
62.7686 	 0.1505 	 -0.0710 
62.8186 	 0.1517 	 -0.0712 
62.8686 	 0.1507 	 -0.0692 
62.9185 	 0.1482 	 -0.0650 
62.9685 	 0.1437 	 -0.0590 
63.0185 	 0.1388 	 -0.0515 
63.0685 	 0.1338 	 -0.0432 
63.1184 	 0.1310 	 -0.0347 
63.1684 	 0.1302 	 -0.0268 
63.2184 	 0.1320 	 -0.0201 
63.2684 	 0.1349 	 -0.0149 
63.3183 	 0.1387 	 -0.0115 
63.3683 	 0.1415 	 -0.0098 
63.4183 	 0.1427 	 -0.0095 
63.4683 	 0.1411 	 -0.0100 
63.5182 	 0.1385 	 -0.0105 
63.5682 	 0.1359 	 -0.0102 
63.6182 	 0.1352 	 -0.0081 
63.6682 	 0.1355 	 -0.0037 
63.7181 	 0.1372 	 0.0036 
63.7681 	 0.1389 	 0.0140 
63.8181 	 0.1407 	 0.0272 
63.8681 	 0.1410 	 0.0429 
63.9180 	 0.1405 	 0.0605 
63.9680 	 0.1388 	 0.0788 
64.0180 	 0.1374 	 0.0969 
64.0680 	 0.1362 	 0.1136 
64.1179 	 0.1363 	 0.1276 
64.1679 	 0.1367 	 0.1378 
64.2179 	 0.1377 	 0.1432 
64.2679 	 0.1377 	 0.1432 
64.3178 	 0.1379 	 0.1374 
64.3678 	 0.1377 	 0.1258 
64.4178 	 0.1378 	 0.1087 
64.4678 	 0.1369 	 0.0870 
64.5177 	 0.1358 	 0.0615 
64.5677 	 0.1344 	 0.0336 
64.6177 	 0.1352 	 0.0047 
64.6677 	 0.1379 	 -0.0236 
64.7176 	 0.1424 	 -0.0498 
64.7676 	 0.1456 	 -0.0723 
64.8176 	 0.1471 	 -0.0900 
64.8676 	 0.1461 	 -0.1021 
64.9175 	 0.1446 	 -0.1082 
64.9675 	 0.1433 	 -0.1081 
65.0175 	 0.1439 	 -0.1024 
65.0675 	 0.1454 	 -0.0919 
65.1174 	 0.1477 	 -0.0777 
65.1674 	 0.1490 	 -0.0609 
65.2174 	 0.1493 	 -0.0429 
65.2674 	 0.1479 	 -0.0250 
65.3173 	 0.1457 	 -0.0081 
65.3673 	 0.1428 	 0.0068 
65.4173 	 0.1408 	 0.0193 
65.4673 	 0.1397 	 0.0292 
65.5172 	 0.1403 	 0.0365 
65.5672 	 0.1408 	 0.0417 
65.6172 	 0.1420 	 0.0452 
65.6672 	 0.1433 	 0.0474 
65.7171 	 0.1457 	 0.0491 
65.7671 	 0.1478 	 0.0505 
65.8171 	 0.1494 	 0.0521 
65.8671 	 0.1491 	 0.0541 
65.9170 	 0.1479 	 0.0565 
65.9670 	 0.1460 	 0.0591 
66.0170 	 0.1450 	 0.0617 
66.0670 	 0.1440 	 0.0640 
66.1169 	 0.1433 	 0.0654 
66.1669 	 0.1416 	 0.0655 
66.2169 	 0.1399 	 0.0638 
66.2669 	 0.1379 	 0.0599 
66.3168 	 0.1369 	 0.0536 
66.3668 	 0.1366 	 0.0447 
66.4168 	 0.1383 	 0.0334 
66.4668 	 0.1406 	 0.0202 
66.5167 	 0.1432 	 0.0057 
66.5667 	 0.1448 	 -0.0094 
66.6167 	 0.1456 	 -0.0243 
66.6667 	 0.1446 	 -0.0382 
66.7166 	 0.1426 	 -0.0504 
66.7666 	 0.1393 	 -0.0605 
66.8166 	 0.1369 	 -0.0684 
66.8666 	 0.1360 	 -0.0740 
66.9165 	 0.1382 	 -0.0776 
66.9665 	 0.1421 	 -0.0792 
67.0165 	 0.1474 	 -0.0791 
67.0665 	 0.1519 	 -0.0774 
67.1164 	 0.1549 	 -0.0740 
67.1664 	 0.1547 	 -0.0688 
67.2164 	 0.1523 	 -0.0617 
67.2664 	 0.1483 	 -0.0524 
67.3163 	 0.1452 	 -0.0409 
67.3663 	 0.1428 	 -0.0275 
67.4163 	 0.1417 	 -0.0126 
67.4663 	 0.1405 	 0.0032 
67.5162 	 0.1399 	 0.0190 
67.5662 	 0.1393 	 0.0340 
67.6162 	 0.1399 	 0.0474 
67.6662 	 0.1412 	 0.0586 
67.7161 	 0.1438 	 0.0671 
67.7661 	 0.1464 	 0.0729 
67.8161 	 0.1488 	 0.0759 
67.8661 	 0.1492 	 0.0764 
67.9160 	 0.1481 	 0.0747 
67.9660 	 0.1454 	 0.0710 
68.0160 	 0.1432 	 0.0655 
68.0660 	 0.1413 	 0.0585 
68.1159 	 0.1407 	 0.0499 
68.1659 	 0.1400 	 0.0399 
68.2159 	 0.1393 	 0.0287 
68.2659 	 0.1379 	 0.0166 
68.3158 	 0.1380 	 0.0038 
68.3658 	 0.1400 	 -0.0091 
68.4158 	 0.1443 	 -0.0217 
68.4658 	 0.1485 	 -0.0333 
68.5157 	 0.1520 	 -0.0436 
68.5657 	 0.1534 	 -0.0520 
68.6157 	 0.1533 	 -0.0583 
68.6657 	 0.1513 	 -0.0622 
68.7156 	 0.1487 	 -0.0638 
68.7656 	 0.1454 	 -0.0631 
68.8156 	 0.1427 	 -0.0603 
68.8656 	 0.1401 	 -0.0560 
68.9155 	 0.1386 	 -0.0507 
68.9655 	 0.1371 	 -0.0448 
69.0155 	 0.1362 	 -0.0390 
69.0655 	 0.1350 	 -0.0337 
69.1154 	 0.1346 	 -0.0293 
69.1654 	 0.1348 	 -0.0257 
69.2154 	 0.1368 	 -0.0230 
69.2654 	 0.1391 	 -0.0209 
69.3153 	 0.1415 	 -0.0191 
69.3653 	 0.1424 	 -0.0173 
69.4153 	 0.1423 	 -0.0151 
69.4653 	 0.1413 	 -0.0121 
69.5152 	 0.1414 	 -0.0083 
69.5652 	 0.1424 	 -0.0037 
69.6152 	 0.1446 	 0.0017 
69.6652 	 0.1461 	 0.0074 
69.7151 	 0.1474 	 0.0131 
69.7651 	 0.1477 	 0.0184 
69.8151 	 0.1476 	 0.0229 
69.8651 	 0.1465 	 0.0261 
69.9150 	 0.1456 	 0.0280 
69.9650 	 0.1450 	 0.0284 
70.0150 	 0.1454 	 0.0273 
70.0650 	 0.1453 	 0.0246 
70.1149 	 0.1449 	 0.0202 
70.1649 	 0.1434 	 0.0142 
70.2149 	 0.1421 	 0.0066 
70.2649 	 0.1411 	 -0.0023 
70.3148 	 0.1417 	 -0.0123 
70.3648 	 0.1426 	 -0.0230 
70.4148 	 0.1439 	 -0.0340 
70.4648 	 0.1445 	 -0.0447 
70.5147 	 0.1452 	 -0.0546 
70.5647 	 0.1455 	 -0.0630 
70.6147 	 0.1459 	 -0.0695 
70.6647 	 0.1452 	 -0.0736 
70.7146 	 0.1443 	 -0.0753 
70.7646 	 0.1428 	 -0.0742 
70.8146 	 0.1423 	 -0.0706 
70.8646 	 0.1419 	 -0.0643 
70.9145 	 0.1422 	 -0.0557 
70.9645 	 0.1419 	 -0.0449 
71.0145 	 0.1422 	 -0.0322 
71.0645 	 0.1426 	 -0.0180 
71.1144 	 0.1437 	 -0.0028 
71.1644 	 0.1441 	 0.0130 
71.2144 	 0.1443 	 0.0289 
71.2644 	 0.1436 	 0.0444 
71.3143 	 0.1432 	 0.0590 
71.3643 	 0.1427 	 0.0722 
71.4143 	 0.1430 	 0.0837 
71.4643 	 0.1431 	 0.0931 
71.5142 	 0.1435 	 0.1001 
71.5642 	 0.1433 	 0.1045 
71.6142 	 0.1436 	 0.1063 
71.6642 	 0.1445 	 0.1058 
71.7141 	 0.1470 	 0.1032 
71.7641 	 0.1489 	 0.0992 
71.8141 	 0.1494 	 0.0943 
71.8641 	 0.1471 	 0.0893 
71.9140 	 0.1438 	 0.0847 
71.9640 	 0.1403 	 0.0811 
72.0140 	 0.1386 	 0.0787 
72.0640 	 0.1381 	 0.0775 
72.1139 	 0.1390 	 0.0771 
72.1639 	 0.1400 	 0.0769 
72.2139 	 0.1410 	 0.0763 
72.2639 	 0.1408 	 0.0746 
72.3138 	 0.1399 	 0.0711 
72.3638 	 0.1377 	 0.0655 
72.4138 	 0.1355 	 0.0577 
72.4638 	 0.1335 	 0.0478 
72.5137 	 0.1334 	 0.0363 
72.5637 	 0.1350 	 0.0240 
72.6137 	 0.1388 	 0.0117 
72.6637 	 0.1429 	 0.0004 
72.7136 	 0.1465 	 -0.0092 
72.7636 	 0.1475 	 -0.0165 
72.8136 	 0.1467 	 -0.0211 
72.8636 	 0.1436 	 -0.0229 
72.9135 	 0.1399 	 -0.0221 
72.9635 	 0.1364 	 -0.0191 
73.0135 	 0.1353 	 -0.0144 
73.0635 	 0.1362 	 -0.0084 
73.1134 	 0.1384 	 -0.0018 
73.1634 	 0.1392 	 0.0049 
73.2134 	 0.1387 	 0.0111 
73.2634 	 0.1370 	 0.0162 
73.3133 	 0.1358 	 0.0199 
73.3633 	 0.1344 	 0.0218 
73.4133 	 0.1331 	 0.0216 
73.4633 	 0.1312 	 0.0193 
73.5132 	 0.1303 	 0.0154 
73.5632 	 0.1306 	 0.0100 
73.6132 	 0.1328 	 0.0039 
73.6632 	 0.1352 	 -0.0023 
73.7131 	 0.1372 	 -0.0080 
73.7631 	 0.1377 	 -0.0126 
73.8131 	 0.1375 	 -0.0153 
73.8631 	 0.1367 	 -0.0159 
73.9130 	 0.1364 	 -0.0141 
73.9630 	 0.1363 	 -0.0100 
74.0130 	 0.1371 	 -0.0038 
74.0630 	 0.1381 	 0.0039 
74.1129 	 0.1395 	 0.0123 
74.1629 	 0.1402 	 0.0205 
74.2129 	 0.1407 	 0.0278 
74.2629 	 0.1403 	 0.0334 
74.3128 	 0.1397 	 0.0367 
74.3628 	 0.1383 	 0.0374 
74.4128 	 0.1375 	 0.0352 
74.4628 	 0.1377 	 0.0303 
74.5127 	 0.1395 	 0.0230 
74.5627 	 0.1415 	 0.0134 
74.6127 	 0.1431 	 0.0021 
74.6627 	 0.1429 	 -0.0104 
74.7126 	 0.1421 	 -0.0236 
74.7626 	 0.1413 	 -0.0368 
74.8126 	 0.1418 	 -0.0496 
74.8626 	 0.1430 	 -0.0614 
74.9125 	 0.1451 	 -0.0717 
74.9625 	 0.1464 	 -0.0800 
75.0125 	 0.1470 	 -0.0859 
75.0625 	 0.1456 	 -0.0892 
75.1124 	 0.1435 	 -0.0895 
75.1624 	 0.1412 	 -0.0867 
75.2124 	 0.1404 	 -0.0808 
75.2624 	 0.1403 	 -0.0717 
75.3123 	 0.1410 	 -0.0597 
75.3623 	 0.1411 	 -0.0450 
75.4123 	 0.1410 	 -0.0280 
75.4623 	 0.1397 	 -0.0092 
75.5122 	 0.1379 	 0.0106 
75.5622 	 0.1357 	 0.0308 
75.6122 	 0.1348 	 0.0504 
75.6622 	 0.1353 	 0.0686 
75.7121 	 0.1376 	 0.0845 
75.7621 	 0.1396 	 0.0973 
75.8121 	 0.1407 	 0.1062 
75.8621 	 0.1392 	 0.1109 
75.9120 	 0.1366 	 0.1110 
75.9620 	 0.1335 	 0.1064 
76.0120 	 0.1326 	 0.0974 
76.0620 	 0.1339 	 0.0843 
76.1119 	 0.1375 	 0.0678 
76.1619 	 0.1408 	 0.0486 
76.2119 	 0.1432 	 0.0279 
76.2619 	 0.1433 	 0.0067 
76.3118 	 0.1421 	 -0.0137 
76.3618 	 0.1397 	 -0.0320 
76.4118 	 0.1378 	 -0.0472 
76.4618 	 0.1365 	 -0.0584 
76.5117 	 0.1371 	 -0.0652 
76.5617 	 0.1390 	 -0.0675 
76.6117 	 0.1423 	 -0.0656 
76.6617 	 0.1450 	 -0.0602 
76.7116 	 0.1466 	 -0.0525 
76.7616 	 0.1464 	 -0.0437 
76.8116 	 0.1461 	 -0.0351 
76.8616 	 0.1461 	 -0.0279 
76.9115 	 0.1476 	 -0.0230 
76.9615 	 0.1494 	 -0.0213 
77.0115 	 0.1509 	 -0.0231 
77.0615 	 0.1504 	 -0.0286 
77.1114 	 0.1482 	 -0.0377 
77.1614 	 0.1438 	 -0.0499 
77.2114 	 0.1391 	 -0.0644 
77.2614 	 0.1344 	 -0.0805 
77.3113 	 0.1312 	 -0.0969 
77.3613 	 0.1292 	 -0.1124 
77.4113 	 0.1295 	 -0.1255 
77.4613 	 0.1310 	 -0.1350 
77.5112 	 0.1341 	 -0.1397 
77.5612 	 0.1375 	 -0.1386 
77.6112 	 0.1410 	 -0.1314 
77.6612 	 0.1434 	 -0.1183 
77.7111 	 0.1452 	 -0.1002 
77.7611 	 0.1454 	 -0.0784 
77.8111 	 0.1451 	 -0.0548 
77.8611 	 0.1438 	 -0.0311 
77.9110 	 0.1427 	 -0.0095 
77.9610 	 0.1408 	 0.0086 
78.0110 	 0.1391 	 0.0218 
78.0610 	 0.1375 	 0.0296 
78.1109 	 0.1371 	 0.0316 
78.1609 	 0.1369 	 0.0285 
78.2109 	 0.1367 	 0.0210 
78.2609 	 0.1357 	 0.0104 
78.3108 	 0.1352 	 -0.0018 
78.3608 	 0.1348 	 -0.0142 
78.4108 	 0.1350 	 -0.0253 
78.4608 	 0.1351 	 -0.0339 
78.5107 	 0.1361 	 -0.0391 
78.5607 	 0.1374 	 -0.0404 
78.6107 	 0.1393 	 -0.0378 
78.6607 	 0.1405 	 -0.0316 
78.7106 	 0.1416 	 -0.0225 
78.7606 	 0.1417 	 -0.0114 
78.8106 	 0.1411 	 0.0007 
78.8606 	 0.1391 	 0.0128 
78.9105 	 0.1369 	 0.0240 
78.9605 	 0.1353 	 0.0334 
79.0105 	 0.1361 	 0.0404 
79.0605 	 0.1387 	 0.0444 
79.1104 	 0.1421 	 0.0451 
79.1604 	 0.1438 	 0.0424 
79.2104 	 0.1438 	 0.0362 
79.2604 	 0.1421 	 0.0267 
79.3103 	 0.1401 	 0.0143 
79.3603 	 0.1378 	 -0.0007 
79.4103 	 0.1363 	 -0.0174 
79.4603 	 0.1351 	 -0.0350 
79.5102 	 0.1347 	 -0.0526 
79.5602 	 0.1340 	 -0.0689 
79.6102 	 0.1336 	 -0.0828 
79.6602 	 0.1330 	 -0.0936 
79.7101 	 0.1330 	 -0.1004 
79.7601 	 0.1330 	 -0.1029 
79.8101 	 0.1339 	 -0.1010 
79.8601 	 0.1346 	 -0.0950 
79.9100 	 0.1354 	 -0.0854 
79.9600 	 0.1353 	 -0.0731 
80.0100 	 0.1351 	 -0.0589 
80.0600 	 0.1349 	 -0.0439 
80.1099 	 0.1356 	 -0.0291 
80.1599 	 0.1369 	 -0.0155 
80.2099 	 0.1391 	 -0.0038 
80.2599 	 0.1412 	 0.0054 
80.3098 	 0.1429 	 0.0117 
80.3598 	 0.1425 	 0.0151 
80.4098 	 0.1406 	 0.0158 
80.4598 	 0.1374 	 0.0141 
80.5097 	 0.1355 	 0.0106 
80.5597 	 0.1352 	 0.0057 
80.6097 	 0.1369 	 -0.0000 
80.6597 	 0.1381 	 -0.0063 
80.7096 	 0.1379 	 -0.0127 
80.7596 	 0.1353 	 -0.0191 
80.8096 	 0.1321 	 -0.0254 
80.8596 	 0.1297 	 -0.0316 
80.9095 	 0.1304 	 -0.0376 
80.9595 	 0.1334 	 -0.0434 
81.0095 	 0.1380 	 -0.0488 
81.0595 	 0.1417 	 -0.0535 
81.1094 	 0.1438 	 -0.0570 
81.1594 	 0.1436 	 -0.0588 
81.2094 	 0.1423 	 -0.0587 
81.2594 	 0.1404 	 -0.0564 
81.3093 	 0.1394 	 -0.0520 
81.3593 	 0.1389 	 -0.0456 
81.4093 	 0.1387 	 -0.0376 
81.4593 	 0.1373 	 -0.0287 
81.5092 	 0.1352 	 -0.0194 
81.5592 	 0.1328 	 -0.0105 
81.6092 	 0.1319 	 -0.0026 
81.6592 	 0.1327 	 0.0039 
81.7091 	 0.1362 	 0.0083 
81.7591 	 0.1408 	 0.0106 
81.8091 	 0.1452 	 0.0105 
81.8591 	 0.1468 	 0.0080 
81.9090 	 0.1455 	 0.0034 
81.9590 	 0.1420 	 -0.0031 
82.0090 	 0.1388 	 -0.0111 
82.0590 	 0.1367 	 -0.0201 
82.1089 	 0.1365 	 -0.0293 
82.1589 	 0.1364 	 -0.0381 
82.2089 	 0.1361 	 -0.0459 
82.2589 	 0.1344 	 -0.0519 
82.3088 	 0.1322 	 -0.0555 
82.3588 	 0.1301 	 -0.0565 
82.4088 	 0.1301 	 -0.0546 
82.4588 	 0.1324 	 -0.0500 
82.5087 	 0.1370 	 -0.0431 
82.5587 	 0.1413 	 -0.0344 
82.6087 	 0.1440 	 -0.0249 
82.6587 	 0.1435 	 -0.0153 
82.7086 	 0.1409 	 -0.0067 
82.7586 	 0.1371 	 0.0002 
82.8086 	 0.1341 	 0.0047 
82.8586 	 0.1319 	 0.0066 
82.9085 	 0.1316 	 0.0058 
82.9585 	 0.1324 	 0.0025 
83.0085 	 0.1345 	 -0.0027 
83.0585 	 0.1366 	 -0.0091 
83.1084 	 0.1390 	 -0.0159 
83.1584 	 0.1409 	 -0.0223 
83.2084 	 0.1428 	 -0.0276 
83.2584 	 0.1437 	 -0.0312 
83.3083 	 0.1448 	 -0.0327 
83.3583 	 0.1454 	 -0.0317 
83.4083 	 0.1458 	 -0.0281 
83.4583 	 0.1451 	 -0.0222 
83.5082 	 0.1445 	 -0.0142 
83.5582 	 0.1438 	 -0.0044 
83.6082 	 0.1437 	 0.0065 
83.6582 	 0.1432 	 0.0181 
83.7081 	 0.1426 	 0.0299 
83.7581 	 0.1419 	 0.0411 
83.8081 	 0.1420 	 0.0513 
83.8581 	 0.1422 	 0.0598 
83.9080 	 0.1428 	 0.0659 
83.9580 	 0.1428 	 0.0692 
84.0080 	 0.1429 	 0.0692 
84.0580 	 0.1423 	 0.0656 
84.1079 	 0.1421 	 0.0586 
84.1579 	 0.1417 	 0.0484 
84.2079 	 0.1421 	 0.0358 
84.2579 	 0.1418 	 0.0216 
84.3078 	 0.1409 	 0.0068 
84.3578 	 0.1390 	 -0.0077 
84.4078 	 0.1377 	 -0.0207 
84.4578 	 0.1371 	 -0.0314 
84.5077 	 0.1379 	 -0.0389 
84.5577 	 0.1385 	 -0.0428 
84.6077 	 0.1387 	 -0.0426 
84.6577 	 0.1377 	 -0.0383 
84.7076 	 0.1368 	 -0.0301 
84.7576 	 0.1359 	 -0.0186 
84.8076 	 0.1356 	 -0.0043 
84.8576 	 0.1349 	 0.0118 
84.9075 	 0.1345 	 0.0286 
84.9575 	 0.1346 	 0.0451 
85.0075 	 0.1365 	 0.0603 
85.0575 	 0.1390 	 0.0732 
85.1074 	 0.1414 	 0.0832 
85.1574 	 0.1422 	 0.0901 
85.2074 	 0.1418 	 0.0936 
85.2574 	 0.1402 	 0.0940 
85.3073 	 0.1389 	 0.0917 
85.3573 	 0.1380 	 0.0872 
85.4073 	 0.1378 	 0.0810 
85.4573 	 0.1377 	 0.0736 
85.5072 	 0.1381 	 0.0657 
85.5572 	 0.1385 	 0.0576 
85.6072 	 0.1401 	 0.0497 
85.6572 	 0.1421 	 0.0420 
85.7071 	 0.1448 	 0.0348 
85.7571 	 0.1467 	 0.0282 
85.8071 	 0.1481 	 0.0220 
85.8571 	 0.1482 	 0.0163 
85.9070 	 0.1478 	 0.0111 
85.9570 	 0.1463 	 0.0061 
86.0070 	 0.1445 	 0.0013 
86.0570 	 0.1426 	 -0.0036 
86.1069 	 0.1419 	 -0.0087 
86.1569 	 0.1418 	 -0.0142 
86.2069 	 0.1421 	 -0.0200 
86.2569 	 0.1413 	 -0.0261 
86.3068 	 0.1403 	 -0.0322 
86.3568 	 0.1393 	 -0.0383 
86.4068 	 0.1393 	 -0.0441 
86.4568 	 0.1395 	 -0.0494 
86.5067 	 0.1402 	 -0.0541 
86.5567 	 0.1407 	 -0.0580 
86.6067 	 0.1413 	 -0.0611 
86.6567 	 0.1412 	 -0.0632 
86.7066 	 0.1409 	 -0.0640 
86.7566 	 0.1400 	 -0.0634 
86.8066 	 0.1389 	 -0.0616 
86.8566 	 0.1370 	 -0.0587 
86.9065 	 0.1351 	 -0.0550 
86.9565 	 0.1327 	 -0.0509 
87.0065 	 0.1310 	 -0.0467 
87.0565 	 0.1299 	 -0.0429 
87.1064 	 0.1301 	 -0.0397 
87.1564 	 0.1309 	 -0.0371 
87.2064 	 0.1330 	 -0.0354 
87.2564 	 0.1351 	 -0.0346 
87.3063 	 0.1370 	 -0.0347 
87.3563 	 0.1369 	 -0.0358 
87.4063 	 0.1354 	 -0.0380 
87.4563 	 0.1328 	 -0.0414 
87.5062 	 0.1316 	 -0.0460 
87.5562 	 0.1323 	 -0.0518 
87.6062 	 0.1350 	 -0.0584 
87.6562 	 0.1376 	 -0.0655 
87.7061 	 0.1395 	 -0.0726 
87.7561 	 0.1397 	 -0.0793 
87.8061 	 0.1389 	 -0.0850 
87.8561 	 0.1373 	 -0.0894 
87.9060 	 0.1364 	 -0.0922 
87.9560 	 0.1366 	 -0.0932 
88.0060 	 0.1385 	 -0.0923 
88.0560 	 0.1401 	 -0.0894 
88.1059 	 0.1407 	 -0.0846 
88.1559 	 0.1395 	 -0.0780 
88.2059 	 0.1377 	 -0.0698 
88.2559 	 0.1353 	 -0.0604 
88.3058 	 0.1334 	 -0.0500 
88.3558 	 0.1314 	 -0.0390 
88.4058 	 0.1302 	 -0.0280 
88.4558 	 0.1296 	 -0.0172 
88.5057 	 0.1304 	 -0.0072 
88.5557 	 0.1318 	 0.0018 
88.6057 	 0.1340 	 0.0093 
88.6557 	 0.1357 	 0.0151 
88.7056 	 0.1367 	 0.0191 
88.7556 	 0.1358 	 0.0213 
88.8056 	 0.1339 	 0.0217 
88.8556 	 0.1317 	 0.0205 
88.9055 	 0.1308 	 0.0179 
88.9555 	 0.1310 	 0.0143 
89.0055 	 0.1324 	 0.0100 
89.0555 	 0.1342 	 0.0053 
89.1054 	 0.1369 	 0.0006 
89.1554 	 0.1390 	 -0.0039 
89.2054 	 0.1400 	 -0.0080 
89.2554 	 0.1385 	 -0.0117 
89.3053 	 0.1354 	 -0.0149 
89.3553 	 0.1319 	 -0.0176 
89.4053 	 0.1304 	 -0.0200 
89.4553 	 0.1303 	 -0.0221 
89.5052 	 0.1313 	 -0.0240 
89.5552 	 0.1320 	 -0.0259 
89.6052 	 0.1330 	 -0.0278 
89.6552 	 0.1342 	 -0.0298 
89.7051 	 0.1363 	 -0.0318 
89.7551 	 0.1382 	 -0.0337 
89.8051 	 0.1396 	 -0.0355 
89.8551 	 0.1392 	 -0.0371 
89.9050 	 0.1380 	 -0.0382 
89.9550 	 0.1362 	 -0.0388 
90.0050 	 0.1355 	 -0.0386 
90.0550 	 0.1357 	 -0.0374 
90.1049 	 0.1372 	 -0.0351 
90.1549 	 0.1389 	 -0.0316 
90.2049 	 0.1408 	 -0.0266 
90.2549 	 0.1415 	 -0.0201 
90.3048 	 0.1414 	 -0.0122 
90.3548 	 0.1396 	 -0.0033 
90.4048 	 0.1375 	 0.0061 
90.4548 	 0.1355 	 0.0154 
90.5047 	 0.1354 	 0.0240 
90.5547 	 0.1372 	 0.0310 
90.6047 	 0.1406 	 0.0360 
90.6547 	 0.1435 	 0.0387 
90.7046 	 0.1454 	 0.0390 
90.7546 	 0.1456 	 0.0369 
90.8046 	 0.1442 	 0.0328 
90.8546 	 0.1408 	 0.0271 
90.9045 	 0.1367 	 0.0203 
90.9545 	 0.1335 	 0.0129 
91.0045 	 0.1334 	 0.0056 
91.0545 	 0.1360 	 -0.0012 
91.1044 	 0.1400 	 -0.0071 
91.1544 	 0.1431 	 -0.0117 
91.2044 	 0.1447 	 -0.0148 
91.2544 	 0.1444 	 -0.0164 
91.3043 	 0.1439 	 -0.0165 
91.3543 	 0.1431 	 -0.0153 
91.4043 	 0.1425 	 -0.0130 
91.4543 	 0.1413 	 -0.0099 
91.5042 	 0.1403 	 -0.0064 
91.5542 	 0.1392 	 -0.0029 
91.6042 	 0.1387 	 0.0004 
91.6542 	 0.1376 	 0.0029 
91.7041 	 0.1364 	 0.0043 
91.7541 	 0.1347 	 0.0044 
91.8041 	 0.1336 	 0.0028 
91.8541 	 0.1331 	 -0.0003 
91.9040 	 0.1333 	 -0.0048 
91.9540 	 0.1330 	 -0.0103 
92.0040 	 0.1331 	 -0.0163 
92.0540 	 0.1335 	 -0.0223 
92.1039 	 0.1353 	 -0.0274 
92.1539 	 0.1375 	 -0.0314 
92.2039 	 0.1399 	 -0.0338 
92.2539 	 0.1409 	 -0.0343 
92.3038 	 0.1409 	 -0.0331 
92.3538 	 0.1398 	 -0.0303 
92.4038 	 0.1388 	 -0.0261 
92.4538 	 0.1381 	 -0.0209 
92.5037 	 0.1386 	 -0.0149 
92.5537 	 0.1395 	 -0.0085 
92.6037 	 0.1408 	 -0.0021 
92.6537 	 0.1416 	 0.0041 
92.7036 	 0.1427 	 0.0098 
92.7536 	 0.1443 	 0.0149 
92.8036 	 0.1473 	 0.0194 
92.8536 	 0.1503 	 0.0231 
92.9035 	 0.1525 	 0.0261 
92.9535 	 0.1525 	 0.0284 
93.0035 	 0.1507 	 0.0301 
93.0535 	 0.1469 	 0.0311 
93.1034 	 0.1423 	 0.0315 
93.1534 	 0.1375 	 0.0313 
93.2034 	 0.1347 	 0.0305 
93.2534 	 0.1344 	 0.0293 
93.3033 	 0.1373 	 0.0275 
93.3533 	 0.1416 	 0.0253 
93.4033 	 0.1461 	 0.0226 
93.4533 	 0.1487 	 0.0196 
93.5032 	 0.1497 	 0.0162 
93.5532 	 0.1490 	 0.0125 
93.6032 	 0.1481 	 0.0086 
93.6532 	 0.1466 	 0.0045 
93.7031 	 0.1449 	 0.0003 
93.7531 	 0.1421 	 -0.0040 
93.8031 	 0.1389 	 -0.0083 
93.8531 	 0.1351 	 -0.0126 
93.9030 	 0.1324 	 -0.0167 
93.9530 	 0.1307 	 -0.0207 
94.0030 	 0.1312 	 -0.0243 
94.0530 	 0.1328 	 -0.0274 
94.1029 	 0.1355 	 -0.0299 
94.1529 	 0.1380 	 -0.0314 
94.2029 	 0.1396 	 -0.0319 
94.2529 	 0.1393 	 -0.0309 
94.3028 	 0.1382 	 -0.0285 
94.3528 	 0.1364 	 -0.0246 
94.4028 	 0.1354 	 -0.0191 
94.4528 	 0.1354 	 -0.0122 
94.5027 	 0.1375 	 -0.0042 
94.5527 	 0.1403 	 0.0045 
94.6027 	 0.1426 	 0.0134 
94.6527 	 0.1427 	 0.0219 
94.7026 	 0.1416 	 0.0295 
94.7526 	 0.1402 	 0.0358 
94.8026 	 0.1403 	 0.0403 
94.8526 	 0.1412 	 0.0429 
94.9025 	 0.1426 	 0.0433 
94.9525 	 0.1430 	 0.0418 
95.0025 	 0.1427 	 0.0383 
95.0525 	 0.1415 	 0.0330 
95.1024 	 0.1407 	 0.0264 
95.1524 	 0.1395 	 0.0188 
95.2024 	 0.1384 	 0.0107 
95.2524 	 0.1366 	 0.0027 
95.3023 	 0.1347 	 -0.0048 
95.3523 	 0.1326 	 -0.0113 
95.4023 	 0.1308 	 -0.0164 
95.4523 	 0.1289 	 -0.0201 
95.5022 	 0.1272 	 -0.0222 
95.5522 	 0.1256 	 -0.0227 
95.6022 	 0.1255 	 -0.0219 
95.6522 	 0.1267 	 -0.0201 
95.7021 	 0.1303 	 -0.0174 
95.7521 	 0.1348 	 -0.0142 
95.8021 	 0.1395 	 -0.0108 
95.8521 	 0.1424 	 -0.0073 
95.9020 	 0.1430 	 -0.0041 
95.9520 	 0.1407 	 -0.0013 
96.0020 	 0.1369 	 0.0011 
96.0520 	 0.1324 	 0.0030 
96.1019 	 0.1296 	 0.0043 
96.1519 	 0.1288 	 0.0050 
96.2019 	 0.1307 	 0.0051 
96.2519 	 0.1337 	 0.0046 
96.3018 	 0.1371 	 0.0036 
96.3518 	 0.1394 	 0.0021 
96.4018 	 0.1411 	 0.0002 
96.4518 	 0.1421 	 -0.0019 
96.5017 	 0.1432 	 -0.0041 
96.5517 	 0.1441 	 -0.0064 
96.6017 	 0.1451 	 -0.0088 
96.6517 	 0.1455 	 -0.0113 
96.7016 	 0.1455 	 -0.0138 
96.7516 	 0.1440 	 -0.0165 
96.8016 	 0.1412 	 -0.0192 
96.8516 	 0.1377 	 -0.0219 
96.9015 	 0.1356 	 -0.0243 
96.9515 	 0.1351 	 -0.0263 
97.0015 	 0.1361 	 -0.0278 
97.0515 	 0.1373 	 -0.0287 
97.1014 	 0.1390 	 -0.0290 
97.1514 	 0.1405 	 -0.0288 
97.2014 	 0.1428 	 -0.0281 
97.2514 	 0.1453 	 -0.0270 
97.3013 	 0.1482 	 -0.0255 
97.3513 	 0.1500 	 -0.0237 
97.4013 	 0.1505 	 -0.0216 
97.4513 	 0.1486 	 -0.0193 
97.5012 	 0.1452 	 -0.0168 
97.5512 	 0.1406 	 -0.0141 
97.6012 	 0.1366 	 -0.0112 
97.6512 	 0.1337 	 -0.0080 
97.7011 	 0.1329 	 -0.0046 
97.7511 	 0.1339 	 -0.0011 
97.8011 	 0.1365 	 0.0024 
97.8511 	 0.1391 	 0.0058 
97.9010 	 0.1415 	 0.0090 
97.9510 	 0.1430 	 0.0117 
98.0010 	 0.1440 	 0.0140 
98.0510 	 0.1441 	 0.0157 
98.1009 	 0.1439 	 0.0168 
98.1509 	 0.1427 	 0.0173 
98.2009 	 0.1416 	 0.0172 
98.2509 	 0.1407 	 0.0164 
98.3008 	 0.1410 	 0.0150 
98.3508 	 0.1419 	 0.0130 
98.4008 	 0.1436 	 0.0105 
98.4508 	 0.1442 	 0.0078 
98.5007 	 0.1435 	 0.0049 
98.5507 	 0.1414 	 0.0021 
98.6007 	 0.1396 	 -0.0006 
98.6507 	 0.1382 	 -0.0029 
98.7006 	 0.1383 	 -0.0050 
98.7506 	 0.1400 	 -0.0066 
98.8006 	 0.1433 	 -0.0079 
98.8506 	 0.1465 	 -0.0087 
98.9005 	 0.1483 	 -0.0091 
98.9505 	 0.1472 	 -0.0091 
99.0005 	 0.1437 	 -0.0088 
99.0505 	 0.1383 	 -0.0081 
99.1004 	 0.1338 	 -0.0071 
99.1504 	 0.1318 	 -0.0060 
99.2004 	 0.1336 	 -0.0047 
99.2504 	 0.1374 	 -0.0034 
99.3003 	 0.1413 	 -0.0020 
99.3503 	 0.1430 	 -0.0007 
99.4003 	 0.1426 	 0.0004 
99.4503 	 0.1403 	 0.0014 
99.5002 	 0.1380 	 0.0021 
99.5502 	 0.1356 	 0.0025 
99.6002 	 0.1344 	 0.0027 
99.6502 	 0.1339 	 0.0026 
99.7001 	 0.1350 	 0.0024 
99.7501 	 0.1370 	 0.0020 
99.8001 	 0.1401 	 0.0015 
99.8501 	 0.1429 	 0.0010 
99.9000 	 0.1452 	 0.0006 
99.9500 	 0.1461 	 0.0002 
