0.0000 	 -822.1809 	 32.6713 	 -789.5096 
0.0050 	 -821.5625 	 32.0633 	 -789.4992 
0.0100 	 -820.8213 	 31.3402 	 -789.4811 
0.0150 	 -820.2121 	 30.7462 	 -789.4658 
0.0200 	 -819.9001 	 30.4269 	 -789.4732 
0.0250 	 -819.7910 	 30.3084 	 -789.4826 
0.0300 	 -819.7490 	 30.2698 	 -789.4792 
0.0350 	 -819.7821 	 30.3101 	 -789.4721 
0.0400 	 -819.9875 	 30.5195 	 -789.4680 
0.0450 	 -820.4530 	 30.9846 	 -789.4684 
0.0500 	 -821.1949 	 31.7212 	 -789.4737 
0.0550 	 -822.1478 	 32.6666 	 -789.4812 
0.0600 	 -823.1729 	 33.6750 	 -789.4979 
0.0650 	 -824.0226 	 34.5045 	 -789.5181 
0.0700 	 -824.4059 	 34.8732 	 -789.5327 
0.0750 	 -824.1316 	 34.5985 	 -789.5332 
0.0800 	 -823.2508 	 33.7362 	 -789.5146 
0.0850 	 -822.0732 	 32.5855 	 -789.4877 
0.0900 	 -821.0153 	 31.5490 	 -789.4662 
0.0950 	 -820.4122 	 30.9557 	 -789.4565 
0.1000 	 -820.4298 	 30.9739 	 -789.4560 
0.1050 	 -821.0332 	 31.5572 	 -789.4760 
0.1100 	 -821.9221 	 32.4217 	 -789.5004 
0.1150 	 -822.7011 	 33.1824 	 -789.5187 
0.1200 	 -823.0854 	 33.5659 	 -789.5195 
0.1250 	 -823.0401 	 33.5342 	 -789.5059 
0.1300 	 -822.7407 	 33.2478 	 -789.4929 
0.1350 	 -822.3908 	 32.9015 	 -789.4893 
0.1400 	 -822.0540 	 32.5602 	 -789.4937 
0.1450 	 -821.6706 	 32.1762 	 -789.4944 
0.1500 	 -821.2334 	 31.7469 	 -789.4865 
0.1550 	 -820.8509 	 31.3735 	 -789.4774 
0.1600 	 -820.6729 	 31.2000 	 -789.4728 
0.1650 	 -820.8102 	 31.3336 	 -789.4766 
0.1700 	 -821.2429 	 31.7562 	 -789.4867 
0.1750 	 -821.8103 	 32.3099 	 -789.5004 
0.1800 	 -822.3059 	 32.7985 	 -789.5074 
0.1850 	 -822.6209 	 33.1188 	 -789.5021 
0.1900 	 -822.7943 	 33.2945 	 -789.4998 
0.1950 	 -822.9031 	 33.4084 	 -789.4946 
0.2000 	 -823.0155 	 33.5152 	 -789.5002 
0.2050 	 -823.0770 	 33.5669 	 -789.5101 
0.2100 	 -822.9697 	 33.4576 	 -789.5121 
0.2150 	 -822.6558 	 33.1523 	 -789.5036 
0.2200 	 -822.2275 	 32.7354 	 -789.4922 
0.2250 	 -821.8435 	 32.3647 	 -789.4789 
0.2300 	 -821.6758 	 32.2035 	 -789.4722 
0.2350 	 -821.7878 	 32.3069 	 -789.4809 
0.2400 	 -822.0231 	 32.5225 	 -789.5006 
0.2450 	 -822.0445 	 32.5238 	 -789.5207 
0.2500 	 -821.5381 	 32.0155 	 -789.5226 
0.2550 	 -820.4556 	 30.9479 	 -789.5077 
0.2600 	 -819.0651 	 29.5893 	 -789.4759 
0.2650 	 -817.8739 	 28.4293 	 -789.4446 
0.2700 	 -817.3441 	 27.9066 	 -789.4375 
0.2750 	 -817.5923 	 28.1373 	 -789.4550 
0.2800 	 -818.3942 	 28.9191 	 -789.4751 
0.2850 	 -819.4319 	 29.9378 	 -789.4941 
0.2900 	 -820.4031 	 30.8949 	 -789.5082 
0.2950 	 -821.0882 	 31.5720 	 -789.5162 
0.3000 	 -821.3711 	 31.8474 	 -789.5236 
0.3050 	 -821.2156 	 31.6979 	 -789.5177 
0.3100 	 -820.7564 	 31.2562 	 -789.5002 
0.3150 	 -820.2834 	 30.8013 	 -789.4821 
0.3200 	 -820.1037 	 30.6311 	 -789.4726 
0.3250 	 -820.3866 	 30.9081 	 -789.4785 
0.3300 	 -821.0573 	 31.5626 	 -789.4947 
0.3350 	 -821.8876 	 32.3902 	 -789.4974 
0.3400 	 -822.7547 	 33.2572 	 -789.4975 
0.3450 	 -823.5944 	 34.0873 	 -789.5071 
0.3500 	 -824.2627 	 34.7406 	 -789.5221 
0.3550 	 -824.5539 	 35.0235 	 -789.5305 
0.3600 	 -824.3486 	 34.8194 	 -789.5292 
0.3650 	 -823.6915 	 34.1752 	 -789.5162 
0.3700 	 -822.8327 	 33.3426 	 -789.4901 
0.3750 	 -822.1926 	 32.7254 	 -789.4672 
0.3800 	 -822.1287 	 32.6622 	 -789.4665 
0.3850 	 -822.6878 	 33.2040 	 -789.4838 
0.3900 	 -823.5847 	 34.0747 	 -789.5101 
0.3950 	 -824.3882 	 34.8595 	 -789.5286 
0.4000 	 -824.7596 	 35.2231 	 -789.5365 
0.4050 	 -824.5356 	 35.0003 	 -789.5353 
0.4100 	 -823.7149 	 34.1885 	 -789.5264 
0.4150 	 -822.4642 	 32.9543 	 -789.5099 
0.4200 	 -821.1079 	 31.6204 	 -789.4875 
0.4250 	 -820.0304 	 30.5600 	 -789.4704 
0.4300 	 -819.5593 	 30.1014 	 -789.4579 
0.4350 	 -819.8958 	 30.4260 	 -789.4698 
0.4400 	 -820.8571 	 31.3449 	 -789.5122 
0.4450 	 -821.8006 	 32.2521 	 -789.5486 
0.4500 	 -822.1315 	 32.5831 	 -789.5484 
0.4550 	 -821.7842 	 32.2692 	 -789.5150 
0.4600 	 -821.1742 	 31.6903 	 -789.4839 
0.4650 	 -820.7551 	 31.2834 	 -789.4717 
0.4700 	 -820.7335 	 31.2592 	 -789.4743 
0.4750 	 -821.0639 	 31.5788 	 -789.4851 
0.4800 	 -821.5515 	 32.0592 	 -789.4924 
0.4850 	 -822.0355 	 32.5413 	 -789.4942 
0.4900 	 -822.4871 	 32.9963 	 -789.4908 
0.4950 	 -822.9405 	 33.4378 	 -789.5028 
0.5000 	 -823.2444 	 33.7196 	 -789.5248 
0.5050 	 -823.1149 	 33.5893 	 -789.5256 
0.5100 	 -822.5061 	 32.9965 	 -789.5096 
0.5150 	 -821.6135 	 32.1199 	 -789.4936 
0.5200 	 -820.6458 	 31.1602 	 -789.4855 
0.5250 	 -819.7557 	 30.2757 	 -789.4800 
0.5300 	 -819.0725 	 29.6005 	 -789.4719 
0.5350 	 -818.7154 	 29.2479 	 -789.4675 
0.5400 	 -818.7545 	 29.2904 	 -789.4640 
0.5450 	 -819.1928 	 29.7231 	 -789.4697 
0.5500 	 -819.9075 	 30.4239 	 -789.4835 
0.5550 	 -820.6854 	 31.1891 	 -789.4963 
0.5600 	 -821.3372 	 31.8345 	 -789.5026 
0.5650 	 -821.7426 	 32.2388 	 -789.5038 
0.5700 	 -821.8504 	 32.3478 	 -789.5026 
0.5750 	 -821.6868 	 32.1901 	 -789.4967 
0.5800 	 -821.3679 	 31.8843 	 -789.4837 
0.5850 	 -821.0890 	 31.6124 	 -789.4766 
0.5900 	 -821.0032 	 31.5305 	 -789.4727 
0.5950 	 -821.1885 	 31.7140 	 -789.4745 
0.6000 	 -821.6279 	 32.1449 	 -789.4830 
0.6050 	 -822.2071 	 32.7160 	 -789.4911 
0.6100 	 -822.7654 	 33.2615 	 -789.5039 
0.6150 	 -823.1094 	 33.5975 	 -789.5118 
0.6200 	 -823.1187 	 33.6041 	 -789.5146 
0.6250 	 -822.7919 	 33.2838 	 -789.5081 
0.6300 	 -822.2790 	 32.7860 	 -789.4930 
0.6350 	 -821.8045 	 32.3199 	 -789.4846 
0.6400 	 -821.4937 	 32.0057 	 -789.4879 
0.6450 	 -821.3349 	 31.8448 	 -789.4901 
0.6500 	 -821.3073 	 31.8267 	 -789.4806 
0.6550 	 -821.4733 	 31.9969 	 -789.4764 
0.6600 	 -821.8595 	 32.3774 	 -789.4821 
0.6650 	 -822.3778 	 32.8824 	 -789.4954 
0.6700 	 -822.8247 	 33.3186 	 -789.5061 
0.6750 	 -823.0238 	 33.5169 	 -789.5070 
0.6800 	 -822.9621 	 33.4635 	 -789.4986 
0.6850 	 -822.7506 	 33.2574 	 -789.4932 
0.6900 	 -822.4632 	 32.9645 	 -789.4986 
0.6950 	 -822.0243 	 32.5096 	 -789.5146 
0.7000 	 -821.2520 	 31.7324 	 -789.5196 
0.7050 	 -820.1104 	 30.6101 	 -789.5003 
0.7100 	 -818.8782 	 29.4103 	 -789.4678 
0.7150 	 -818.0675 	 28.6332 	 -789.4343 
0.7200 	 -818.1885 	 28.7588 	 -789.4297 
0.7250 	 -819.3217 	 29.8615 	 -789.4602 
0.7300 	 -820.9916 	 31.4912 	 -789.5004 
0.7350 	 -822.5283 	 33.0007 	 -789.5276 
0.7400 	 -823.4531 	 33.9168 	 -789.5363 
0.7450 	 -823.5993 	 34.0714 	 -789.5279 
0.7500 	 -823.0802 	 33.5686 	 -789.5116 
0.7550 	 -822.1570 	 32.6609 	 -789.4961 
0.7600 	 -821.1325 	 31.6525 	 -789.4800 
0.7650 	 -820.2997 	 30.8281 	 -789.4716 
0.7700 	 -819.8113 	 30.3418 	 -789.4695 
0.7750 	 -819.6709 	 30.1941 	 -789.4769 
0.7800 	 -819.7879 	 30.3042 	 -789.4837 
0.7850 	 -820.0759 	 30.5886 	 -789.4874 
0.7900 	 -820.4863 	 31.0013 	 -789.4850 
0.7950 	 -821.0212 	 31.5327 	 -789.4885 
0.8000 	 -821.6426 	 32.1469 	 -789.4957 
0.8050 	 -822.2490 	 32.7441 	 -789.5049 
0.8100 	 -822.7298 	 33.2231 	 -789.5066 
0.8150 	 -823.0591 	 33.5555 	 -789.5036 
0.8200 	 -823.2813 	 33.7800 	 -789.5013 
0.8250 	 -823.4199 	 33.9086 	 -789.5114 
0.8300 	 -823.3457 	 33.8192 	 -789.5265 
0.8350 	 -822.8833 	 33.3601 	 -789.5232 
0.8400 	 -822.1006 	 32.6016 	 -789.4990 
0.8450 	 -821.3485 	 31.8738 	 -789.4747 
0.8500 	 -820.9989 	 31.5325 	 -789.4664 
0.8550 	 -821.1558 	 31.6739 	 -789.4818 
0.8600 	 -821.5921 	 32.0937 	 -789.4984 
0.8650 	 -822.0248 	 32.5150 	 -789.5097 
0.8700 	 -822.2724 	 32.7578 	 -789.5146 
0.8750 	 -822.2705 	 32.7610 	 -789.5095 
0.8800 	 -822.0978 	 32.6047 	 -789.4931 
0.8850 	 -821.9592 	 32.4757 	 -789.4834 
0.8900 	 -821.9892 	 32.5009 	 -789.4883 
0.8950 	 -822.1490 	 32.6527 	 -789.4963 
0.9000 	 -822.3495 	 32.8536 	 -789.4959 
0.9050 	 -822.5749 	 33.0759 	 -789.4990 
0.9100 	 -822.7993 	 33.2935 	 -789.5059 
0.9150 	 -822.9434 	 33.4325 	 -789.5110 
0.9200 	 -822.9285 	 33.4171 	 -789.5113 
0.9250 	 -822.7384 	 33.2305 	 -789.5079 
0.9300 	 -822.4250 	 32.9225 	 -789.5025 
0.9350 	 -822.0606 	 32.5576 	 -789.5030 
0.9400 	 -821.6481 	 32.1407 	 -789.5074 
0.9450 	 -821.1501 	 31.6427 	 -789.5073 
0.9500 	 -820.6293 	 31.1390 	 -789.4902 
0.9550 	 -820.2978 	 30.8219 	 -789.4759 
0.9600 	 -820.3340 	 30.8581 	 -789.4759 
0.9650 	 -820.7366 	 31.2504 	 -789.4862 
0.9700 	 -821.3285 	 31.8222 	 -789.5063 
0.9750 	 -821.8097 	 32.2831 	 -789.5266 
0.9800 	 -821.8819 	 32.3468 	 -789.5350 
0.9850 	 -821.4415 	 31.9237 	 -789.5177 
0.9900 	 -820.7449 	 31.2587 	 -789.4862 
0.9950 	 -820.2514 	 30.7858 	 -789.4657 
1.0000 	 -820.2493 	 30.7796 	 -789.4697 
1.0050 	 -820.6637 	 31.1736 	 -789.4900 
1.0100 	 -821.1849 	 31.6743 	 -789.5106 
1.0150 	 -821.5037 	 31.9813 	 -789.5225 
1.0200 	 -821.4983 	 31.9836 	 -789.5147 
1.0250 	 -821.3172 	 31.8257 	 -789.4915 
1.0300 	 -821.2589 	 31.7798 	 -789.4792 
1.0350 	 -821.4990 	 32.0133 	 -789.4857 
1.0400 	 -821.9412 	 32.4319 	 -789.5094 
1.0450 	 -822.2620 	 32.7358 	 -789.5262 
1.0500 	 -822.2061 	 32.6824 	 -789.5237 
1.0550 	 -821.8016 	 32.2991 	 -789.5025 
1.0600 	 -821.3406 	 31.8598 	 -789.4808 
1.0650 	 -821.1247 	 31.6444 	 -789.4803 
1.0700 	 -821.2013 	 31.7124 	 -789.4890 
1.0750 	 -821.4483 	 31.9526 	 -789.4957 
1.0800 	 -821.7593 	 32.2639 	 -789.4954 
1.0850 	 -822.1230 	 32.6304 	 -789.4926 
1.0900 	 -822.5445 	 33.0483 	 -789.4962 
1.0950 	 -822.9463 	 33.4423 	 -789.5040 
1.1000 	 -823.2144 	 33.7091 	 -789.5053 
1.1050 	 -823.3053 	 33.8033 	 -789.5019 
1.1100 	 -823.2547 	 33.7610 	 -789.4937 
1.1150 	 -823.1494 	 33.6596 	 -789.4898 
1.1200 	 -823.0209 	 33.5225 	 -789.4985 
1.1250 	 -822.7681 	 33.2610 	 -789.5071 
1.1300 	 -822.2584 	 32.7474 	 -789.5110 
1.1350 	 -821.4698 	 31.9696 	 -789.5002 
1.1400 	 -820.5948 	 31.1139 	 -789.4808 
1.1450 	 -819.9436 	 30.4786 	 -789.4651 
1.1500 	 -819.7557 	 30.2870 	 -789.4687 
1.1550 	 -820.0166 	 30.5300 	 -789.4866 
1.1600 	 -820.4940 	 30.9941 	 -789.5000 
1.1650 	 -820.9788 	 31.4803 	 -789.4985 
1.1700 	 -821.4509 	 31.9613 	 -789.4897 
1.1750 	 -821.9944 	 32.5033 	 -789.4910 
1.1800 	 -822.5998 	 33.1015 	 -789.4983 
1.1850 	 -823.1532 	 33.6415 	 -789.5118 
1.1900 	 -823.4894 	 33.9722 	 -789.5172 
1.1950 	 -823.5214 	 34.0117 	 -789.5097 
1.2000 	 -823.3078 	 33.8105 	 -789.4973 
1.2050 	 -823.0001 	 33.5143 	 -789.4858 
1.2100 	 -822.7285 	 33.2422 	 -789.4863 
1.2150 	 -822.4880 	 32.9997 	 -789.4882 
1.2200 	 -822.2027 	 32.7108 	 -789.4919 
1.2250 	 -821.8006 	 32.3058 	 -789.4948 
1.2300 	 -821.2646 	 31.7705 	 -789.4941 
1.2350 	 -820.6338 	 31.1442 	 -789.4896 
1.2400 	 -820.0080 	 30.5260 	 -789.4820 
1.2450 	 -819.5273 	 30.0498 	 -789.4775 
1.2500 	 -819.2736 	 29.7933 	 -789.4802 
1.2550 	 -819.2286 	 29.7460 	 -789.4827 
1.2600 	 -819.3660 	 29.8863 	 -789.4797 
1.2650 	 -819.6961 	 30.2177 	 -789.4783 
1.2700 	 -820.2217 	 30.7402 	 -789.4815 
1.2750 	 -820.8736 	 31.3795 	 -789.4941 
1.2800 	 -821.4809 	 31.9829 	 -789.4980 
1.2850 	 -821.9522 	 32.4564 	 -789.4958 
1.2900 	 -822.3002 	 32.8063 	 -789.4940 
1.2950 	 -822.5770 	 33.0884 	 -789.4886 
1.3000 	 -822.8398 	 33.3479 	 -789.4919 
1.3050 	 -823.0545 	 33.5582 	 -789.4963 
1.3100 	 -823.1599 	 33.6608 	 -789.4992 
1.3150 	 -823.1200 	 33.6222 	 -789.4978 
1.3200 	 -822.9478 	 33.4490 	 -789.4988 
1.3250 	 -822.6458 	 33.1465 	 -789.4994 
1.3300 	 -822.2121 	 32.7124 	 -789.4997 
1.3350 	 -821.6911 	 32.2004 	 -789.4907 
1.3400 	 -821.2108 	 31.7305 	 -789.4802 
1.3450 	 -820.9034 	 31.4280 	 -789.4755 
1.3500 	 -820.8605 	 31.3938 	 -789.4667 
1.3550 	 -821.1800 	 31.7115 	 -789.4685 
1.3600 	 -821.8162 	 32.3286 	 -789.4876 
1.3650 	 -822.4663 	 32.9472 	 -789.5191 
1.3700 	 -822.6794 	 33.1412 	 -789.5383 
1.3750 	 -822.1700 	 32.6350 	 -789.5350 
1.3800 	 -821.0162 	 31.5109 	 -789.5053 
1.3850 	 -819.6556 	 30.1854 	 -789.4703 
1.3900 	 -818.6486 	 29.2047 	 -789.4439 
1.3950 	 -818.4306 	 28.9935 	 -789.4371 
1.4000 	 -819.1072 	 29.6504 	 -789.4567 
1.4050 	 -820.3833 	 30.8933 	 -789.4900 
1.4100 	 -821.7460 	 32.2334 	 -789.5127 
1.4150 	 -822.7926 	 33.2708 	 -789.5218 
1.4200 	 -823.3431 	 33.8241 	 -789.5189 
1.4250 	 -823.4215 	 33.9129 	 -789.5086 
1.4300 	 -823.1866 	 33.6901 	 -789.4965 
1.4350 	 -822.8350 	 33.3503 	 -789.4848 
1.4400 	 -822.5607 	 33.0841 	 -789.4767 
1.4450 	 -822.4894 	 33.0115 	 -789.4779 
1.4500 	 -822.5887 	 33.1005 	 -789.4882 
1.4550 	 -822.7077 	 33.2114 	 -789.4963 
1.4600 	 -822.7295 	 33.2281 	 -789.5014 
1.4650 	 -822.6033 	 33.1019 	 -789.5014 
1.4700 	 -822.3287 	 32.8255 	 -789.5032 
1.4750 	 -821.9199 	 32.4252 	 -789.4947 
1.4800 	 -821.4804 	 31.9949 	 -789.4854 
1.4850 	 -821.1528 	 31.6771 	 -789.4757 
1.4900 	 -821.0531 	 31.5757 	 -789.4774 
1.4950 	 -821.1733 	 31.6896 	 -789.4837 
1.5000 	 -821.4029 	 31.9065 	 -789.4964 
1.5050 	 -821.5565 	 32.0522 	 -789.5042 
1.5100 	 -821.5196 	 32.0201 	 -789.4995 
1.5150 	 -821.3633 	 31.8744 	 -789.4889 
1.5200 	 -821.2606 	 31.7755 	 -789.4851 
1.5250 	 -821.2928 	 31.8014 	 -789.4915 
1.5300 	 -821.3932 	 31.8971 	 -789.4961 
1.5350 	 -821.4861 	 31.9912 	 -789.4950 
1.5400 	 -821.5833 	 32.0917 	 -789.4916 
1.5450 	 -821.7213 	 32.2256 	 -789.4956 
1.5500 	 -821.8514 	 32.3524 	 -789.4990 
1.5550 	 -821.8898 	 32.3867 	 -789.5031 
1.5600 	 -821.7515 	 32.2443 	 -789.5071 
1.5650 	 -821.3961 	 31.8961 	 -789.5000 
1.5700 	 -820.9068 	 31.4106 	 -789.4961 
1.5750 	 -820.3845 	 30.8884 	 -789.4961 
1.5800 	 -819.8988 	 30.4070 	 -789.4918 
1.5850 	 -819.5404 	 30.0543 	 -789.4861 
1.5900 	 -819.4115 	 29.9305 	 -789.4810 
1.5950 	 -819.5852 	 30.1042 	 -789.4810 
1.6000 	 -820.0510 	 30.5667 	 -789.4843 
1.6050 	 -820.7282 	 31.2341 	 -789.4940 
1.6100 	 -821.4617 	 31.9553 	 -789.5064 
1.6150 	 -822.0713 	 32.5573 	 -789.5139 
1.6200 	 -822.4392 	 32.9233 	 -789.5160 
1.6250 	 -822.5184 	 33.0029 	 -789.5155 
1.6300 	 -822.3315 	 32.8242 	 -789.5073 
1.6350 	 -821.9905 	 32.4908 	 -789.4997 
1.6400 	 -821.6147 	 32.1161 	 -789.4986 
1.6450 	 -821.2859 	 31.7919 	 -789.4939 
1.6500 	 -821.1238 	 31.6437 	 -789.4800 
1.6550 	 -821.2969 	 31.8184 	 -789.4785 
1.6600 	 -821.8092 	 32.3206 	 -789.4886 
1.6650 	 -822.4665 	 32.9655 	 -789.5010 
1.6700 	 -823.0389 	 33.5335 	 -789.5054 
1.6750 	 -823.4162 	 33.9093 	 -789.5069 
1.6800 	 -823.5581 	 34.0425 	 -789.5156 
1.6850 	 -823.3942 	 33.8804 	 -789.5137 
1.6900 	 -822.9417 	 33.4411 	 -789.5006 
1.6950 	 -822.3814 	 32.8940 	 -789.4874 
1.7000 	 -821.9265 	 32.4434 	 -789.4831 
1.7050 	 -821.6366 	 32.1430 	 -789.4935 
1.7100 	 -821.3800 	 31.8753 	 -789.5047 
1.7150 	 -820.9989 	 31.4945 	 -789.5044 
1.7200 	 -820.4909 	 30.9951 	 -789.4958 
1.7250 	 -820.0094 	 30.5245 	 -789.4849 
1.7300 	 -819.7521 	 30.2708 	 -789.4812 
1.7350 	 -819.8249 	 30.3394 	 -789.4855 
1.7400 	 -820.1938 	 30.7022 	 -789.4916 
1.7450 	 -820.7688 	 31.2735 	 -789.4953 
1.7500 	 -821.4959 	 31.9982 	 -789.4977 
1.7550 	 -822.3193 	 32.8179 	 -789.5014 
1.7600 	 -823.1371 	 33.6290 	 -789.5082 
1.7650 	 -823.8141 	 34.2964 	 -789.5178 
1.7700 	 -824.1906 	 34.6616 	 -789.5290 
1.7750 	 -824.1276 	 34.6029 	 -789.5247 
1.7800 	 -823.6737 	 34.1589 	 -789.5148 
1.7850 	 -823.0087 	 33.5035 	 -789.5052 
1.7900 	 -822.3258 	 32.8303 	 -789.4956 
1.7950 	 -821.7930 	 32.3001 	 -789.4929 
1.8000 	 -821.4764 	 31.9825 	 -789.4938 
1.8050 	 -821.3488 	 31.8491 	 -789.4996 
1.8100 	 -821.3297 	 31.8240 	 -789.5057 
1.8150 	 -821.3366 	 31.8239 	 -789.5127 
1.8200 	 -821.2945 	 31.7793 	 -789.5152 
1.8250 	 -821.1713 	 31.6580 	 -789.5133 
1.8300 	 -821.0211 	 31.5227 	 -789.4984 
1.8350 	 -821.0373 	 31.5510 	 -789.4863 
1.8400 	 -821.3995 	 31.9185 	 -789.4810 
1.8450 	 -822.1550 	 32.6620 	 -789.4930 
1.8500 	 -823.1064 	 33.5895 	 -789.5169 
1.8550 	 -823.8750 	 34.3359 	 -789.5391 
1.8600 	 -824.1213 	 34.5763 	 -789.5450 
1.8650 	 -823.7536 	 34.2236 	 -789.5301 
1.8700 	 -822.9542 	 33.4416 	 -789.5127 
1.8750 	 -821.9854 	 32.4861 	 -789.4993 
1.8800 	 -821.0761 	 31.5868 	 -789.4893 
1.8850 	 -820.4214 	 30.9416 	 -789.4798 
1.8900 	 -820.1818 	 30.7002 	 -789.4816 
1.8950 	 -820.3530 	 30.8572 	 -789.4958 
1.9000 	 -820.7276 	 31.2150 	 -789.5125 
1.9050 	 -821.0381 	 31.5224 	 -789.5157 
1.9100 	 -821.1490 	 31.6296 	 -789.5194 
1.9150 	 -821.0042 	 31.4879 	 -789.5163 
1.9200 	 -820.6252 	 31.1174 	 -789.5078 
1.9250 	 -820.1279 	 30.6340 	 -789.4939 
1.9300 	 -819.7467 	 30.2711 	 -789.4756 
1.9350 	 -819.7572 	 30.2913 	 -789.4659 
1.9400 	 -820.2925 	 30.8210 	 -789.4716 
1.9450 	 -821.2565 	 31.7677 	 -789.4888 
1.9500 	 -822.3757 	 32.8672 	 -789.5085 
1.9550 	 -823.3189 	 33.7927 	 -789.5262 
1.9600 	 -823.8074 	 34.2770 	 -789.5303 
1.9650 	 -823.7584 	 34.2352 	 -789.5232 
1.9700 	 -823.2874 	 33.7801 	 -789.5073 
1.9750 	 -822.6289 	 33.1340 	 -789.4949 
1.9800 	 -822.0010 	 32.5116 	 -789.4894 
1.9850 	 -821.5055 	 32.0112 	 -789.4942 
1.9900 	 -821.1141 	 31.6128 	 -789.5013 
1.9950 	 -820.7899 	 31.2900 	 -789.4999 
2.0000 	 -820.5906 	 31.0941 	 -789.4965 
2.0050 	 -820.6060 	 31.1132 	 -789.4929 
2.0100 	 -820.8992 	 31.4086 	 -789.4906 
2.0150 	 -821.4909 	 31.9978 	 -789.4931 
2.0200 	 -822.3151 	 32.8090 	 -789.5060 
2.0250 	 -823.1428 	 33.6190 	 -789.5238 
2.0300 	 -823.6660 	 34.1296 	 -789.5364 
2.0350 	 -823.7091 	 34.1797 	 -789.5294 
2.0400 	 -823.3714 	 33.8602 	 -789.5112 
2.0450 	 -822.9209 	 33.4228 	 -789.4981 
2.0500 	 -822.5317 	 33.0289 	 -789.5028 
2.0550 	 -822.1515 	 32.6451 	 -789.5064 
2.0600 	 -821.7165 	 32.2159 	 -789.5006 
2.0650 	 -821.3109 	 31.8214 	 -789.4896 
2.0700 	 -821.0995 	 31.6137 	 -789.4859 
2.0750 	 -821.1455 	 31.6542 	 -789.4912 
2.0800 	 -821.3620 	 31.8641 	 -789.4979 
2.0850 	 -821.6255 	 32.1288 	 -789.4967 
2.0900 	 -821.8957 	 32.4011 	 -789.4946 
2.0950 	 -822.1774 	 32.6799 	 -789.4975 
2.1000 	 -822.4186 	 32.9090 	 -789.5096 
2.1050 	 -822.4662 	 32.9480 	 -789.5182 
2.1100 	 -822.2403 	 32.7312 	 -789.5091 
2.1150 	 -821.8887 	 32.3975 	 -789.4911 
2.1200 	 -821.6751 	 32.1909 	 -789.4842 
2.1250 	 -821.7243 	 32.2318 	 -789.4925 
2.1300 	 -821.9151 	 32.4052 	 -789.5099 
2.1350 	 -821.9870 	 32.4694 	 -789.5176 
2.1400 	 -821.7798 	 32.2635 	 -789.5163 
2.1450 	 -821.3122 	 31.8075 	 -789.5047 
2.1500 	 -820.7534 	 31.2644 	 -789.4891 
2.1550 	 -820.3420 	 30.8617 	 -789.4803 
2.1600 	 -820.2556 	 30.7775 	 -789.4781 
2.1650 	 -820.5222 	 31.0348 	 -789.4873 
2.1700 	 -820.9867 	 31.4842 	 -789.5025 
2.1750 	 -821.4153 	 31.9032 	 -789.5121 
2.1800 	 -821.6528 	 32.1409 	 -789.5120 
2.1850 	 -821.6615 	 32.1512 	 -789.5103 
2.1900 	 -821.4600 	 31.9538 	 -789.5062 
2.1950 	 -821.1159 	 31.6121 	 -789.5038 
2.2000 	 -820.7113 	 31.2147 	 -789.4966 
2.2050 	 -820.3857 	 30.8986 	 -789.4872 
2.2100 	 -820.3325 	 30.8564 	 -789.4761 
2.2150 	 -820.7119 	 31.2297 	 -789.4822 
2.2200 	 -821.4538 	 31.9547 	 -789.4991 
2.2250 	 -822.2859 	 32.7646 	 -789.5213 
2.2300 	 -822.8832 	 33.3475 	 -789.5357 
2.2350 	 -823.0383 	 33.5079 	 -789.5303 
2.2400 	 -822.7947 	 33.2839 	 -789.5108 
2.2450 	 -822.4098 	 32.9151 	 -789.4947 
2.2500 	 -822.1468 	 32.6602 	 -789.4866 
2.2550 	 -822.1427 	 32.6557 	 -789.4870 
2.2600 	 -822.3822 	 32.8926 	 -789.4896 
2.2650 	 -822.7815 	 33.2843 	 -789.4972 
2.2700 	 -823.1743 	 33.6650 	 -789.5092 
2.2750 	 -823.3115 	 33.7880 	 -789.5235 
2.2800 	 -822.9904 	 33.4749 	 -789.5154 
2.2850 	 -822.2899 	 32.7946 	 -789.4953 
2.2900 	 -821.5251 	 32.0543 	 -789.4708 
2.2950 	 -821.0617 	 31.6057 	 -789.4560 
2.3000 	 -821.0797 	 31.6145 	 -789.4652 
2.3050 	 -821.4330 	 31.9402 	 -789.4929 
2.3100 	 -821.7654 	 32.2566 	 -789.5088 
2.3150 	 -821.8146 	 32.3005 	 -789.5141 
2.3200 	 -821.5142 	 32.0069 	 -789.5073 
2.3250 	 -820.9826 	 31.4868 	 -789.4958 
2.3300 	 -820.4375 	 30.9570 	 -789.4805 
2.3350 	 -820.1429 	 30.6762 	 -789.4667 
2.3400 	 -820.2736 	 30.8035 	 -789.4701 
2.3450 	 -820.7672 	 31.2781 	 -789.4891 
2.3500 	 -821.3740 	 31.8727 	 -789.5014 
2.3550 	 -821.8818 	 32.3764 	 -789.5054 
2.3600 	 -822.1913 	 32.6860 	 -789.5053 
2.3650 	 -822.2777 	 32.7717 	 -789.5059 
2.3700 	 -822.1862 	 32.6876 	 -789.4986 
2.3750 	 -822.0720 	 32.5849 	 -789.4872 
2.3800 	 -822.1212 	 32.6380 	 -789.4832 
2.3850 	 -822.3757 	 32.8815 	 -789.4942 
2.3900 	 -822.6577 	 33.1429 	 -789.5148 
2.3950 	 -822.6775 	 33.1524 	 -789.5251 
2.4000 	 -822.2710 	 32.7539 	 -789.5171 
2.4050 	 -821.5255 	 32.0249 	 -789.5006 
2.4100 	 -820.6884 	 31.2033 	 -789.4851 
2.4150 	 -820.0175 	 30.5378 	 -789.4797 
2.4200 	 -819.6393 	 30.1560 	 -789.4833 
2.4250 	 -819.5453 	 30.0586 	 -789.4867 
2.4300 	 -819.7207 	 30.2349 	 -789.4857 
2.4350 	 -820.1728 	 30.6785 	 -789.4943 
2.4400 	 -820.8023 	 31.3014 	 -789.5010 
2.4450 	 -821.4686 	 31.9637 	 -789.5049 
2.4500 	 -822.0563 	 32.5492 	 -789.5071 
2.4550 	 -822.4982 	 32.9906 	 -789.5076 
2.4600 	 -822.7471 	 33.2354 	 -789.5116 
2.4650 	 -822.7503 	 33.2430 	 -789.5073 
2.4700 	 -822.5648 	 33.0656 	 -789.4992 
2.4750 	 -822.3568 	 32.8694 	 -789.4874 
2.4800 	 -822.3034 	 32.8162 	 -789.4871 
2.4850 	 -822.4485 	 32.9588 	 -789.4896 
2.4900 	 -822.7512 	 33.2551 	 -789.4960 
2.4950 	 -823.1220 	 33.6195 	 -789.5025 
2.5000 	 -823.4603 	 33.9546 	 -789.5057 
