0.00000000 	 0.00000000 	 0.00000000 	 0.00000000 
0.00500000 	 121.48030307 	 0.02996958 	 4.03094724 
0.01000000 	 429.24710244 	 0.02470182 	 4.03121643 
0.01500000 	 772.55620273 	 0.01881443 	 4.03142149 
0.02000000 	 1037.03265554 	 0.01425604 	 4.03157687 
0.02500000 	 1172.85072017 	 0.01196355 	 4.03170727 
0.03000000 	 1179.65979743 	 0.01217257 	 4.03183995 
0.03500000 	 1082.07631781 	 0.01448060 	 4.03199779 
0.04000000 	 920.02537619 	 0.01776914 	 4.03219149 
0.04500000 	 745.22037012 	 0.02104843 	 4.03242094 
0.05000000 	 609.74049494 	 0.02346066 	 4.03267671 
0.05500000 	 546.25104177 	 0.02445978 	 4.03294338 
0.06000000 	 555.12419431 	 0.02402164 	 4.03320530 
0.06500000 	 610.34908861 	 0.02254962 	 4.03345118 
0.07000000 	 677.04498525 	 0.02075811 	 4.03367754 
0.07500000 	 726.33321001 	 0.01934294 	 4.03388848 
0.08000000 	 741.01441096 	 0.01870745 	 4.03409250 
0.08500000 	 716.33768605 	 0.01889405 	 4.03429857 
0.09000000 	 661.74914242 	 0.01960286 	 4.03451238 
0.09500000 	 600.49646905 	 0.02036899 	 4.03473455 
0.10000000 	 562.22434143 	 0.02078462 	 4.03496128 
0.10500000 	 569.09232500 	 0.02047330 	 4.03518461 
0.11000000 	 623.30546959 	 0.01943015 	 4.03539659 
0.11500000 	 706.25625692 	 0.01795281 	 4.03559245 
0.12000000 	 789.27688377 	 0.01653049 	 4.03577281 
0.12500000 	 846.85178476 	 0.01559159 	 4.03594293 
0.13000000 	 864.52670393 	 0.01536697 	 4.03611060 
0.13500000 	 840.34230796 	 0.01587635 	 4.03628384 
0.14000000 	 784.04396625 	 0.01690972 	 4.03646837 
0.14500000 	 715.85004296 	 0.01817282 	 4.03666669 
0.15000000 	 660.19191569 	 0.01930181 	 4.03687734 
0.15500000 	 634.49347619 	 0.01991495 	 4.03709469 
0.16000000 	 641.16216590 	 0.01986325 	 4.03731149 
0.16500000 	 669.39215299 	 0.01932010 	 4.03752237 
0.17000000 	 704.35077862 	 0.01851932 	 4.03772452 
0.17500000 	 734.47965318 	 0.01770345 	 4.03791778 
0.18000000 	 753.23762660 	 0.01708583 	 4.03810430 
0.18500000 	 758.24812197 	 0.01673099 	 4.03828696 
0.19000000 	 750.14115844 	 0.01661465 	 4.03846835 
0.19500000 	 732.17171511 	 0.01669633 	 4.03865065 
0.20000000 	 709.45339724 	 0.01684137 	 4.03883453 
0.20500000 	 687.19731175 	 0.01701153 	 4.03902029 
0.21000000 	 670.26534396 	 0.01713949 	 4.03920745 
0.21500000 	 662.30384894 	 0.01712675 	 4.03939448 
0.22000000 	 664.14077893 	 0.01695025 	 4.03957959 
0.22500000 	 673.44029199 	 0.01664095 	 4.03976133 
0.23000000 	 685.59817254 	 0.01631021 	 4.03993947 
0.23500000 	 695.31415773 	 0.01613462 	 4.04011569 
0.24000000 	 698.06932293 	 0.01617983 	 4.04029242 
0.24500000 	 692.45197161 	 0.01642956 	 4.04047188 
0.25000000 	 681.81717253 	 0.01678249 	 4.04065521 
0.25500000 	 673.74306870 	 0.01708457 	 4.04084185 
0.26000000 	 676.81311133 	 0.01706814 	 4.04102831 
0.26500000 	 695.98194451 	 0.01669443 	 4.04121070 
0.27000000 	 729.20070671 	 0.01610664 	 4.04138668 
0.27500000 	 766.62488499 	 0.01544033 	 4.04155538 
0.28000000 	 794.48736472 	 0.01488871 	 4.04171807 
0.28500000 	 801.70276834 	 0.01465520 	 4.04187820 
0.29000000 	 785.14497852 	 0.01486834 	 4.04204068 
0.29500000 	 750.91587164 	 0.01539840 	 4.04220895 
0.30000000 	 711.81961233 	 0.01600123 	 4.04238382 
0.30500000 	 682.62116842 	 0.01641554 	 4.04256322 
0.31000000 	 673.98083617 	 0.01645457 	 4.04274306 
0.31500000 	 687.72550552 	 0.01609230 	 4.04291895 
0.32000000 	 716.14731816 	 0.01547071 	 4.04308805 
0.32500000 	 746.22515264 	 0.01483140 	 4.04325017 
0.33000000 	 765.08219002 	 0.01434009 	 4.04340692 
0.33500000 	 764.79878729 	 0.01408379 	 4.04356088 
0.34000000 	 746.18927547 	 0.01413901 	 4.04371545 
0.34500000 	 719.11020247 	 0.01442757 	 4.04387318 
0.35000000 	 695.90608325 	 0.01474932 	 4.04403443 
0.35500000 	 681.72446642 	 0.01502865 	 4.04419875 
0.36000000 	 672.46375602 	 0.01529428 	 4.04436597 
0.36500000 	 662.18972761 	 0.01557968 	 4.04453632 
0.37000000 	 649.95183254 	 0.01583258 	 4.04470945 
0.37500000 	 640.37525160 	 0.01592831 	 4.04488363 
0.38000000 	 640.14420166 	 0.01590025 	 4.04505751 
0.38500000 	 653.37958865 	 0.01573293 	 4.04522956 
0.39000000 	 679.50768419 	 0.01539634 	 4.04539795 
0.39500000 	 713.79358200 	 0.01491545 	 4.04556108 
0.40000000 	 749.02365084 	 0.01438302 	 4.04571839 
0.40500000 	 778.77860712 	 0.01391049 	 4.04587054 
0.41000000 	 799.38901643 	 0.01355342 	 4.04601879 
0.41500000 	 809.59645020 	 0.01335194 	 4.04616485 
0.42000000 	 808.68160642 	 0.01330199 	 4.04631036 
0.42500000 	 795.54831444 	 0.01338818 	 4.04645682 
0.43000000 	 770.08133143 	 0.01358185 	 4.04660540 
0.43500000 	 734.92591229 	 0.01393259 	 4.04675783 
0.44000000 	 696.20580337 	 0.01430605 	 4.04691435 
0.44500000 	 661.81972009 	 0.01464657 	 4.04707460 
0.45000000 	 638.36878305 	 0.01489707 	 4.04723760 
0.45500000 	 628.93177151 	 0.01505481 	 4.04740232 
0.46000000 	 633.69538583 	 0.01506508 	 4.04756717 
0.46500000 	 650.96780605 	 0.01481866 	 4.04772933 
0.47000000 	 676.67820021 	 0.01436757 	 4.04788656 
0.47500000 	 704.65318760 	 0.01389602 	 4.04803864 
0.48000000 	 728.37760341 	 0.01354849 	 4.04818691 
0.48500000 	 743.48644372 	 0.01336466 	 4.04833318 
0.49000000 	 748.84027856 	 0.01334240 	 4.04847922 
0.49500000 	 745.39891203 	 0.01339207 	 4.04862580 
0.50000000 	 735.01465343 	 0.01346034 	 4.04877313 
0.50500000 	 720.74137493 	 0.01352010 	 4.04892112 
0.51000000 	 707.90924083 	 0.01347705 	 4.04906865 
0.51500000 	 702.29952557 	 0.01330898 	 4.04921434 
0.52000000 	 706.70884363 	 0.01305165 	 4.04935723 
0.52500000 	 719.24954971 	 0.01276249 	 4.04949695 
0.53000000 	 733.67835707 	 0.01250119 	 4.04963381 
0.53500000 	 742.88261249 	 0.01234932 	 4.04976902 
0.54000000 	 742.62523371 	 0.01228695 	 4.04990354 
0.54500000 	 732.73291530 	 0.01234596 	 4.05003872 
0.55000000 	 716.80126801 	 0.01249709 	 4.05017556 
0.55500000 	 700.87696579 	 0.01267957 	 4.05031440 
0.56000000 	 691.62671946 	 0.01270930 	 4.05045357 
0.56500000 	 693.61254686 	 0.01252970 	 4.05059078 
0.57000000 	 706.30564147 	 0.01216823 	 4.05072404 
0.57500000 	 723.48456959 	 0.01176925 	 4.05085292 
0.58000000 	 736.78874285 	 0.01143661 	 4.05097818 
0.58500000 	 740.99492209 	 0.01129713 	 4.05110190 
0.59000000 	 735.46743193 	 0.01137078 	 4.05122644 
0.59500000 	 722.63919110 	 0.01164918 	 4.05135403 
0.60000000 	 708.02313431 	 0.01204303 	 4.05148594 
0.60500000 	 699.29265520 	 0.01230510 	 4.05162072 
0.61000000 	 702.30209523 	 0.01237275 	 4.05175625 
0.61500000 	 716.92198518 	 0.01214731 	 4.05188932 
0.62000000 	 736.95954682 	 0.01166915 	 4.05201715 
0.62500000 	 754.20344223 	 0.01110883 	 4.05213884 
0.63000000 	 763.27166371 	 0.01068862 	 4.05225594 
0.63500000 	 763.26723612 	 0.01048179 	 4.05237077 
0.64000000 	 756.22471933 	 0.01044078 	 4.05248516 
0.64500000 	 745.15610490 	 0.01052249 	 4.05260045 
0.65000000 	 732.73134382 	 0.01067574 	 4.05271741 
0.65500000 	 721.09489643 	 0.01085804 	 4.05283638 
0.66000000 	 711.77160285 	 0.01101236 	 4.05295705 
0.66500000 	 705.44795429 	 0.01112876 	 4.05307899 
0.67000000 	 701.98094651 	 0.01132310 	 4.05320307 
0.67500000 	 700.73079940 	 0.01148996 	 4.05332897 
0.68000000 	 701.94270220 	 0.01153683 	 4.05345540 
0.68500000 	 707.42177972 	 0.01146584 	 4.05358105 
0.69000000 	 718.43337503 	 0.01128094 	 4.05370468 
0.69500000 	 733.34054318 	 0.01103603 	 4.05382563 
0.70000000 	 747.40248275 	 0.01069914 	 4.05394289 
0.70500000 	 755.72184768 	 0.01034073 	 4.05405622 
0.71000000 	 756.74965720 	 0.01014703 	 4.05416744 
0.71500000 	 752.18713614 	 0.01008805 	 4.05427801 
0.72000000 	 744.63308881 	 0.01011795 	 4.05438891 
0.72500000 	 735.36646989 	 0.01026316 	 4.05450141 
0.73000000 	 723.88217911 	 0.01049332 	 4.05461643 
0.73500000 	 710.10098351 	 0.01088788 	 4.05473579 
0.74000000 	 696.25921154 	 0.01129366 	 4.05485959 
0.74500000 	 685.09069564 	 0.01155568 	 4.05498627 
0.75000000 	 677.68693121 	 0.01166256 	 4.05511413 
0.75500000 	 673.32675670 	 0.01167510 	 4.05524212 
0.76000000 	 670.05869915 	 0.01166164 	 4.05536998 
0.76500000 	 665.84078520 	 0.01165409 	 4.05549775 
0.77000000 	 661.06141467 	 0.01166605 	 4.05562566 
0.77500000 	 660.36405673 	 0.01158725 	 4.05575271 
0.78000000 	 669.96695166 	 0.01130165 	 4.05587664 
0.78500000 	 692.77481605 	 0.01075419 	 4.05599456 
0.79000000 	 724.82936287 	 0.01012227 	 4.05610556 
0.79500000 	 756.31245519 	 0.00961443 	 4.05621099 
0.80000000 	 777.38567766 	 0.00926474 	 4.05631258 
0.80500000 	 784.22686232 	 0.00909979 	 4.05641238 
0.81000000 	 779.83224634 	 0.00908377 	 4.05651200 
0.81500000 	 769.72796755 	 0.00916323 	 4.05661249 
0.82000000 	 757.78910290 	 0.00928375 	 4.05671431 
0.82500000 	 744.52947489 	 0.00943697 	 4.05681781 
0.83000000 	 728.98541228 	 0.00969676 	 4.05692416 
0.83500000 	 711.31648885 	 0.01006226 	 4.05703452 
0.84000000 	 693.39013381 	 0.01045356 	 4.05714918 
0.84500000 	 678.82996170 	 0.01073451 	 4.05726693 
0.85000000 	 671.96132522 	 0.01084251 	 4.05738586 
0.85500000 	 674.10755006 	 0.01077370 	 4.05750404 
0.86000000 	 682.67975944 	 0.01061282 	 4.05762046 
0.86500000 	 694.46277430 	 0.01045973 	 4.05773520 
0.87000000 	 708.01986232 	 0.01029769 	 4.05784817 
0.87500000 	 723.07639911 	 0.01008248 	 4.05795878 
0.88000000 	 738.98890500 	 0.00977410 	 4.05806601 
0.88500000 	 753.87183317 	 0.00935823 	 4.05816868 
0.89000000 	 764.02330452 	 0.00898327 	 4.05826724 
0.89500000 	 764.69447307 	 0.00881196 	 4.05836393 
0.90000000 	 753.17222631 	 0.00885345 	 4.05846107 
0.90500000 	 732.12845761 	 0.00913956 	 4.05856135 
0.91000000 	 709.32711281 	 0.00949380 	 4.05866552 
0.91500000 	 692.48818736 	 0.00973511 	 4.05877234 
0.92000000 	 684.99715652 	 0.00993663 	 4.05888137 
0.92500000 	 686.17259723 	 0.01004814 	 4.05899164 
0.93000000 	 693.39435469 	 0.01000521 	 4.05910143 
0.93500000 	 704.39505067 	 0.00977679 	 4.05920872 
0.94000000 	 717.70639716 	 0.00945229 	 4.05931245 
0.94500000 	 731.63410168 	 0.00904266 	 4.05941169 
0.95000000 	 744.37756001 	 0.00855661 	 4.05950560 
0.95500000 	 755.15143592 	 0.00808074 	 4.05959429 
0.96000000 	 763.15779969 	 0.00763862 	 4.05967812 
0.96500000 	 765.95316404 	 0.00732117 	 4.05975847 
0.97000000 	 760.86575180 	 0.00725020 	 4.05983805 
0.97500000 	 748.39819574 	 0.00735325 	 4.05991876 
0.98000000 	 732.88836476 	 0.00761184 	 4.06000231 
0.98500000 	 719.81326926 	 0.00786774 	 4.06008866 
0.99000000 	 711.94346636 	 0.00809049 	 4.06017747 
0.99500000 	 707.96976048 	 0.00836521 	 4.06026929 
1.00000000 	 704.55897329 	 0.00866733 	 4.06036444 
1.00500000 	 699.92469679 	 0.00883864 	 4.06046146 
1.01000000 	 696.15999285 	 0.00887036 	 4.06055884 
1.01500000 	 698.08464456 	 0.00882562 	 4.06065572 
1.02000000 	 708.97058094 	 0.00870063 	 4.06075124 
1.02500000 	 726.92632393 	 0.00843790 	 4.06084387 
1.03000000 	 745.37581573 	 0.00809611 	 4.06093276 
1.03500000 	 757.58550804 	 0.00779339 	 4.06101832 
1.04000000 	 761.15157712 	 0.00767510 	 4.06110259 
1.04500000 	 758.35293587 	 0.00769453 	 4.06118707 
1.05000000 	 754.39772594 	 0.00777159 	 4.06127239 
1.05500000 	 754.47062919 	 0.00781711 	 4.06135822 
1.06000000 	 759.86873848 	 0.00768742 	 4.06144263 
1.06500000 	 767.15801933 	 0.00737699 	 4.06152363 
1.07000000 	 770.33871935 	 0.00705833 	 4.06160114 
1.07500000 	 765.20581256 	 0.00702992 	 4.06167833 
1.08000000 	 752.52965065 	 0.00734699 	 4.06175900 
1.08500000 	 736.24059539 	 0.00779100 	 4.06184456 
1.09000000 	 719.48191203 	 0.00817010 	 4.06193428 
1.09500000 	 703.26021197 	 0.00846168 	 4.06202720 
1.10000000 	 688.82762119 	 0.00868693 	 4.06212260 
1.10500000 	 679.47593954 	 0.00877738 	 4.06221899 
1.11000000 	 679.16712134 	 0.00865486 	 4.06231404 
1.11500000 	 689.82472672 	 0.00831068 	 4.06240531 
1.12000000 	 708.88907440 	 0.00778976 	 4.06249087 
1.12500000 	 729.31220535 	 0.00729386 	 4.06257098 
1.13000000 	 742.95146933 	 0.00701630 	 4.06264804 
1.13500000 	 744.68953828 	 0.00708806 	 4.06272589 
1.14000000 	 735.33332516 	 0.00744824 	 4.06280770 
1.14500000 	 721.79899963 	 0.00787547 	 4.06289420 
1.15000000 	 713.50109820 	 0.00815895 	 4.06298382 
1.15500000 	 716.26215883 	 0.00820126 	 4.06307391 
1.16000000 	 729.04227405 	 0.00802005 	 4.06316200 
1.16500000 	 745.68673027 	 0.00764948 	 4.06324603 
1.17000000 	 759.29693342 	 0.00726275 	 4.06332581 
1.17500000 	 765.40763530 	 0.00706421 	 4.06340342 
1.18000000 	 762.68469655 	 0.00709048 	 4.06348131 
1.18500000 	 752.69116001 	 0.00720261 	 4.06356043 
1.19000000 	 738.69592039 	 0.00730420 	 4.06364068 
1.19500000 	 724.26315551 	 0.00730769 	 4.06372096 
1.20000000 	 712.83093308 	 0.00726079 	 4.06380073 
1.20500000 	 707.24069032 	 0.00720882 	 4.06387993 
1.21000000 	 708.54310418 	 0.00714795 	 4.06395846 
1.21500000 	 715.85396653 	 0.00704700 	 4.06403589 
1.22000000 	 726.87111662 	 0.00688720 	 4.06411156 
1.22500000 	 738.09617852 	 0.00678381 	 4.06418609 
1.23000000 	 745.52062140 	 0.00672950 	 4.06426003 
1.23500000 	 745.95494333 	 0.00678828 	 4.06433462 
1.24000000 	 739.01019072 	 0.00696545 	 4.06441116 
1.24500000 	 727.89685336 	 0.00719836 	 4.06449025 
1.25000000 	 718.15555088 	 0.00738720 	 4.06457143 
1.25500000 	 713.95508073 	 0.00745725 	 4.06465337 
1.26000000 	 715.18776602 	 0.00744930 	 4.06473523 
1.26500000 	 718.74936960 	 0.00737285 	 4.06481625 
1.27000000 	 722.06033414 	 0.00721193 	 4.06489551 
1.27500000 	 725.72505986 	 0.00697811 	 4.06497219 
1.28000000 	 732.38624442 	 0.00669021 	 4.06504572 
1.28500000 	 743.24053751 	 0.00647894 	 4.06511692 
1.29000000 	 755.73563408 	 0.00632909 	 4.06518647 
1.29500000 	 764.67294124 	 0.00621458 	 4.06525477 
1.30000000 	 766.45638807 	 0.00620494 	 4.06532297 
1.30500000 	 761.76051520 	 0.00632092 	 4.06539244 
1.31000000 	 754.64520255 	 0.00651278 	 4.06546402 
1.31500000 	 748.64451275 	 0.00673662 	 4.06553806 
1.32000000 	 743.48194430 	 0.00692971 	 4.06561423 
1.32500000 	 736.21742473 	 0.00710966 	 4.06569237 
1.33000000 	 725.48255076 	 0.00719920 	 4.06577150 
1.33500000 	 713.69341365 	 0.00716522 	 4.06585026 
1.34000000 	 704.97056149 	 0.00705972 	 4.06592786 
1.34500000 	 701.84873869 	 0.00690339 	 4.06600375 
1.35000000 	 704.10341695 	 0.00673237 	 4.06607775 
1.35500000 	 709.22557856 	 0.00657980 	 4.06615008 
1.36000000 	 714.29183184 	 0.00641719 	 4.06622062 
1.36500000 	 718.31594823 	 0.00630702 	 4.06628996 
1.37000000 	 722.27467538 	 0.00629546 	 4.06635916 
1.37500000 	 726.92442663 	 0.00636034 	 4.06642908 
1.38000000 	 731.49966894 	 0.00639896 	 4.06649943 
1.38500000 	 734.99288914 	 0.00636303 	 4.06656938 
1.39000000 	 737.95289392 	 0.00625850 	 4.06663819 
1.39500000 	 741.90710921 	 0.00611356 	 4.06670540 
1.40000000 	 746.88904856 	 0.00598847 	 4.06677124 
1.40500000 	 750.50969807 	 0.00603529 	 4.06683760 
1.41000000 	 750.25543708 	 0.00620986 	 4.06690587 
1.41500000 	 746.53978727 	 0.00642460 	 4.06697651 
1.42000000 	 743.33150398 	 0.00656938 	 4.06704874 
1.42500000 	 744.54635247 	 0.00655262 	 4.06712079 
1.43000000 	 749.83140723 	 0.00638845 	 4.06719103 
1.43500000 	 754.86502457 	 0.00617366 	 4.06725891 
1.44000000 	 754.92850300 	 0.00605163 	 4.06732546 
1.44500000 	 748.36945693 	 0.00597000 	 4.06739110 
1.45000000 	 738.27419016 	 0.00586713 	 4.06745562 
1.45500000 	 730.25085851 	 0.00577266 	 4.06751909 
1.46000000 	 727.88041081 	 0.00565139 	 4.06758124 
1.46500000 	 730.14240254 	 0.00552402 	 4.06764198 
1.47000000 	 733.36031515 	 0.00555226 	 4.06770304 
1.47500000 	 734.94767717 	 0.00571868 	 4.06776593 
1.48000000 	 735.00060332 	 0.00584593 	 4.06783022 
1.48500000 	 735.38505888 	 0.00585081 	 4.06789456 
1.49000000 	 737.68604527 	 0.00581872 	 4.06795855 
1.49500000 	 741.96788367 	 0.00582778 	 4.06802264 
1.50000000 	 746.84488327 	 0.00587317 	 4.06808723 
1.50500000 	 750.73912222 	 0.00596216 	 4.06815280 
1.51000000 	 752.81080829 	 0.00602876 	 4.06821911 
1.51500000 	 752.83032335 	 0.00603767 	 4.06828551 
1.52000000 	 751.05731274 	 0.00594908 	 4.06835094 
1.52500000 	 747.49706650 	 0.00583467 	 4.06841512 
1.53000000 	 740.54708385 	 0.00581292 	 4.06847905 
1.53500000 	 728.18219722 	 0.00585449 	 4.06854345 
1.54000000 	 710.61848625 	 0.00597722 	 4.06860919 
1.54500000 	 691.83906070 	 0.00620372 	 4.06867743 
1.55000000 	 678.36193727 	 0.00639702 	 4.06874779 
1.55500000 	 676.60794786 	 0.00644729 	 4.06881871 
1.56000000 	 689.70140121 	 0.00626711 	 4.06888765 
1.56500000 	 714.83134415 	 0.00584878 	 4.06895199 
1.57000000 	 743.65556391 	 0.00538738 	 4.06901125 
1.57500000 	 766.11148016 	 0.00512064 	 4.06906758 
1.58000000 	 775.70468183 	 0.00509415 	 4.06912362 
1.58500000 	 771.66990184 	 0.00532831 	 4.06918223 
1.59000000 	 757.78428166 	 0.00567102 	 4.06924462 
1.59500000 	 739.60244986 	 0.00598675 	 4.06931048 
1.60000000 	 722.24373646 	 0.00624306 	 4.06937916 
1.60500000 	 710.36167637 	 0.00640817 	 4.06944966 
1.61000000 	 708.16096749 	 0.00644180 	 4.06952053 
1.61500000 	 717.30273171 	 0.00627415 	 4.06958956 
1.62000000 	 734.54730082 	 0.00595238 	 4.06965505 
1.62500000 	 753.11292013 	 0.00554969 	 4.06971610 
1.63000000 	 767.15617811 	 0.00516403 	 4.06977292 
1.63500000 	 774.85653745 	 0.00481309 	 4.06982587 
1.64000000 	 777.51790481 	 0.00447205 	 4.06987508 
1.64500000 	 777.67065695 	 0.00417118 	 4.06992097 
1.65000000 	 777.65089998 	 0.00395292 	 4.06996446 
1.65500000 	 777.56747276 	 0.00390851 	 4.07000746 
1.66000000 	 774.74055541 	 0.00400062 	 4.07005148 
1.66500000 	 766.28004030 	 0.00418799 	 4.07009756 
1.67000000 	 752.95396578 	 0.00443608 	 4.07014637 
1.67500000 	 738.73018725 	 0.00473978 	 4.07019853 
1.68000000 	 727.10757741 	 0.00501178 	 4.07025367 
1.68500000 	 719.37652927 	 0.00520083 	 4.07031090 
1.69000000 	 714.76307547 	 0.00528417 	 4.07036905 
1.69500000 	 711.54779510 	 0.00537171 	 4.07042816 
1.70000000 	 708.64910616 	 0.00551212 	 4.07048881 
1.70500000 	 707.10230477 	 0.00570623 	 4.07055161 
1.71000000 	 710.22838161 	 0.00580532 	 4.07061549 
1.71500000 	 721.57493277 	 0.00566917 	 4.07067788 
1.72000000 	 742.34952433 	 0.00525288 	 4.07073569 
1.72500000 	 770.12522691 	 0.00462887 	 4.07078663 
1.73000000 	 798.84304032 	 0.00396084 	 4.07083022 
1.73500000 	 819.76178168 	 0.00345726 	 4.07086826 
1.74000000 	 823.62542131 	 0.00336589 	 4.07090530 
1.74500000 	 805.85276574 	 0.00372735 	 4.07094632 
1.75000000 	 771.17340370 	 0.00433979 	 4.07099408 
1.75500000 	 731.32770210 	 0.00506465 	 4.07104982 
1.76000000 	 698.69898336 	 0.00577193 	 4.07111335 
1.76500000 	 680.95363351 	 0.00630733 	 4.07118277 
1.77000000 	 678.63007230 	 0.00652776 	 4.07125461 
1.77500000 	 687.51453852 	 0.00646873 	 4.07132581 
1.78000000 	 702.28533430 	 0.00616094 	 4.07139362 
1.78500000 	 717.65588320 	 0.00575404 	 4.07145696 
1.79000000 	 729.04557475 	 0.00542142 	 4.07151663 
1.79500000 	 733.51573923 	 0.00522333 	 4.07157413 
1.80000000 	 731.06112356 	 0.00512040 	 4.07163049 
1.80500000 	 725.39068990 	 0.00506302 	 4.07168622 
1.81000000 	 721.87549892 	 0.00502960 	 4.07174158 
1.81500000 	 724.09868407 	 0.00498331 	 4.07179643 
1.82000000 	 732.86590589 	 0.00487232 	 4.07185007 
1.82500000 	 747.02040496 	 0.00465544 	 4.07190131 
1.83000000 	 764.52173042 	 0.00444450 	 4.07195024 
1.83500000 	 782.68397870 	 0.00422678 	 4.07199677 
1.84000000 	 797.84143090 	 0.00399740 	 4.07204077 
1.84500000 	 805.47047100 	 0.00389104 	 4.07208360 
1.85000000 	 802.44363528 	 0.00399726 	 4.07212761 
1.85500000 	 789.83341100 	 0.00427288 	 4.07217464 
1.86000000 	 772.79686120 	 0.00458256 	 4.07222509 
1.86500000 	 757.34925503 	 0.00480856 	 4.07227803 
1.87000000 	 745.85522037 	 0.00491709 	 4.07233216 
1.87500000 	 736.02554628 	 0.00496387 	 4.07238681 
1.88000000 	 724.47491920 	 0.00513042 	 4.07244329 
1.88500000 	 710.67141345 	 0.00538963 	 4.07250263 
1.89000000 	 697.73838166 	 0.00554114 	 4.07256364 
1.89500000 	 690.63974809 	 0.00551433 	 4.07262435 
1.90000000 	 693.22240586 	 0.00526674 	 4.07268234 
1.90500000 	 704.71360322 	 0.00488205 	 4.07273609 
1.91000000 	 719.11487985 	 0.00452774 	 4.07278594 
1.91500000 	 730.05786107 	 0.00429686 	 4.07283325 
1.92000000 	 735.34030801 	 0.00417566 	 4.07287923 
1.92500000 	 737.28889868 	 0.00419256 	 4.07292539 
1.93000000 	 739.55140138 	 0.00428053 	 4.07297252 
1.93500000 	 743.65767241 	 0.00431873 	 4.07302007 
1.94000000 	 749.16103563 	 0.00429888 	 4.07306741 
1.94500000 	 755.50578450 	 0.00426847 	 4.07311441 
1.95000000 	 762.93685589 	 0.00425779 	 4.07316129 
1.95500000 	 771.61279842 	 0.00420189 	 4.07320756 
1.96000000 	 780.28673051 	 0.00410896 	 4.07325280 
1.96500000 	 786.85770558 	 0.00394394 	 4.07329623 
1.97000000 	 790.35878662 	 0.00376373 	 4.07333768 
1.97500000 	 791.13862152 	 0.00367469 	 4.07337814 
1.98000000 	 789.72067721 	 0.00362571 	 4.07341806 
1.98500000 	 785.73997098 	 0.00362829 	 4.07345802 
1.99000000 	 777.52819819 	 0.00373178 	 4.07349911 
1.99500000 	 763.74842941 	 0.00400827 	 4.07354325 
2.00000000 	 745.49611286 	 0.00440218 	 4.07359173 
2.00500000 	 726.21742594 	 0.00481757 	 4.07364478 
2.01000000 	 709.79629289 	 0.00513935 	 4.07370138 
2.01500000 	 699.14707137 	 0.00533303 	 4.07376011 
2.02000000 	 695.53144417 	 0.00536851 	 4.07381924 
2.02500000 	 698.62844477 	 0.00527728 	 4.07387736 
2.03000000 	 706.70444463 	 0.00505510 	 4.07393303 
2.03500000 	 716.58142385 	 0.00478722 	 4.07398576 
2.04000000 	 724.48638999 	 0.00457164 	 4.07403611 
2.04500000 	 728.42012139 	 0.00449610 	 4.07408563 
2.05000000 	 730.39513273 	 0.00450031 	 4.07413519 
2.05500000 	 735.28510470 	 0.00444808 	 4.07418418 
2.06000000 	 746.23755856 	 0.00424675 	 4.07423096 
2.06500000 	 761.00647534 	 0.00391921 	 4.07427412 
2.07000000 	 772.96158832 	 0.00359050 	 4.07431367 
2.07500000 	 775.17640790 	 0.00345512 	 4.07435172 
2.08000000 	 764.74846969 	 0.00359330 	 4.07439130 
2.08500000 	 744.92324848 	 0.00386717 	 4.07443390 
2.09000000 	 723.75521336 	 0.00412745 	 4.07447936 
2.09500000 	 710.50634115 	 0.00427323 	 4.07452643 
2.10000000 	 711.29906311 	 0.00427556 	 4.07457352 
2.10500000 	 725.80419218 	 0.00414709 	 4.07461920 
2.11000000 	 747.69375955 	 0.00387911 	 4.07466193 
2.11500000 	 769.12455650 	 0.00343741 	 4.07469979 
2.12000000 	 784.03469084 	 0.00307249 	 4.07473364 
2.12500000 	 789.07931425 	 0.00287138 	 4.07476526 
2.13000000 	 784.01000992 	 0.00286700 	 4.07479684 
2.13500000 	 771.19101945 	 0.00310995 	 4.07483110 
2.14000000 	 754.59287286 	 0.00352488 	 4.07486993 
2.14500000 	 738.68163570 	 0.00405010 	 4.07491454 
2.15000000 	 727.46912224 	 0.00447426 	 4.07496383 
2.15500000 	 723.27269800 	 0.00469768 	 4.07501558 
2.16000000 	 725.71084182 	 0.00472717 	 4.07506766 
2.16500000 	 732.31173750 	 0.00455831 	 4.07511788 
2.17000000 	 740.52612423 	 0.00432223 	 4.07516549 
2.17500000 	 749.00797026 	 0.00401981 	 4.07520978 
2.18000000 	 756.57409752 	 0.00369025 	 4.07525043 
2.18500000 	 760.70534762 	 0.00344897 	 4.07528843 
2.19000000 	 758.79059503 	 0.00341990 	 4.07532610 
2.19500000 	 750.93241852 	 0.00354762 	 4.07536519 
2.20000000 	 740.02351529 	 0.00374523 	 4.07540645 
2.20500000 	 729.59601636 	 0.00395491 	 4.07545002 
2.21000000 	 721.90690426 	 0.00410965 	 4.07549530 
2.21500000 	 718.22952670 	 0.00410974 	 4.07554058 
2.22000000 	 720.41773272 	 0.00393452 	 4.07558393 
2.22500000 	 731.10137089 	 0.00369765 	 4.07562466 
2.23000000 	 750.93953463 	 0.00336448 	 4.07566173 
2.23500000 	 776.10119813 	 0.00295472 	 4.07569429 
2.24000000 	 798.47039629 	 0.00256181 	 4.07572251 
2.24500000 	 809.68269792 	 0.00234680 	 4.07574836 
2.25000000 	 805.86306483 	 0.00247082 	 4.07577559 
2.25500000 	 788.13633586 	 0.00298171 	 4.07580844 
2.26000000 	 761.76508214 	 0.00368144 	 4.07584900 
2.26500000 	 734.81605518 	 0.00430052 	 4.07589639 
2.27000000 	 715.13647238 	 0.00463254 	 4.07594743 
2.27500000 	 706.50069017 	 0.00473313 	 4.07599958 
2.28000000 	 705.98224504 	 0.00468325 	 4.07605119 
2.28500000 	 706.12873258 	 0.00456651 	 4.07610151 
2.29000000 	 701.33694702 	 0.00452786 	 4.07615140 
2.29500000 	 693.16085796 	 0.00456534 	 4.07620171 
2.30000000 	 688.91826242 	 0.00452134 	 4.07625153 
2.30500000 	 695.73857184 	 0.00429403 	 4.07629885 
2.31000000 	 715.07785275 	 0.00384343 	 4.07634120 
2.31500000 	 741.24694204 	 0.00328612 	 4.07637742 
2.32000000 	 764.48889319 	 0.00289691 	 4.07640934 
2.32500000 	 776.70868865 	 0.00274130 	 4.07643954 
2.33000000 	 775.69074400 	 0.00275274 	 4.07646988 
2.33500000 	 764.99619176 	 0.00289384 	 4.07650177 
2.34000000 	 751.49598224 	 0.00312892 	 4.07653625 
2.34500000 	 742.30218691 	 0.00338212 	 4.07657352 
2.35000000 	 741.34130409 	 0.00354025 	 4.07661253 
2.35500000 	 747.90952180 	 0.00355282 	 4.07665168 
2.36000000 	 757.81812849 	 0.00347986 	 4.07669003 
2.36500000 	 766.12991973 	 0.00336516 	 4.07672712 
2.37000000 	 769.74821375 	 0.00322082 	 4.07676261 
2.37500000 	 769.29235002 	 0.00306921 	 4.07679644 
2.38000000 	 768.39279141 	 0.00291939 	 4.07682861 
2.38500000 	 770.41387193 	 0.00272032 	 4.07685859 
2.39000000 	 775.57484436 	 0.00258446 	 4.07688707 
2.39500000 	 780.00976891 	 0.00258403 	 4.07691555 
2.40000000 	 778.33740922 	 0.00268008 	 4.07694508 
2.40500000 	 768.10912055 	 0.00287852 	 4.07697681 
2.41000000 	 751.80216363 	 0.00315829 	 4.07701162 
2.41500000 	 734.92256702 	 0.00345230 	 4.07704966 
2.42000000 	 723.20178493 	 0.00363918 	 4.07708977 
2.42500000 	 720.34589526 	 0.00360855 	 4.07712955 
2.43000000 	 727.57640247 	 0.00339016 	 4.07716691 
2.43500000 	 743.98967535 	 0.00309884 	 4.07720106 
2.44000000 	 766.03340592 	 0.00278299 	 4.07723174 
2.44500000 	 787.47938922 	 0.00251311 	 4.07725943 
2.45000000 	 802.03029927 	 0.00231567 	 4.07728496 
2.45500000 	 807.04350495 	 0.00213426 	 4.07730848 
2.46000000 	 803.70721699 	 0.00203409 	 4.07733089 
2.46500000 	 794.02488745 	 0.00206782 	 4.07735368 
2.47000000 	 779.17127770 	 0.00223927 	 4.07737836 
2.47500000 	 760.37070065 	 0.00247551 	 4.07740565 
2.48000000 	 740.79437154 	 0.00276152 	 4.07743608 
2.48500000 	 725.53345530 	 0.00300539 	 4.07746921 
2.49000000 	 718.72802879 	 0.00320706 	 4.07750456 
2.49500000 	 720.41696482 	 0.00339250 	 4.07754195 
2.50000000 	 725.88012398 	 0.00360597 	 4.07758170 
