0.00000000 	 0.00000000 	 0.00000000 	 0.00000000 
0.00100000 	 6.62130283 	 0.03618027 	 4.03062066 
0.00200000 	 26.29518393 	 0.03587432 	 4.03062066 
0.00300000 	 58.46221671 	 0.03537318 	 4.03062066 
0.00400000 	 102.22475016 	 0.03468681 	 4.03062066 
0.00500000 	 156.39572796 	 0.03383369 	 4.03062066 
0.00600000 	 219.56108910 	 0.03283253 	 4.03062066 
0.00700000 	 290.15090865 	 0.03170835 	 4.03062066 
0.00800000 	 366.51246022 	 0.03048624 	 4.03062066 
0.00900000 	 446.97992432 	 0.02919378 	 4.03062066 
0.01000000 	 529.93756234 	 0.02785922 	 4.03062066 
0.01100000 	 613.86819489 	 0.02650753 	 4.03062066 
0.01200000 	 697.38439723 	 0.02516198 	 4.03062066 
0.01300000 	 779.23517848 	 0.02383551 	 4.03062066 
0.01400000 	 858.29514316 	 0.02253994 	 4.03062066 
0.01500000 	 933.57077801 	 0.02128528 	 4.03062066 
0.01600000 	 1004.21805582 	 0.02008926 	 4.03062066 
0.01700000 	 1069.55750921 	 0.01896877 	 4.03062066 
0.01800000 	 1129.08129705 	 0.01794180 	 4.03062066 
0.01900000 	 1182.43827450 	 0.01702069 	 4.03062066 
0.02000000 	 1229.39781673 	 0.01621299 	 4.03062066 
0.02100000 	 1269.80798970 	 0.01551388 	 4.03062066 
0.02200000 	 1303.57748424 	 0.01492353 	 4.03062066 
0.02300000 	 1330.67926340 	 0.01444832 	 4.03062066 
0.02400000 	 1351.15894600 	 0.01409354 	 4.03062066 
0.02500000 	 1365.13559728 	 0.01386419 	 4.03062066 
0.02600000 	 1372.77864343 	 0.01376285 	 4.03062066 
0.02700000 	 1374.28515662 	 0.01379167 	 4.03062066 
0.02800000 	 1369.87678263 	 0.01394226 	 4.03062066 
0.02900000 	 1359.79827095 	 0.01420333 	 4.03062066 
0.03000000 	 1344.32239068 	 0.01456661 	 4.03062066 
0.03100000 	 1323.75267314 	 0.01502154 	 4.03062066 
0.03200000 	 1298.42315689 	 0.01555848 	 4.03062066 
0.03300000 	 1268.70849546 	 0.01617007 	 4.03062066 
0.03400000 	 1235.03186140 	 0.01684819 	 4.03062066 
0.03500000 	 1197.86699749 	 0.01758241 	 4.03062066 
0.03600000 	 1157.73744372 	 0.01836365 	 4.03062066 
0.03700000 	 1115.21577381 	 0.01917979 	 4.03062066 
0.03800000 	 1070.91669408 	 0.02001972 	 4.03062066 
0.03900000 	 1025.48064231 	 0.02087211 	 4.03062066 
0.04000000 	 979.56071760 	 0.02172736 	 4.03062066 
0.04100000 	 933.81483255 	 0.02257176 	 4.03062066 
0.04200000 	 888.89346025 	 0.02339677 	 4.03062066 
0.04300000 	 845.42611738 	 0.02418932 	 4.03062066 
0.04400000 	 804.00963222 	 0.02494043 	 4.03062066 
0.04500000 	 765.19319058 	 0.02564210 	 4.03062066 
0.04600000 	 729.46400378 	 0.02628691 	 4.03062066 
0.04700000 	 697.23918119 	 0.02686839 	 4.03062066 
0.04800000 	 668.85757474 	 0.02737813 	 4.03062066 
0.04900000 	 644.57296098 	 0.02781348 	 4.03062066 
0.05000000 	 624.55226600 	 0.02817005 	 4.03062066 
0.05100000 	 608.87409897 	 0.02844790 	 4.03062066 
0.05200000 	 597.53041308 	 0.02864371 	 4.03062066 
0.05300000 	 590.43296163 	 0.02876018 	 4.03062066 
0.05400000 	 587.41869803 	 0.02879774 	 4.03062066 
0.05500000 	 588.25585712 	 0.02875810 	 4.03062066 
0.05600000 	 592.65421782 	 0.02864637 	 4.03062066 
0.05700000 	 600.27669264 	 0.02846624 	 4.03062066 
0.05800000 	 610.75136965 	 0.02822375 	 4.03062066 
0.05900000 	 623.68289419 	 0.02792519 	 4.03062066 
0.06000000 	 638.66346393 	 0.02757921 	 4.03062066 
0.06100000 	 655.28163793 	 0.02719493 	 4.03062066 
0.06200000 	 673.12477147 	 0.02678022 	 4.03062066 
0.06300000 	 691.78562072 	 0.02634095 	 4.03062066 
0.06400000 	 710.87428706 	 0.02588707 	 4.03062066 
0.06500000 	 730.02426390 	 0.02542540 	 4.03062066 
0.06600000 	 748.89608965 	 0.02496329 	 4.03062066 
0.06700000 	 767.18208769 	 0.02450800 	 4.03062066 
0.06800000 	 784.60658989 	 0.02406521 	 4.03062066 
0.06900000 	 800.92606212 	 0.02363884 	 4.03062066 
0.07000000 	 815.93153913 	 0.02323281 	 4.03062066 
0.07100000 	 829.44706652 	 0.02285366 	 4.03062066 
0.07200000 	 841.32832531 	 0.02250646 	 4.03062066 
0.07300000 	 851.46476050 	 0.02219657 	 4.03062066 
0.07400000 	 859.77515857 	 0.02192551 	 4.03062066 
0.07500000 	 866.20336019 	 0.02169337 	 4.03062066 
0.07600000 	 870.71851864 	 0.02150751 	 4.03062066 
0.07700000 	 873.31113924 	 0.02136491 	 4.03062066 
0.07800000 	 873.98934599 	 0.02126572 	 4.03062066 
0.07900000 	 872.78094113 	 0.02120750 	 4.03062066 
0.08000000 	 869.73887466 	 0.02118854 	 4.03062066 
0.08100000 	 864.94020137 	 0.02120675 	 4.03062066 
0.08200000 	 858.48225883 	 0.02126274 	 4.03062066 
0.08300000 	 850.48279185 	 0.02135323 	 4.03062066 
0.08400000 	 841.07918516 	 0.02147591 	 4.03062066 
0.08500000 	 830.42434353 	 0.02162406 	 4.03062066 
0.08600000 	 818.68170571 	 0.02179553 	 4.03062066 
0.08700000 	 806.02920106 	 0.02198908 	 4.03062066 
0.08800000 	 792.66536284 	 0.02220239 	 4.03062066 
0.08900000 	 778.80320898 	 0.02243317 	 4.03062066 
0.09000000 	 764.66373172 	 0.02267575 	 4.03062066 
0.09100000 	 750.47197944 	 0.02292824 	 4.03062066 
0.09200000 	 736.45454899 	 0.02318202 	 4.03062066 
0.09300000 	 722.83915228 	 0.02343575 	 4.03062066 
0.09400000 	 709.85168453 	 0.02368196 	 4.03062066 
0.09500000 	 697.71013020 	 0.02391642 	 4.03062066 
0.09600000 	 686.62095592 	 0.02413295 	 4.03062066 
0.09700000 	 676.77854770 	 0.02433095 	 4.03062066 
0.09800000 	 668.36118201 	 0.02450657 	 4.03062066 
0.09900000 	 661.52606680 	 0.02465763 	 4.03062066 
0.10000000 	 656.40569708 	 0.02478150 	 4.03062066 
0.10100000 	 653.10677886 	 0.02487205 	 4.03062066 
0.10200000 	 651.70847402 	 0.02492858 	 4.03062066 
0.10300000 	 652.25732207 	 0.02495150 	 4.03062066 
0.10400000 	 654.76519980 	 0.02493951 	 4.03062066 
0.10500000 	 659.21237087 	 0.02489417 	 4.03062066 
0.10600000 	 665.54809954 	 0.02481389 	 4.03062066 
0.10700000 	 673.68954125 	 0.02470147 	 4.03062066 
0.10800000 	 683.52358216 	 0.02455797 	 4.03062066 
0.10900000 	 694.90845899 	 0.02438429 	 4.03062066 
0.11000000 	 707.67752657 	 0.02418277 	 4.03062066 
0.11100000 	 721.64575586 	 0.02395505 	 4.03062066 
0.11200000 	 736.61499908 	 0.02370643 	 4.03062066 
0.11300000 	 752.37863298 	 0.02343908 	 4.03062066 
0.11400000 	 768.72477701 	 0.02315759 	 4.03062066 
0.11500000 	 785.43469817 	 0.02286488 	 4.03062066 
0.11600000 	 802.28610906 	 0.02256975 	 4.03062066 
0.11700000 	 819.06115311 	 0.02227710 	 4.03062066 
0.11800000 	 835.54878293 	 0.02199283 	 4.03062066 
0.11900000 	 851.54271555 	 0.02172300 	 4.03062066 
0.12000000 	 866.84528497 	 0.02147006 	 4.03062066 
0.12100000 	 881.27599407 	 0.02123479 	 4.03062066 
0.12200000 	 894.67172802 	 0.02102214 	 4.03062066 
0.12300000 	 906.88344823 	 0.02083271 	 4.03062066 
0.12400000 	 917.77719003 	 0.02066462 	 4.03062066 
0.12500000 	 927.23673440 	 0.02052148 	 4.03062066 
0.12600000 	 935.16430852 	 0.02040316 	 4.03062066 
0.12700000 	 941.47984444 	 0.02031172 	 4.03062066 
0.12800000 	 946.12176726 	 0.02025002 	 4.03062066 
0.12900000 	 949.04981897 	 0.02021744 	 4.03062066 
0.13000000 	 950.24419927 	 0.02021366 	 4.03062066 
0.13100000 	 949.70619803 	 0.02024347 	 4.03062066 
0.13200000 	 947.46090835 	 0.02030640 	 4.03062066 
0.13300000 	 943.55970040 	 0.02040345 	 4.03062066 
0.13400000 	 938.08120569 	 0.02053367 	 4.03062066 
0.13500000 	 931.12756505 	 0.02069002 	 4.03062066 
0.13600000 	 922.82059248 	 0.02087002 	 4.03062066 
0.13700000 	 913.29850503 	 0.02107102 	 4.03062066 
0.13800000 	 902.71335163 	 0.02129097 	 4.03062066 
0.13900000 	 891.22837235 	 0.02152570 	 4.03062066 
0.14000000 	 879.01631739 	 0.02177162 	 4.03062066 
0.14100000 	 866.25960416 	 0.02202509 	 4.03062066 
0.14200000 	 853.15207962 	 0.02228410 	 4.03062066 
0.14300000 	 839.89613396 	 0.02254055 	 4.03062066 
0.14400000 	 826.69399503 	 0.02279299 	 4.03062066 
0.14500000 	 813.74229159 	 0.02303710 	 4.03062066 
0.14600000 	 801.23093415 	 0.02326960 	 4.03062066 
0.14700000 	 789.33866842 	 0.02348760 	 4.03062066 
0.14800000 	 778.22995668 	 0.02368625 	 4.03062066 
0.14900000 	 768.05519322 	 0.02386434 	 4.03062066 
0.15000000 	 758.94822339 	 0.02402014 	 4.03062066 
0.15100000 	 751.02257550 	 0.02415146 	 4.03062066 
0.15200000 	 744.36852554 	 0.02425685 	 4.03062066 
0.15300000 	 739.05066411 	 0.02433130 	 4.03062066 
0.15400000 	 735.10484132 	 0.02437696 	 4.03062066 
0.15500000 	 732.53793293 	 0.02439102 	 4.03062066 
0.15600000 	 731.32913530 	 0.02437690 	 4.03062066 
0.15700000 	 731.43181470 	 0.02433580 	 4.03062066 
0.15800000 	 732.77492037 	 0.02426915 	 4.03062066 
0.15900000 	 735.26352615 	 0.02418052 	 4.03062066 
0.16000000 	 738.78333986 	 0.02407344 	 4.03062066 
0.16100000 	 743.20658218 	 0.02395183 	 4.03062066 
0.16200000 	 748.39444638 	 0.02382109 	 4.03062066 
0.16300000 	 754.19940483 	 0.02368383 	 4.03062066 
0.16400000 	 760.47220145 	 0.02354262 	 4.03062066 
0.16500000 	 767.06921600 	 0.02339998 	 4.03062066 
0.16600000 	 773.85546858 	 0.02325644 	 4.03062066 
0.16700000 	 780.70556121 	 0.02311379 	 4.03062066 
0.16800000 	 787.50401796 	 0.02297279 	 4.03062066 
0.16900000 	 794.14509570 	 0.02283627 	 4.03062066 
0.17000000 	 800.53401399 	 0.02270158 	 4.03062066 
0.17100000 	 806.58846148 	 0.02257356 	 4.03062066 
0.17200000 	 812.24042578 	 0.02245093 	 4.03062066 
0.17300000 	 817.43665151 	 0.02233876 	 4.03062066 
0.17400000 	 822.13647055 	 0.02223671 	 4.03062066 
0.17500000 	 826.31186200 	 0.02214906 	 4.03062066 
0.17600000 	 829.94606944 	 0.02207457 	 4.03062066 
0.17700000 	 833.02975425 	 0.02201511 	 4.03062066 
0.17800000 	 835.55867682 	 0.02196779 	 4.03062066 
0.17900000 	 837.53603158 	 0.02193348 	 4.03062066 
0.18000000 	 838.97355565 	 0.02191078 	 4.03062066 
0.18100000 	 839.88810536 	 0.02189861 	 4.03062066 
0.18200000 	 840.29892075 	 0.02189849 	 4.03062066 
0.18300000 	 840.22844055 	 0.02191208 	 4.03062066 
0.18400000 	 839.70236922 	 0.02193506 	 4.03062066 
0.18500000 	 838.74425971 	 0.02197055 	 4.03062066 
0.18600000 	 837.37606983 	 0.02201440 	 4.03062066 
0.18700000 	 835.62061391 	 0.02206483 	 4.03062066 
0.18800000 	 833.50138104 	 0.02212184 	 4.03062066 
0.18900000 	 831.04417576 	 0.02218485 	 4.03062066 
0.19000000 	 828.27861007 	 0.02224878 	 4.03062066 
0.19100000 	 825.23781836 	 0.02231309 	 4.03062066 
0.19200000 	 821.95883338 	 0.02237558 	 4.03062066 
0.19300000 	 818.48421762 	 0.02243504 	 4.03062066 
0.19400000 	 814.86155634 	 0.02249266 	 4.03062066 
0.19500000 	 811.14107752 	 0.02254813 	 4.03062066 
0.19600000 	 807.37334956 	 0.02260396 	 4.03062066 
0.19700000 	 803.61261800 	 0.02266326 	 4.03062066 
0.19800000 	 799.91819947 	 0.02272254 	 4.03062066 
0.19900000 	 796.34690457 	 0.02278112 	 4.03062066 
0.20000000 	 792.94897403 	 0.02283626 	 4.03062066 
0.20100000 	 789.76864647 	 0.02288668 	 4.03062066 
0.20200000 	 786.84440081 	 0.02293579 	 4.03062066 
0.20300000 	 784.21054715 	 0.02298252 	 4.03062066 
0.20400000 	 781.89745078 	 0.02302602 	 4.03062066 
0.20500000 	 779.93147740 	 0.02306247 	 4.03062066 
0.20600000 	 778.33562038 	 0.02309350 	 4.03062066 
0.20700000 	 777.13004918 	 0.02311557 	 4.03062066 
0.20800000 	 776.32744884 	 0.02313453 	 4.03062066 
0.20900000 	 775.93387565 	 0.02314806 	 4.03062066 
0.21000000 	 775.95562214 	 0.02315573 	 4.03062066 
0.21100000 	 776.40027922 	 0.02315369 	 4.03062066 
0.21200000 	 777.27368863 	 0.02314304 	 4.03062066 
0.21300000 	 778.57674240 	 0.02312377 	 4.03062066 
0.21400000 	 780.30286167 	 0.02309760 	 4.03062066 
0.21500000 	 782.43664509 	 0.02306243 	 4.03062066 
0.21600000 	 784.95577630 	 0.02301787 	 4.03062066 
0.21700000 	 787.83289032 	 0.02296765 	 4.03062066 
0.21800000 	 791.03412414 	 0.02290726 	 4.03062066 
0.21900000 	 794.51691559 	 0.02283829 	 4.03062066 
0.22000000 	 798.22865875 	 0.02275988 	 4.03062066 
0.22100000 	 802.10783721 	 0.02267533 	 4.03062066 
0.22200000 	 806.08681208 	 0.02258430 	 4.03062066 
0.22300000 	 810.09148226 	 0.02249175 	 4.03062066 
0.22400000 	 814.04185923 	 0.02240021 	 4.03062066 
0.22500000 	 817.85671673 	 0.02231129 	 4.03062066 
0.22600000 	 821.45884464 	 0.02222454 	 4.03062066 
0.22700000 	 824.77423030 	 0.02213854 	 4.03062066 
0.22800000 	 827.72994656 	 0.02205450 	 4.03062066 
0.22900000 	 830.25928215 	 0.02197645 	 4.03062066 
0.23000000 	 832.30725724 	 0.02190487 	 4.03062066 
0.23100000 	 833.83300731 	 0.02184271 	 4.03062066 
0.23200000 	 834.80958467 	 0.02178947 	 4.03062066 
0.23300000 	 835.22191127 	 0.02175048 	 4.03062066 
0.23400000 	 835.06274810 	 0.02172433 	 4.03062066 
0.23500000 	 834.33311213 	 0.02171088 	 4.03062066 
0.23600000 	 833.04599471 	 0.02171330 	 4.03062066 
0.23700000 	 831.22600523 	 0.02173264 	 4.03062066 
0.23800000 	 828.90900886 	 0.02176842 	 4.03062066 
0.23900000 	 826.14134185 	 0.02182023 	 4.03062066 
0.24000000 	 822.97893964 	 0.02188551 	 4.03062066 
0.24100000 	 819.48493266 	 0.02196173 	 4.03062066 
0.24200000 	 815.72615252 	 0.02204876 	 4.03062066 
0.24300000 	 811.77435902 	 0.02214525 	 4.03062066 
0.24400000 	 807.70845634 	 0.02225068 	 4.03062066 
0.24500000 	 803.61075656 	 0.02236049 	 4.03062066 
0.24600000 	 799.56413379 	 0.02247688 	 4.03062066 
0.24700000 	 795.65014249 	 0.02259786 	 4.03062066 
0.24800000 	 791.94637771 	 0.02272322 	 4.03062066 
0.24900000 	 788.52664459 	 0.02285286 	 4.03062066 
0.25000000 	 785.45831526 	 0.02298255 	 4.03062066 
0.25100000 	 782.79959561 	 0.02310988 	 4.03062066 
0.25200000 	 780.60009163 	 0.02323277 	 4.03062066 
0.25300000 	 778.89956438 	 0.02334870 	 4.03062066 
0.25400000 	 777.72570043 	 0.02345465 	 4.03062066 
0.25500000 	 777.09365729 	 0.02354710 	 4.03062066 
0.25600000 	 777.00750005 	 0.02362248 	 4.03062066 
0.25700000 	 777.46249513 	 0.02368128 	 4.03062066 
0.25800000 	 778.44728508 	 0.02372343 	 4.03062066 
0.25900000 	 779.94534040 	 0.02374752 	 4.03062066 
0.26000000 	 781.93263503 	 0.02375764 	 4.03062066 
0.26100000 	 784.37681327 	 0.02375343 	 4.03062066 
0.26200000 	 787.23854873 	 0.02373257 	 4.03062066 
0.26300000 	 790.47140806 	 0.02369487 	 4.03062066 
0.26400000 	 794.02330694 	 0.02364206 	 4.03062066 
0.26500000 	 797.83823918 	 0.02357562 	 4.03062066 
0.26600000 	 801.85734061 	 0.02349685 	 4.03062066 
0.26700000 	 806.01952139 	 0.02341024 	 4.03062066 
0.26800000 	 810.26249865 	 0.02331607 	 4.03062066 
0.26900000 	 814.52285496 	 0.02321822 	 4.03062066 
0.27000000 	 818.73594986 	 0.02311796 	 4.03062066 
0.27100000 	 822.83470160 	 0.02302076 	 4.03062066 
0.27200000 	 826.74690703 	 0.02292824 	 4.03062066 
0.27300000 	 830.39546935 	 0.02284394 	 4.03062066 
0.27400000 	 833.70186291 	 0.02276752 	 4.03062066 
0.27500000 	 836.59097845 	 0.02270167 	 4.03062066 
0.27600000 	 838.99600473 	 0.02264693 	 4.03062066 
0.27700000 	 840.86025390 	 0.02260572 	 4.03062066 
0.27800000 	 842.13614854 	 0.02257719 	 4.03062066 
0.27900000 	 842.78757965 	 0.02256187 	 4.03062066 
0.28000000 	 842.79038778 	 0.02255679 	 4.03062066 
0.28100000 	 842.13283782 	 0.02255861 	 4.03062066 
0.28200000 	 840.81813711 	 0.02256972 	 4.03062066 
0.28300000 	 838.86250011 	 0.02258653 	 4.03062066 
0.28400000 	 836.29428125 	 0.02260812 	 4.03062066 
0.28500000 	 833.15554584 	 0.02263439 	 4.03062066 
0.28600000 	 829.50106562 	 0.02266547 	 4.03062066 
0.28700000 	 825.39482343 	 0.02270175 	 4.03062066 
0.28800000 	 820.90811405 	 0.02274426 	 4.03062066 
0.28900000 	 816.11828652 	 0.02279486 	 4.03062066 
0.29000000 	 811.10724758 	 0.02284988 	 4.03062066 
0.29100000 	 805.95974648 	 0.02290936 	 4.03062066 
0.29200000 	 800.76265182 	 0.02297062 	 4.03062066 
0.29300000 	 795.60384884 	 0.02303217 	 4.03062066 
0.29400000 	 790.56803417 	 0.02309343 	 4.03062066 
0.29500000 	 785.73198307 	 0.02315444 	 4.03062066 
0.29600000 	 781.16278436 	 0.02321217 	 4.03062066 
0.29700000 	 776.92071252 	 0.02326637 	 4.03062066 
0.29800000 	 773.06117940 	 0.02331470 	 4.03062066 
0.29900000 	 769.63260182 	 0.02335738 	 4.03062066 
0.30000000 	 766.67547456 	 0.02339289 	 4.03062066 
0.30100000 	 764.22192264 	 0.02341691 	 4.03062066 
0.30200000 	 762.29289274 	 0.02342981 	 4.03062066 
0.30300000 	 760.89912247 	 0.02343315 	 4.03062066 
0.30400000 	 760.04631343 	 0.02342532 	 4.03062066 
0.30500000 	 759.73708730 	 0.02340584 	 4.03062066 
0.30600000 	 759.96782507 	 0.02337828 	 4.03062066 
0.30700000 	 760.72868573 	 0.02334390 	 4.03062066 
0.30800000 	 762.00853945 	 0.02330192 	 4.03062066 
0.30900000 	 763.79642221 	 0.02325201 	 4.03062066 
0.31000000 	 766.08046270 	 0.02319548 	 4.03062066 
0.31100000 	 768.84659328 	 0.02313113 	 4.03062066 
0.31200000 	 772.07653197 	 0.02305809 	 4.03062066 
0.31300000 	 775.74688387 	 0.02297427 	 4.03062066 
0.31400000 	 779.82964215 	 0.02288169 	 4.03062066 
0.31500000 	 784.29305067 	 0.02277979 	 4.03062066 
0.31600000 	 789.10199344 	 0.02266831 	 4.03062066 
0.31700000 	 794.21785178 	 0.02254902 	 4.03062066 
0.31800000 	 799.59858155 	 0.02242495 	 4.03062066 
0.31900000 	 805.19907585 	 0.02229713 	 4.03062066 
0.32000000 	 810.96990038 	 0.02216558 	 4.03062066 
0.32100000 	 816.85378478 	 0.02203014 	 4.03062066 
0.32200000 	 822.78747232 	 0.02189358 	 4.03062066 
0.32300000 	 828.70807210 	 0.02175640 	 4.03062066 
0.32400000 	 834.55554609 	 0.02162111 	 4.03062066 
0.32500000 	 840.27247333 	 0.02148847 	 4.03062066 
0.32600000 	 845.80165350 	 0.02135947 	 4.03062066 
0.32700000 	 851.08472012 	 0.02123425 	 4.03062066 
0.32800000 	 856.06535477 	 0.02111505 	 4.03062066 
0.32900000 	 860.69294924 	 0.02100257 	 4.03062066 
0.33000000 	 864.92192259 	 0.02090030 	 4.03062066 
0.33100000 	 868.71079036 	 0.02080632 	 4.03062066 
0.33200000 	 872.02261920 	 0.02072162 	 4.03062066 
0.33300000 	 874.82458318 	 0.02064357 	 4.03062066 
0.33400000 	 877.08922875 	 0.02057720 	 4.03062066 
0.33500000 	 878.79452251 	 0.02052438 	 4.03062066 
0.33600000 	 879.92519888 	 0.02048670 	 4.03062066 
0.33700000 	 880.47254016 	 0.02046015 	 4.03062066 
0.33800000 	 880.43208462 	 0.02044476 	 4.03062066 
0.33900000 	 879.80331116 	 0.02044085 	 4.03062066 
0.34000000 	 878.58653975 	 0.02044858 	 4.03062066 
0.34100000 	 876.78102949 	 0.02046771 	 4.03062066 
0.34200000 	 874.38666996 	 0.02049940 	 4.03062066 
0.34300000 	 871.40458567 	 0.02054154 	 4.03062066 
0.34400000 	 867.83966109 	 0.02059763 	 4.03062066 
0.34500000 	 863.70270877 	 0.02066618 	 4.03062066 
0.34600000 	 859.01041293 	 0.02075099 	 4.03062066 
0.34700000 	 853.78421960 	 0.02085174 	 4.03062066 
0.34800000 	 848.05127530 	 0.02096841 	 4.03062066 
0.34900000 	 841.84579837 	 0.02109945 	 4.03062066 
0.35000000 	 835.20995846 	 0.02124188 	 4.03062066 
0.35100000 	 828.19473469 	 0.02139257 	 4.03062066 
0.35200000 	 820.85715860 	 0.02155104 	 4.03062066 
0.35300000 	 813.26057840 	 0.02171834 	 4.03062066 
0.35400000 	 805.47500206 	 0.02189242 	 4.03062066 
0.35500000 	 797.57412566 	 0.02207184 	 4.03062066 
0.35600000 	 789.63346044 	 0.02225663 	 4.03062066 
0.35700000 	 781.73080436 	 0.02244264 	 4.03062066 
0.35800000 	 773.94619694 	 0.02263025 	 4.03062066 
0.35900000 	 766.35989349 	 0.02281795 	 4.03062066 
0.36000000 	 759.05060881 	 0.02300851 	 4.03062066 
0.36100000 	 752.09566206 	 0.02319936 	 4.03062066 
0.36200000 	 745.56932054 	 0.02338818 	 4.03062066 
0.36300000 	 739.54014223 	 0.02357142 	 4.03062066 
0.36400000 	 734.06928994 	 0.02374861 	 4.03062066 
0.36500000 	 729.21046933 	 0.02391322 	 4.03062066 
0.36600000 	 725.00960257 	 0.02406307 	 4.03062066 
0.36700000 	 721.50259009 	 0.02419626 	 4.03062066 
0.36800000 	 718.71443329 	 0.02431096 	 4.03062066 
0.36900000 	 716.65917824 	 0.02440818 	 4.03062066 
0.37000000 	 715.33924411 	 0.02448778 	 4.03062066 
0.37100000 	 714.74526296 	 0.02454980 	 4.03062066 
0.37200000 	 714.85594165 	 0.02459698 	 4.03062066 
0.37300000 	 715.63784797 	 0.02462815 	 4.03062066 
0.37400000 	 717.04509564 	 0.02464514 	 4.03062066 
0.37500000 	 719.02099169 	 0.02464683 	 4.03062066 
0.37600000 	 721.50193205 	 0.02463620 	 4.03062066 
0.37700000 	 724.41991636 	 0.02461352 	 4.03062066 
0.37800000 	 727.70467531 	 0.02458059 	 4.03062066 
0.37900000 	 731.28420669 	 0.02454042 	 4.03062066 
0.38000000 	 735.08469090 	 0.02449312 	 4.03062066 
0.38100000 	 739.03296428 	 0.02444033 	 4.03062066 
0.38200000 	 743.05788463 	 0.02438392 	 4.03062066 
0.38300000 	 747.09154189 	 0.02432682 	 4.03062066 
0.38400000 	 751.07077925 	 0.02426872 	 4.03062066 
0.38500000 	 754.93534311 	 0.02421086 	 4.03062066 
0.38600000 	 758.62989913 	 0.02415454 	 4.03062066 
0.38700000 	 762.10797864 	 0.02410109 	 4.03062066 
0.38800000 	 765.33222864 	 0.02404884 	 4.03062066 
0.38900000 	 768.27531939 	 0.02399617 	 4.03062066 
0.39000000 	 770.91895207 	 0.02394337 	 4.03062066 
0.39100000 	 773.25308095 	 0.02389092 	 4.03062066 
0.39200000 	 775.27931915 	 0.02383866 	 4.03062066 
0.39300000 	 777.01144052 	 0.02378645 	 4.03062066 
0.39400000 	 778.47280636 	 0.02373529 	 4.03062066 
0.39500000 	 779.69603543 	 0.02368418 	 4.03062066 
0.39600000 	 780.72210195 	 0.02363149 	 4.03062066 
0.39700000 	 781.59924705 	 0.02357862 	 4.03062066 
0.39800000 	 782.38344003 	 0.02352354 	 4.03062066 
0.39900000 	 783.13804824 	 0.02346796 	 4.03062066 
0.40000000 	 783.93282961 	 0.02341086 	 4.03062066 
0.40100000 	 784.84218273 	 0.02335035 	 4.03062066 
0.40200000 	 785.94060868 	 0.02328826 	 4.03062066 
0.40300000 	 787.29721838 	 0.02322415 	 4.03062066 
0.40400000 	 788.96896343 	 0.02315520 	 4.03062066 
0.40500000 	 790.99961652 	 0.02308372 	 4.03062066 
0.40600000 	 793.42343620 	 0.02300772 	 4.03062066 
0.40700000 	 796.26359287 	 0.02292873 	 4.03062066 
0.40800000 	 799.52960142 	 0.02284782 	 4.03062066 
0.40900000 	 803.21588024 	 0.02276506 	 4.03062066 
0.41000000 	 807.30027772 	 0.02267885 	 4.03062066 
0.41100000 	 811.74430670 	 0.02259404 	 4.03062066 
0.41200000 	 816.49702901 	 0.02251059 	 4.03062066 
0.41300000 	 821.49507625 	 0.02242760 	 4.03062066 
0.41400000 	 826.65860621 	 0.02234070 	 4.03062066 
0.41500000 	 831.88813781 	 0.02225014 	 4.03062066 
0.41600000 	 837.06964876 	 0.02215943 	 4.03062066 
0.41700000 	 842.08507420 	 0.02207113 	 4.03062066 
0.41800000 	 846.81888403 	 0.02198450 	 4.03062066 
0.41900000 	 851.16058567 	 0.02190460 	 4.03062066 
0.42000000 	 855.00520324 	 0.02183106 	 4.03062066 
0.42100000 	 858.25493296 	 0.02176589 	 4.03062066 
0.42200000 	 860.82272852 	 0.02171135 	 4.03062066 
0.42300000 	 862.63647595 	 0.02166994 	 4.03062066 
0.42400000 	 863.64263001 	 0.02164301 	 4.03062066 
0.42500000 	 863.80816694 	 0.02163058 	 4.03062066 
0.42600000 	 863.11887411 	 0.02163605 	 4.03062066 
0.42700000 	 861.57954330 	 0.02165575 	 4.03062066 
0.42800000 	 859.21609044 	 0.02168914 	 4.03062066 
0.42900000 	 856.07424057 	 0.02173564 	 4.03062066 
0.43000000 	 852.21579781 	 0.02179171 	 4.03062066 
0.43100000 	 847.71893473 	 0.02185998 	 4.03062066 
0.43200000 	 842.67770192 	 0.02193560 	 4.03062066 
0.43300000 	 837.19586993 	 0.02201841 	 4.03062066 
0.43400000 	 831.38166910 	 0.02210577 	 4.03062066 
0.43500000 	 825.34548178 	 0.02219781 	 4.03062066 
0.43600000 	 819.19696480 	 0.02229174 	 4.03062066 
0.43700000 	 813.04262846 	 0.02238049 	 4.03062066 
0.43800000 	 806.98425703 	 0.02246544 	 4.03062066 
0.43900000 	 801.11584892 	 0.02254307 	 4.03062066 
0.44000000 	 795.52142636 	 0.02261375 	 4.03062066 
0.44100000 	 790.27468188 	 0.02267789 	 4.03062066 
0.44200000 	 785.43906566 	 0.02273474 	 4.03062066 
0.44300000 	 781.06672000 	 0.02278313 	 4.03062066 
0.44400000 	 777.19810996 	 0.02282826 	 4.03062066 
0.44500000 	 773.86260324 	 0.02286912 	 4.03062066 
0.44600000 	 771.07876511 	 0.02290743 	 4.03062066 
0.44700000 	 768.85548174 	 0.02294303 	 4.03062066 
0.44800000 	 767.19344479 	 0.02297249 	 4.03062066 
0.44900000 	 766.08747830 	 0.02299714 	 4.03062066 
0.45000000 	 765.52625567 	 0.02301884 	 4.03062066 
0.45100000 	 765.49107609 	 0.02303715 	 4.03062066 
0.45200000 	 765.95826952 	 0.02305066 	 4.03062066 
0.45300000 	 766.90011422 	 0.02305964 	 4.03062066 
0.45400000 	 768.28238276 	 0.02306360 	 4.03062066 
0.45500000 	 770.06518707 	 0.02306453 	 4.03062066 
0.45600000 	 772.20551879 	 0.02306153 	 4.03062066 
0.45700000 	 774.65818454 	 0.02305847 	 4.03062066 
0.45800000 	 777.37432344 	 0.02305190 	 4.03062066 
0.45900000 	 780.29942534 	 0.02304389 	 4.03062066 
0.46000000 	 783.37307283 	 0.02303647 	 4.03062066 
0.46100000 	 786.53291466 	 0.02303103 	 4.03062066 
0.46200000 	 789.72154502 	 0.02302518 	 4.03062066 
0.46300000 	 792.88601534 	 0.02301890 	 4.03062066 
0.46400000 	 795.97269482 	 0.02301336 	 4.03062066 
0.46500000 	 798.92756346 	 0.02301123 	 4.03062066 
0.46600000 	 801.70053001 	 0.02301161 	 4.03062066 
0.46700000 	 804.24714880 	 0.02301244 	 4.03062066 
0.46800000 	 806.52847051 	 0.02301736 	 4.03062066 
0.46900000 	 808.51019096 	 0.02302377 	 4.03062066 
0.47000000 	 810.16444998 	 0.02302987 	 4.03062066 
0.47100000 	 811.47227241 	 0.02303622 	 4.03062066 
0.47200000 	 812.42583353 	 0.02304120 	 4.03062066 
0.47300000 	 813.02938502 	 0.02304522 	 4.03062066 
0.47400000 	 813.29887671 	 0.02304973 	 4.03062066 
0.47500000 	 813.26071503 	 0.02305430 	 4.03062066 
0.47600000 	 812.94817109 	 0.02305742 	 4.03062066 
0.47700000 	 812.40003122 	 0.02306049 	 4.03062066 
0.47800000 	 811.65912254 	 0.02306469 	 4.03062066 
0.47900000 	 810.76964774 	 0.02307188 	 4.03062066 
0.48000000 	 809.77633274 	 0.02308100 	 4.03062066 
0.48100000 	 808.72360305 	 0.02309373 	 4.03062066 
0.48200000 	 807.65216452 	 0.02310985 	 4.03062066 
0.48300000 	 806.59887012 	 0.02313086 	 4.03062066 
0.48400000 	 805.59832927 	 0.02315666 	 4.03062066 
0.48500000 	 804.68176298 	 0.02318383 	 4.03062066 
0.48600000 	 803.87589545 	 0.02321386 	 4.03062066 
0.48700000 	 803.20533087 	 0.02324503 	 4.03062066 
0.48800000 	 802.69558993 	 0.02327846 	 4.03062066 
0.48900000 	 802.37238576 	 0.02331399 	 4.03062066 
0.49000000 	 802.25676645 	 0.02335132 	 4.03062066 
0.49100000 	 802.36000811 	 0.02338441 	 4.03062066 
0.49200000 	 802.68498662 	 0.02341329 	 4.03062066 
0.49300000 	 803.23030505 	 0.02343215 	 4.03062066 
0.49400000 	 803.99199712 	 0.02344199 	 4.03062066 
0.49500000 	 804.96379420 	 0.02343954 	 4.03062066 
0.49600000 	 806.13673002 	 0.02342914 	 4.03062066 
0.49700000 	 807.50054387 	 0.02340754 	 4.03062066 
0.49800000 	 809.04432608 	 0.02337607 	 4.03062066 
0.49900000 	 810.75270638 	 0.02333564 	 4.03062066 
0.50000000 	 812.60030982 	 0.02328607 	 4.03062066 
0.50100000 	 814.55363776 	 0.02322983 	 4.03062066 
0.50200000 	 816.57687261 	 0.02316990 	 4.03062066 
0.50300000 	 818.63575730 	 0.02310881 	 4.03062066 
0.50400000 	 820.70145775 	 0.02304411 	 4.03062066 
0.50500000 	 822.75095982 	 0.02297957 	 4.03062066 
0.50600000 	 824.76657795 	 0.02291619 	 4.03062066 
0.50700000 	 826.73508697 	 0.02285538 	 4.03062066 
0.50800000 	 828.64592794 	 0.02279739 	 4.03062066 
0.50900000 	 830.48771623 	 0.02274044 	 4.03062066 
0.51000000 	 832.24565971 	 0.02268486 	 4.03062066 
0.51100000 	 833.90458719 	 0.02263580 	 4.03062066 
0.51200000 	 835.45441689 	 0.02259007 	 4.03062066 
0.51300000 	 836.89048415 	 0.02254995 	 4.03062066 
0.51400000 	 838.20871280 	 0.02251523 	 4.03062066 
0.51500000 	 839.40310309 	 0.02248281 	 4.03062066 
0.51600000 	 840.46570146 	 0.02245230 	 4.03062066 
0.51700000 	 841.38771435 	 0.02242546 	 4.03062066 
0.51800000 	 842.16036602 	 0.02240028 	 4.03062066 
0.51900000 	 842.77482252 	 0.02237774 	 4.03062066 
0.52000000 	 843.22125721 	 0.02236015 	 4.03062066 
0.52100000 	 843.48679280 	 0.02234790 	 4.03062066 
0.52200000 	 843.55431403 	 0.02234062 	 4.03062066 
0.52300000 	 843.40363779 	 0.02233588 	 4.03062066 
0.52400000 	 843.01370013 	 0.02233487 	 4.03062066 
0.52500000 	 842.36499349 	 0.02233978 	 4.03062066 
0.52600000 	 841.43848658 	 0.02235076 	 4.03062066 
0.52700000 	 840.21395982 	 0.02236494 	 4.03062066 
0.52800000 	 838.67089929 	 0.02238675 	 4.03062066 
0.52900000 	 836.78892724 	 0.02241663 	 4.03062066 
0.53000000 	 834.55032512 	 0.02245194 	 4.03062066 
0.53100000 	 831.94147872 	 0.02249137 	 4.03062066 
0.53200000 	 828.95057680 	 0.02253542 	 4.03062066 
0.53300000 	 825.56869296 	 0.02258230 	 4.03062066 
0.53400000 	 821.79384518 	 0.02263143 	 4.03062066 
0.53500000 	 817.62976356 	 0.02268515 	 4.03062066 
0.53600000 	 813.08615035 	 0.02274194 	 4.03062066 
0.53700000 	 808.18083675 	 0.02280161 	 4.03062066 
0.53800000 	 802.94121795 	 0.02286668 	 4.03062066 
0.53900000 	 797.40513090 	 0.02293700 	 4.03062066 
0.54000000 	 791.61801546 	 0.02301196 	 4.03062066 
0.54100000 	 785.63384287 	 0.02308975 	 4.03062066 
0.54200000 	 779.51607028 	 0.02317052 	 4.03062066 
0.54300000 	 773.33571959 	 0.02325338 	 4.03062066 
0.54400000 	 767.17135328 	 0.02333839 	 4.03062066 
0.54500000 	 761.11109024 	 0.02341972 	 4.03062066 
0.54600000 	 755.25299834 	 0.02349519 	 4.03062066 
0.54700000 	 749.70226257 	 0.02356281 	 4.03062066 
0.54800000 	 744.56642747 	 0.02361997 	 4.03062066 
0.54900000 	 739.95204345 	 0.02366891 	 4.03062066 
0.55000000 	 735.96059598 	 0.02370744 	 4.03062066 
0.55100000 	 732.68336381 	 0.02373439 	 4.03062066 
0.55200000 	 730.19850245 	 0.02375195 	 4.03062066 
0.55300000 	 728.57029856 	 0.02375948 	 4.03062066 
0.55400000 	 727.85064367 	 0.02375433 	 4.03062066 
0.55500000 	 728.07590750 	 0.02373515 	 4.03062066 
0.55600000 	 729.26485612 	 0.02370259 	 4.03062066 
0.55700000 	 731.42036469 	 0.02365542 	 4.03062066 
0.55800000 	 734.52854259 	 0.02359640 	 4.03062066 
0.55900000 	 738.55935817 	 0.02352048 	 4.03062066 
0.56000000 	 743.46729668 	 0.02343133 	 4.03062066 
0.56100000 	 749.19185643 	 0.02333051 	 4.03062066 
0.56200000 	 755.65827510 	 0.02321575 	 4.03062066 
0.56300000 	 762.77828284 	 0.02309048 	 4.03062066 
0.56400000 	 770.45437884 	 0.02295518 	 4.03062066 
0.56500000 	 778.58438044 	 0.02281204 	 4.03062066 
0.56600000 	 787.06305836 	 0.02266361 	 4.03062066 
0.56700000 	 795.78121031 	 0.02251321 	 4.03062066 
0.56800000 	 804.62489637 	 0.02236229 	 4.03062066 
0.56900000 	 813.47961680 	 0.02221244 	 4.03062066 
0.57000000 	 822.23520146 	 0.02206437 	 4.03062066 
0.57100000 	 830.78628499 	 0.02192213 	 4.03062066 
0.57200000 	 839.03113147 	 0.02178714 	 4.03062066 
0.57300000 	 846.87060212 	 0.02165745 	 4.03062066 
0.57400000 	 854.21190083 	 0.02153560 	 4.03062066 
0.57500000 	 860.97096308 	 0.02142335 	 4.03062066 
0.57600000 	 867.07112908 	 0.02132207 	 4.03062066 
0.57700000 	 872.44472625 	 0.02123273 	 4.03062066 
0.57800000 	 877.03421613 	 0.02115808 	 4.03062066 
0.57900000 	 880.79217692 	 0.02109863 	 4.03062066 
0.58000000 	 883.68246562 	 0.02105580 	 4.03062066 
0.58100000 	 885.67955553 	 0.02103448 	 4.03062066 
0.58200000 	 886.76660281 	 0.02103233 	 4.03062066 
0.58300000 	 886.93681253 	 0.02105139 	 4.03062066 
0.58400000 	 886.19435252 	 0.02109140 	 4.03062066 
0.58500000 	 884.55218975 	 0.02115284 	 4.03062066 
0.58600000 	 882.03051531 	 0.02123567 	 4.03062066 
0.58700000 	 878.65977109 	 0.02133899 	 4.03062066 
0.58800000 	 874.48160035 	 0.02145908 	 4.03062066 
0.58900000 	 869.54829068 	 0.02159463 	 4.03062066 
0.59000000 	 863.92188480 	 0.02174660 	 4.03062066 
0.59100000 	 857.67123864 	 0.02191223 	 4.03062066 
0.59200000 	 850.87221894 	 0.02208219 	 4.03062066 
0.59300000 	 843.60631232 	 0.02225552 	 4.03062066 
0.59400000 	 835.96065938 	 0.02243243 	 4.03062066 
0.59500000 	 828.02911064 	 0.02261116 	 4.03062066 
0.59600000 	 819.90804755 	 0.02279043 	 4.03062066 
0.59700000 	 811.69667867 	 0.02296546 	 4.03062066 
0.59800000 	 803.49980730 	 0.02313631 	 4.03062066 
0.59900000 	 795.42882568 	 0.02329737 	 4.03062066 
0.60000000 	 787.60128382 	 0.02344626 	 4.03062066 
0.60100000 	 780.13637109 	 0.02358531 	 4.03062066 
0.60200000 	 773.14977770 	 0.02371217 	 4.03062066 
0.60300000 	 766.74929108 	 0.02382632 	 4.03062066 
0.60400000 	 761.03208563 	 0.02392491 	 4.03062066 
0.60500000 	 756.08063693 	 0.02400841 	 4.03062066 
0.60600000 	 751.95975827 	 0.02407372 	 4.03062066 
0.60700000 	 748.71886449 	 0.02412538 	 4.03062066 
0.60800000 	 746.39287728 	 0.02416146 	 4.03062066 
0.60900000 	 745.00063602 	 0.02418391 	 4.03062066 
0.61000000 	 744.54259443 	 0.02419097 	 4.03062066 
0.61100000 	 744.99725591 	 0.02418331 	 4.03062066 
0.61200000 	 746.32220923 	 0.02416261 	 4.03062066 
0.61300000 	 748.45963432 	 0.02413112 	 4.03062066 
0.61400000 	 751.33774133 	 0.02408787 	 4.03062066 
0.61500000 	 754.87157782 	 0.02403337 	 4.03062066 
0.61600000 	 758.96778568 	 0.02396844 	 4.03062066 
0.61700000 	 763.52827435 	 0.02389160 	 4.03062066 
0.61800000 	 768.45343937 	 0.02380734 	 4.03062066 
0.61900000 	 773.64349774 	 0.02371214 	 4.03062066 
0.62000000 	 778.99908200 	 0.02360802 	 4.03062066 
0.62100000 	 784.42480614 	 0.02349676 	 4.03062066 
0.62200000 	 789.83123315 	 0.02337967 	 4.03062066 
0.62300000 	 795.13523192 	 0.02326069 	 4.03062066 
0.62400000 	 800.26170548 	 0.02314250 	 4.03062066 
0.62500000 	 805.14535283 	 0.02302790 	 4.03062066 
0.62600000 	 809.73130236 	 0.02291859 	 4.03062066 
0.62700000 	 813.97480488 	 0.02281635 	 4.03062066 
0.62800000 	 817.84054930 	 0.02272475 	 4.03062066 
0.62900000 	 821.30139730 	 0.02264341 	 4.03062066 
0.63000000 	 824.33610334 	 0.02257228 	 4.03062066 
0.63100000 	 826.92971443 	 0.02251397 	 4.03062066 
0.63200000 	 829.07400524 	 0.02246655 	 4.03062066 
0.63300000 	 830.76721877 	 0.02242892 	 4.03062066 
0.63400000 	 832.01437186 	 0.02239967 	 4.03062066 
0.63500000 	 832.82725005 	 0.02237652 	 4.03062066 
0.63600000 	 833.22174995 	 0.02235575 	 4.03062066 
0.63700000 	 833.21513797 	 0.02233410 	 4.03062066 
0.63800000 	 832.82795700 	 0.02231321 	 4.03062066 
0.63900000 	 832.08464426 	 0.02229364 	 4.03062066 
0.64000000 	 831.01042455 	 0.02227839 	 4.03062066 
0.64100000 	 829.63024493 	 0.02227003 	 4.03062066 
0.64200000 	 827.96997162 	 0.02227220 	 4.03062066 
0.64300000 	 826.05541657 	 0.02228552 	 4.03062066 
0.64400000 	 823.91022073 	 0.02230743 	 4.03062066 
0.64500000 	 821.55372468 	 0.02233852 	 4.03062066 
0.64600000 	 819.00152601 	 0.02237803 	 4.03062066 
0.64700000 	 816.26891530 	 0.02242877 	 4.03062066 
0.64800000 	 813.37092441 	 0.02248233 	 4.03062066 
0.64900000 	 810.32171497 	 0.02254368 	 4.03062066 
0.65000000 	 807.13612897 	 0.02260876 	 4.03062066 
0.65100000 	 803.82984894 	 0.02267469 	 4.03062066 
0.65200000 	 800.42075395 	 0.02274323 	 4.03062066 
0.65300000 	 796.93198264 	 0.02281122 	 4.03062066 
0.65400000 	 793.39068370 	 0.02287790 	 4.03062066 
0.65500000 	 789.82423543 	 0.02294260 	 4.03062066 
0.65600000 	 786.26087800 	 0.02300371 	 4.03062066 
0.65700000 	 782.73212304 	 0.02305947 	 4.03062066 
0.65800000 	 779.27331856 	 0.02311283 	 4.03062066 
0.65900000 	 775.92096185 	 0.02315844 	 4.03062066 
0.66000000 	 772.70981337 	 0.02319845 	 4.03062066 
0.66100000 	 769.67509595 	 0.02323324 	 4.03062066 
0.66200000 	 766.85334566 	 0.02326354 	 4.03062066 
0.66300000 	 764.28076242 	 0.02328824 	 4.03062066 
0.66400000 	 761.99267861 	 0.02330717 	 4.03062066 
0.66500000 	 760.02371435 	 0.02331999 	 4.03062066 
0.66600000 	 758.40644581 	 0.02333060 	 4.03062066 
0.66700000 	 757.16865148 	 0.02333700 	 4.03062066 
0.66800000 	 756.33033118 	 0.02334166 	 4.03062066 
0.66900000 	 755.90311660 	 0.02334210 	 4.03062066 
0.67000000 	 755.89014420 	 0.02334168 	 4.03062066 
0.67100000 	 756.28449612 	 0.02334352 	 4.03062066 
0.67200000 	 757.07041405 	 0.02334604 	 4.03062066 
0.67300000 	 758.22515400 	 0.02335158 	 4.03062066 
0.67400000 	 759.71757800 	 0.02335678 	 4.03062066 
0.67500000 	 761.50515776 	 0.02335880 	 4.03062066 
0.67600000 	 763.53699467 	 0.02335745 	 4.03062066 
0.67700000 	 765.75808080 	 0.02335378 	 4.03062066 
0.67800000 	 768.11115644 	 0.02334518 	 4.03062066 
0.67900000 	 770.53807553 	 0.02333305 	 4.03062066 
0.68000000 	 772.98093525 	 0.02332162 	 4.03062066 
0.68100000 	 775.38658868 	 0.02331012 	 4.03062066 
0.68200000 	 777.70984720 	 0.02329956 	 4.03062066 
0.68300000 	 779.91249597 	 0.02328926 	 4.03062066 
0.68400000 	 781.96511697 	 0.02327923 	 4.03062066 
0.68500000 	 783.85051865 	 0.02327304 	 4.03062066 
0.68600000 	 785.56386096 	 0.02326683 	 4.03062066 
0.68700000 	 787.11256011 	 0.02325929 	 4.03062066 
0.68800000 	 788.51677310 	 0.02325089 	 4.03062066 
0.68900000 	 789.80950049 	 0.02324284 	 4.03062066 
0.69000000 	 791.03327951 	 0.02323307 	 4.03062066 
0.69100000 	 792.23523865 	 0.02322551 	 4.03062066 
0.69200000 	 793.46357150 	 0.02321621 	 4.03062066 
0.69300000 	 794.76688529 	 0.02320622 	 4.03062066 
0.69400000 	 796.19491159 	 0.02319204 	 4.03062066 
0.69500000 	 797.79532580 	 0.02317309 	 4.03062066 
0.69600000 	 799.61056582 	 0.02314811 	 4.03062066 
0.69700000 	 801.67899534 	 0.02311539 	 4.03062066 
0.69800000 	 804.03425914 	 0.02307762 	 4.03062066 
0.69900000 	 806.70073555 	 0.02303250 	 4.03062066 
0.70000000 	 809.69004711 	 0.02297755 	 4.03062066 
0.70100000 	 813.00217684 	 0.02291265 	 4.03062066 
0.70200000 	 816.62560209 	 0.02283787 	 4.03062066 
0.70300000 	 820.53666743 	 0.02275713 	 4.03062066 
0.70400000 	 824.70070908 	 0.02266932 	 4.03062066 
0.70500000 	 829.07375446 	 0.02257685 	 4.03062066 
0.70600000 	 833.60488014 	 0.02248103 	 4.03062066 
0.70700000 	 838.23729899 	 0.02238515 	 4.03062066 
0.70800000 	 842.90800756 	 0.02229115 	 4.03062066 
0.70900000 	 847.54886500 	 0.02220029 	 4.03062066 
0.71000000 	 852.08989370 	 0.02211573 	 4.03062066 
0.71100000 	 856.45995603 	 0.02203673 	 4.03062066 
0.71200000 	 860.58598230 	 0.02196744 	 4.03062066 
0.71300000 	 864.39603647 	 0.02190787 	 4.03062066 
0.71400000 	 867.82241343 	 0.02186170 	 4.03062066 
0.71500000 	 870.80117262 	 0.02182704 	 4.03062066 
0.71600000 	 873.27326519 	 0.02180302 	 4.03062066 
0.71700000 	 875.18620594 	 0.02179151 	 4.03062066 
0.71800000 	 876.49386567 	 0.02178979 	 4.03062066 
0.71900000 	 877.15623327 	 0.02180206 	 4.03062066 
0.72000000 	 877.14177729 	 0.02182419 	 4.03062066 
0.72100000 	 876.42991485 	 0.02185826 	 4.03062066 
0.72200000 	 875.01189522 	 0.02190206 	 4.03062066 
0.72300000 	 872.88887402 	 0.02195360 	 4.03062066 
0.72400000 	 870.07095139 	 0.02201388 	 4.03062066 
0.72500000 	 866.57601515 	 0.02208153 	 4.03062066 
0.72600000 	 862.43016098 	 0.02215570 	 4.03062066 
0.72700000 	 857.66804112 	 0.02223611 	 4.03062066 
0.72800000 	 852.33044590 	 0.02232405 	 4.03062066 
0.72900000 	 846.46541871 	 0.02241622 	 4.03062066 
0.73000000 	 840.12865328 	 0.02251227 	 4.03062066 
0.73100000 	 833.38013130 	 0.02261267 	 4.03062066 
0.73200000 	 826.28356275 	 0.02271482 	 4.03062066 
0.73300000 	 818.90777076 	 0.02282194 	 4.03062066 
0.73400000 	 811.32742617 	 0.02293033 	 4.03062066 
0.73500000 	 803.62173798 	 0.02303980 	 4.03062066 
0.73600000 	 795.87047538 	 0.02314852 	 4.03062066 
0.73700000 	 788.15403563 	 0.02325595 	 4.03062066 
0.73800000 	 780.55636981 	 0.02335944 	 4.03062066 
0.73900000 	 773.16626929 	 0.02345918 	 4.03062066 
0.74000000 	 766.07494445 	 0.02355831 	 4.03062066 
0.74100000 	 759.37546988 	 0.02365444 	 4.03062066 
0.74200000 	 753.16175958 	 0.02374851 	 4.03062066 
0.74300000 	 747.52392745 	 0.02383802 	 4.03062066 
0.74400000 	 742.54375665 	 0.02392112 	 4.03062066 
0.74500000 	 738.29000736 	 0.02399774 	 4.03062066 
0.74600000 	 734.81711560 	 0.02406580 	 4.03062066 
0.74700000 	 732.16610922 	 0.02412096 	 4.03062066 
0.74800000 	 730.36425502 	 0.02416257 	 4.03062066 
0.74900000 	 729.42386565 	 0.02418758 	 4.03062066 
0.75000000 	 729.34127217 	 0.02420155 	 4.03062066 
0.75100000 	 730.09642804 	 0.02420017 	 4.03062066 
0.75200000 	 731.65298479 	 0.02418306 	 4.03062066 
0.75300000 	 733.95901520 	 0.02415015 	 4.03062066 
0.75400000 	 736.94747831 	 0.02410320 	 4.03062066 
0.75500000 	 740.53738623 	 0.02404252 	 4.03062066 
0.75600000 	 744.63672650 	 0.02397031 	 4.03062066 
0.75700000 	 749.14459692 	 0.02388712 	 4.03062066 
0.75800000 	 753.95283531 	 0.02379286 	 4.03062066 
0.75900000 	 758.94829482 	 0.02369223 	 4.03062066 
0.76000000 	 764.01626854 	 0.02358740 	 4.03062066 
0.76100000 	 769.04590921 	 0.02348118 	 4.03062066 
0.76200000 	 773.93538358 	 0.02337548 	 4.03062066 
0.76300000 	 778.59413464 	 0.02327096 	 4.03062066 
0.76400000 	 782.94611562 	 0.02317149 	 4.03062066 
0.76500000 	 786.93114640 	 0.02307406 	 4.03062066 
0.76600000 	 790.50268843 	 0.02298002 	 4.03062066 
0.76700000 	 793.62755842 	 0.02288968 	 4.03062066 
0.76800000 	 796.28670024 	 0.02280482 	 4.03062066 
0.76900000 	 798.47347028 	 0.02273058 	 4.03062066 
0.77000000 	 800.19228035 	 0.02266522 	 4.03062066 
0.77100000 	 801.45553450 	 0.02260845 	 4.03062066 
0.77200000 	 802.28004486 	 0.02256025 	 4.03062066 
0.77300000 	 802.68892403 	 0.02251929 	 4.03062066 
0.77400000 	 802.71264714 	 0.02248549 	 4.03062066 
0.77500000 	 802.38791657 	 0.02245631 	 4.03062066 
0.77600000 	 801.75619321 	 0.02243211 	 4.03062066 
0.77700000 	 800.86381147 	 0.02241392 	 4.03062066 
0.77800000 	 799.76059517 	 0.02240021 	 4.03062066 
0.77900000 	 798.49919271 	 0.02239274 	 4.03062066 
0.78000000 	 797.13745377 	 0.02238585 	 4.03062066 
0.78100000 	 795.73619243 	 0.02238076 	 4.03062066 
0.78200000 	 794.35756626 	 0.02237791 	 4.03062066 
0.78300000 	 793.06611368 	 0.02237581 	 4.03062066 
0.78400000 	 791.92579369 	 0.02237364 	 4.03062066 
0.78500000 	 790.99602864 	 0.02236950 	 4.03062066 
0.78600000 	 790.33026532 	 0.02236237 	 4.03062066 
0.78700000 	 789.97422282 	 0.02235215 	 4.03062066 
0.78800000 	 789.96427586 	 0.02233778 	 4.03062066 
0.78900000 	 790.32509830 	 0.02231743 	 4.03062066 
0.79000000 	 791.06860632 	 0.02229392 	 4.03062066 
0.79100000 	 792.19641420 	 0.02226423 	 4.03062066 
0.79200000 	 793.69842580 	 0.02223092 	 4.03062066 
0.79300000 	 795.55070218 	 0.02219220 	 4.03062066 
0.79400000 	 797.71793632 	 0.02214967 	 4.03062066 
0.79500000 	 800.15740671 	 0.02210732 	 4.03062066 
0.79600000 	 802.82146521 	 0.02206454 	 4.03062066 
0.79700000 	 805.65986537 	 0.02202381 	 4.03062066 
0.79800000 	 808.62069017 	 0.02198440 	 4.03062066 
0.79900000 	 811.64785404 	 0.02194796 	 4.03062066 
0.80000000 	 814.68257618 	 0.02191423 	 4.03062066 
0.80100000 	 817.67017680 	 0.02188399 	 4.03062066 
0.80200000 	 820.56309665 	 0.02185676 	 4.03062066 
0.80300000 	 823.32027509 	 0.02183448 	 4.03062066 
0.80400000 	 825.90574174 	 0.02181730 	 4.03062066 
0.80500000 	 828.28585371 	 0.02180557 	 4.03062066 
0.80600000 	 830.43118442 	 0.02180178 	 4.03062066 
0.80700000 	 832.31874819 	 0.02180448 	 4.03062066 
0.80800000 	 833.93165778 	 0.02181355 	 4.03062066 
0.80900000 	 835.25891791 	 0.02182927 	 4.03062066 
0.81000000 	 836.29229328 	 0.02185168 	 4.03062066 
0.81100000 	 837.02563432 	 0.02187761 	 4.03062066 
0.81200000 	 837.45475779 	 0.02190840 	 4.03062066 
0.81300000 	 837.57548674 	 0.02194402 	 4.03062066 
0.81400000 	 837.38523151 	 0.02198691 	 4.03062066 
0.81500000 	 836.88449343 	 0.02203708 	 4.03062066 
0.81600000 	 836.07709045 	 0.02209373 	 4.03062066 
0.81700000 	 834.96908999 	 0.02215515 	 4.03062066 
0.81800000 	 833.56920372 	 0.02222413 	 4.03062066 
0.81900000 	 831.89316332 	 0.02230105 	 4.03062066 
0.82000000 	 829.96369715 	 0.02238245 	 4.03062066 
0.82100000 	 827.80799599 	 0.02246794 	 4.03062066 
0.82200000 	 825.45604932 	 0.02255708 	 4.03062066 
0.82300000 	 822.94140950 	 0.02264831 	 4.03062066 
0.82400000 	 820.30126466 	 0.02274047 	 4.03062066 
0.82500000 	 817.57312627 	 0.02283411 	 4.03062066 
0.82600000 	 814.79392528 	 0.02292791 	 4.03062066 
0.82700000 	 812.00000938 	 0.02301902 	 4.03062066 
0.82800000 	 809.22713737 	 0.02311286 	 4.03062066 
0.82900000 	 806.51031793 	 0.02320650 	 4.03062066 
0.83000000 	 803.88302284 	 0.02329770 	 4.03062066 
0.83100000 	 801.37660873 	 0.02338444 	 4.03062066 
0.83200000 	 799.01861994 	 0.02346784 	 4.03062066 
0.83300000 	 796.83209061 	 0.02354470 	 4.03062066 
0.83400000 	 794.83499593 	 0.02361808 	 4.03062066 
0.83500000 	 793.04087383 	 0.02368706 	 4.03062066 
0.83600000 	 791.45937853 	 0.02374829 	 4.03062066 
0.83700000 	 790.09409872 	 0.02380194 	 4.03062066 
0.83800000 	 788.94284234 	 0.02385233 	 4.03062066 
0.83900000 	 787.99946091 	 0.02389705 	 4.03062066 
0.84000000 	 787.25614763 	 0.02393684 	 4.03062066 
0.84100000 	 786.70395209 	 0.02396911 	 4.03062066 
0.84200000 	 786.33101714 	 0.02399337 	 4.03062066 
0.84300000 	 786.12431203 	 0.02400918 	 4.03062066 
0.84400000 	 786.07147214 	 0.02401501 	 4.03062066 
0.84500000 	 786.16054485 	 0.02401261 	 4.03062066 
0.84600000 	 786.38058280 	 0.02400167 	 4.03062066 
0.84700000 	 786.72386845 	 0.02398058 	 4.03062066 
0.84800000 	 787.18707758 	 0.02394888 	 4.03062066 
0.84900000 	 787.77179532 	 0.02390671 	 4.03062066 
0.85000000 	 788.48446810 	 0.02385878 	 4.03062066 
0.85100000 	 789.33474992 	 0.02380360 	 4.03062066 
0.85200000 	 790.33427199 	 0.02374373 	 4.03062066 
0.85300000 	 791.49525746 	 0.02368185 	 4.03062066 
0.85400000 	 792.82809923 	 0.02361654 	 4.03062066 
0.85500000 	 794.33947393 	 0.02355059 	 4.03062066 
0.85600000 	 796.03288945 	 0.02348395 	 4.03062066 
0.85700000 	 797.91027373 	 0.02341767 	 4.03062066 
0.85800000 	 799.97090792 	 0.02334977 	 4.03062066 
0.85900000 	 802.20916281 	 0.02328252 	 4.03062066 
0.86000000 	 804.61107485 	 0.02321572 	 4.03062066 
0.86100000 	 807.15390985 	 0.02314933 	 4.03062066 
0.86200000 	 809.80752449 	 0.02308206 	 4.03062066 
0.86300000 	 812.53449307 	 0.02301663 	 4.03062066 
0.86400000 	 815.29147640 	 0.02295621 	 4.03062066 
0.86500000 	 818.03211508 	 0.02289938 	 4.03062066 
0.86600000 	 820.70873257 	 0.02284652 	 4.03062066 
0.86700000 	 823.27201354 	 0.02279786 	 4.03062066 
0.86800000 	 825.67182677 	 0.02275111 	 4.03062066 
0.86900000 	 827.85762951 	 0.02270726 	 4.03062066 
0.87000000 	 829.78072689 	 0.02266439 	 4.03062066 
0.87100000 	 831.39681447 	 0.02262296 	 4.03062066 
0.87200000 	 832.66750798 	 0.02258286 	 4.03062066 
0.87300000 	 833.56199824 	 0.02254636 	 4.03062066 
0.87400000 	 834.05953313 	 0.02251312 	 4.03062066 
0.87500000 	 834.15298362 	 0.02248051 	 4.03062066 
0.87600000 	 833.85120559 	 0.02244985 	 4.03062066 
0.87700000 	 833.17885518 	 0.02242129 	 4.03062066 
0.87800000 	 832.17471949 	 0.02239469 	 4.03062066 
0.87900000 	 830.88677855 	 0.02237106 	 4.03062066 
0.88000000 	 829.36995625 	 0.02235060 	 4.03062066 
0.88100000 	 827.68470969 	 0.02233355 	 4.03062066 
0.88200000 	 825.88970085 	 0.02232008 	 4.03062066 
0.88300000 	 824.04001951 	 0.02231102 	 4.03062066 
0.88400000 	 822.18704645 	 0.02230600 	 4.03062066 
0.88500000 	 820.37736376 	 0.02230463 	 4.03062066 
0.88600000 	 818.65273910 	 0.02230605 	 4.03062066 
0.88700000 	 817.04562544 	 0.02231017 	 4.03062066 
0.88800000 	 815.57602976 	 0.02231735 	 4.03062066 
0.88900000 	 814.25177936 	 0.02232487 	 4.03062066 
0.89000000 	 813.06940090 	 0.02233370 	 4.03062066 
0.89100000 	 812.01687475 	 0.02234377 	 4.03062066 
0.89200000 	 811.07597097 	 0.02235646 	 4.03062066 
0.89300000 	 810.22222196 	 0.02237049 	 4.03062066 
0.89400000 	 809.42776399 	 0.02238605 	 4.03062066 
0.89500000 	 808.66618453 	 0.02240332 	 4.03062066 
0.89600000 	 807.91277215 	 0.02242096 	 4.03062066 
0.89700000 	 807.14354225 	 0.02243659 	 4.03062066 
0.89800000 	 806.33497073 	 0.02245232 	 4.03062066 
0.89900000 	 805.46503189 	 0.02246979 	 4.03062066 
0.90000000 	 804.51506499 	 0.02248805 	 4.03062066 
0.90100000 	 803.47013800 	 0.02250883 	 4.03062066 
0.90200000 	 802.32040018 	 0.02252926 	 4.03062066 
0.90300000 	 801.06320385 	 0.02254991 	 4.03062066 
0.90400000 	 799.70307788 	 0.02257045 	 4.03062066 
0.90500000 	 798.25088393 	 0.02259070 	 4.03062066 
0.90600000 	 796.72183727 	 0.02260877 	 4.03062066 
0.90700000 	 795.13188037 	 0.02262392 	 4.03062066 
0.90800000 	 793.49723053 	 0.02263813 	 4.03062066 
0.90900000 	 791.83449094 	 0.02265522 	 4.03062066 
0.91000000 	 790.16144084 	 0.02267422 	 4.03062066 
0.91100000 	 788.49918451 	 0.02269793 	 4.03062066 
0.91200000 	 786.87161603 	 0.02272297 	 4.03062066 
0.91300000 	 785.30423016 	 0.02275162 	 4.03062066 
0.91400000 	 783.82385543 	 0.02278138 	 4.03062066 
0.91500000 	 782.45864217 	 0.02280867 	 4.03062066 
0.91600000 	 781.23473948 	 0.02283484 	 4.03062066 
0.91700000 	 780.17466641 	 0.02285831 	 4.03062066 
0.91800000 	 779.30002985 	 0.02287911 	 4.03062066 
0.91900000 	 778.63046333 	 0.02289738 	 4.03062066 
0.92000000 	 778.18117260 	 0.02291110 	 4.03062066 
0.92100000 	 777.96266350 	 0.02292226 	 4.03062066 
0.92200000 	 777.98123260 	 0.02293124 	 4.03062066 
0.92300000 	 778.23650575 	 0.02293714 	 4.03062066 
0.92400000 	 778.71775109 	 0.02293991 	 4.03062066 
0.92500000 	 779.40591012 	 0.02293887 	 4.03062066 
0.92600000 	 780.27835113 	 0.02293383 	 4.03062066 
0.92700000 	 781.30862106 	 0.02292349 	 4.03062066 
0.92800000 	 782.46377129 	 0.02290769 	 4.03062066 
0.92900000 	 783.70411917 	 0.02289021 	 4.03062066 
0.93000000 	 784.98497034 	 0.02287072 	 4.03062066 
0.93100000 	 786.26267420 	 0.02285250 	 4.03062066 
0.93200000 	 787.50029183 	 0.02283385 	 4.03062066 
0.93300000 	 788.66808411 	 0.02281779 	 4.03062066 
0.93400000 	 789.74400326 	 0.02280446 	 4.03062066 
0.93500000 	 790.71427122 	 0.02279352 	 4.03062066 
0.93600000 	 791.57312905 	 0.02278809 	 4.03062066 
0.93700000 	 792.32284053 	 0.02278466 	 4.03062066 
0.93800000 	 792.97245301 	 0.02278718 	 4.03062066 
0.93900000 	 793.53776400 	 0.02279292 	 4.03062066 
0.94000000 	 794.03976349 	 0.02280190 	 4.03062066 
0.94100000 	 794.50249788 	 0.02281190 	 4.03062066 
0.94200000 	 794.95448335 	 0.02281970 	 4.03062066 
0.94300000 	 795.42946156 	 0.02282431 	 4.03062066 
0.94400000 	 795.96413113 	 0.02282107 	 4.03062066 
0.94500000 	 796.59538989 	 0.02280895 	 4.03062066 
0.94600000 	 797.35650850 	 0.02278828 	 4.03062066 
0.94700000 	 798.27127255 	 0.02275626 	 4.03062066 
0.94800000 	 799.35321668 	 0.02271561 	 4.03062066 
0.94900000 	 800.60512302 	 0.02266822 	 4.03062066 
0.95000000 	 802.01673758 	 0.02261441 	 4.03062066 
0.95100000 	 803.56799603 	 0.02255380 	 4.03062066 
0.95200000 	 805.23025103 	 0.02249005 	 4.03062066 
0.95300000 	 806.96421455 	 0.02242743 	 4.03062066 
0.95400000 	 808.71845210 	 0.02236575 	 4.03062066 
0.95500000 	 810.43132215 	 0.02230598 	 4.03062066 
0.95600000 	 812.03795023 	 0.02224845 	 4.03062066 
0.95700000 	 813.47441542 	 0.02219363 	 4.03062066 
0.95800000 	 814.67747600 	 0.02214434 	 4.03062066 
0.95900000 	 815.58560432 	 0.02210285 	 4.03062066 
0.96000000 	 816.14165858 	 0.02207161 	 4.03062066 
0.96100000 	 816.29465748 	 0.02204734 	 4.03062066 
0.96200000 	 816.00276632 	 0.02203105 	 4.03062066 
0.96300000 	 815.23806941 	 0.02202400 	 4.03062066 
0.96400000 	 813.98874547 	 0.02202763 	 4.03062066 
0.96500000 	 812.25871267 	 0.02204164 	 4.03062066 
0.96600000 	 810.06688637 	 0.02206145 	 4.03062066 
0.96700000 	 807.44643420 	 0.02209025 	 4.03062066 
0.96800000 	 804.44433389 	 0.02212509 	 4.03062066 
0.96900000 	 801.12085883 	 0.02216682 	 4.03062066 
0.97000000 	 797.54886203 	 0.02221504 	 4.03062066 
0.97100000 	 793.81239372 	 0.02226792 	 4.03062066 
0.97200000 	 790.00480875 	 0.02232284 	 4.03062066 
0.97300000 	 786.22639601 	 0.02237774 	 4.03062066 
0.97400000 	 782.58019575 	 0.02243451 	 4.03062066 
0.97500000 	 779.16940765 	 0.02248977 	 4.03062066 
0.97600000 	 776.09482011 	 0.02254402 	 4.03062066 
0.97700000 	 773.44925204 	 0.02259538 	 4.03062066 
0.97800000 	 771.31482033 	 0.02264267 	 4.03062066 
0.97900000 	 769.76056010 	 0.02268339 	 4.03062066 
0.98000000 	 768.83933704 	 0.02271809 	 4.03062066 
0.98100000 	 768.58558426 	 0.02274809 	 4.03062066 
0.98200000 	 769.01436865 	 0.02277106 	 4.03062066 
0.98300000 	 770.12356567 	 0.02278237 	 4.03062066 
0.98400000 	 771.89280898 	 0.02278574 	 4.03062066 
0.98500000 	 774.28088022 	 0.02277944 	 4.03062066 
0.98600000 	 777.23015531 	 0.02276498 	 4.03062066 
0.98700000 	 780.67108829 	 0.02274035 	 4.03062066 
0.98800000 	 784.52441084 	 0.02270494 	 4.03062066 
0.98900000 	 788.70249427 	 0.02265857 	 4.03062066 
0.99000000 	 793.11198294 	 0.02260525 	 4.03062066 
0.99100000 	 797.66006651 	 0.02254464 	 4.03062066 
0.99200000 	 802.25780638 	 0.02247596 	 4.03062066 
0.99300000 	 806.81807398 	 0.02240203 	 4.03062066 
0.99400000 	 811.25713891 	 0.02232297 	 4.03062066 
0.99500000 	 815.49842900 	 0.02224082 	 4.03062066 
0.99600000 	 819.47367985 	 0.02215884 	 4.03062066 
0.99700000 	 823.12685481 	 0.02207741 	 4.03062066 
0.99800000 	 826.41675031 	 0.02199681 	 4.03062066 
0.99900000 	 829.31436124 	 0.02192122 	 4.03062066 
1.00000000 	 831.80018278 	 0.02185364 	 4.03062066 
