0.0000 	 1.6743 	 35.7259 
0.0500 	 1.6325 	 34.9008 
0.1000 	 1.7545 	 32.5225 
0.1499 	 1.7401 	 28.7675 
0.1999 	 1.8817 	 23.9044 
0.2499 	 1.9963 	 18.2641 
0.2999 	 2.2522 	 12.2059 
0.3498 	 2.4137 	 6.0858 
0.3998 	 2.9069 	 0.2298 
0.4498 	 2.7261 	 -5.0861 
0.4998 	 3.1123 	 -9.6489 
0.5497 	 3.5413 	 -13.3143 
0.5997 	 3.7370 	 -16.0077 
0.6497 	 4.3518 	 -17.7195 
0.6997 	 5.0516 	 -18.4977 
0.7496 	 5.0588 	 -18.4373 
0.7996 	 5.8224 	 -17.6690 
0.8496 	 6.9832 	 -16.3460 
0.8996 	 7.9780 	 -14.6325 
0.9495 	 6.9027 	 -12.6914 
0.9995 	 8.3170 	 -10.6745 
1.0495 	 10.7708 	 -8.7137 
1.0995 	 9.5160 	 -6.9145 
1.1494 	 10.6240 	 -5.3522 
1.1994 	 11.2827 	 -4.0699 
1.2494 	 13.5264 	 -3.0794 
1.2994 	 13.8658 	 -2.3642 
1.3493 	 16.2364 	 -1.8847 
1.3993 	 15.4160 	 -1.5841 
1.4493 	 17.4880 	 -1.3962 
1.4993 	 20.0436 	 -1.2524 
1.5492 	 23.6967 	 -1.0893 
1.5992 	 27.8401 	 -0.8542 
1.6492 	 29.2367 	 -0.5100 
1.6992 	 40.7487 	 -0.0379 
1.7491 	 50.1467 	 0.5615 
1.7991 	 49.7599 	 1.2691 
1.8491 	 55.7416 	 2.0503 
1.8991 	 91.1682 	 2.8582 
1.9490 	 165.5788 	 3.6390 
1.9990 	 255.4656 	 4.3371 
2.0490 	 256.3554 	 4.9002 
2.0990 	 194.7100 	 5.2840 
2.1489 	 143.1677 	 5.4561 
2.1989 	 91.7098 	 5.3989 
2.2489 	 86.5154 	 5.1102 
2.2989 	 97.7036 	 4.6038 
2.3488 	 139.8110 	 3.9078 
2.3988 	 163.8844 	 3.0623 
2.4488 	 137.5009 	 2.1159 
2.4988 	 191.7825 	 1.1223 
2.5487 	 195.9206 	 0.1360 
2.5987 	 158.0791 	 -0.7912 
2.6487 	 155.9671 	 -1.6138 
2.6987 	 163.4943 	 -2.2950 
2.7486 	 184.6151 	 -2.8090 
2.7986 	 165.6031 	 -3.1419 
2.8486 	 165.7461 	 -3.2919 
2.8986 	 232.3433 	 -3.2685 
2.9485 	 284.3465 	 -3.0912 
2.9985 	 262.6151 	 -2.7875 
3.0485 	 253.3292 	 -2.3904 
3.0985 	 241.2049 	 -1.9355 
3.1484 	 183.8339 	 -1.4591 
3.1984 	 195.1940 	 -0.9947 
3.2484 	 228.9118 	 -0.5717 
3.2984 	 193.7221 	 -0.2134 
3.3483 	 162.7675 	 0.0640 
3.3983 	 185.6628 	 0.2520 
3.4483 	 171.2161 	 0.3497 
3.4983 	 171.8579 	 0.3632 
3.5482 	 227.3215 	 0.3043 
3.5982 	 257.7126 	 0.1894 
3.6482 	 322.1315 	 0.0378 
3.6982 	 379.8639 	 -0.1299 
3.7481 	 440.7564 	 -0.2934 
3.7981 	 547.8918 	 -0.4342 
3.8481 	 490.4357 	 -0.5368 
3.8981 	 542.8472 	 -0.5897 
3.9480 	 666.9685 	 -0.5857 
3.9980 	 727.3876 	 -0.5225 
4.0480 	 726.6191 	 -0.4020 
4.0980 	 733.2940 	 -0.2305 
4.1479 	 782.2874 	 -0.0175 
4.1979 	 744.8584 	 0.2254 
4.2479 	 755.4320 	 0.4848 
4.2979 	 691.2279 	 0.7473 
4.3478 	 649.5216 	 0.9999 
4.3978 	 620.9306 	 1.2310 
4.4478 	 552.4671 	 1.4310 
4.4978 	 512.7156 	 1.5929 
4.5477 	 546.4036 	 1.7121 
4.5977 	 517.2264 	 1.7869 
4.6477 	 513.7184 	 1.8181 
4.6977 	 610.8666 	 1.8085 
4.7476 	 613.1298 	 1.7632 
4.7976 	 702.9715 	 1.6881 
4.8476 	 754.7448 	 1.5901 
4.8976 	 691.4770 	 1.4761 
4.9475 	 719.1091 	 1.3524 
4.9975 	 736.4328 	 1.2244 
5.0475 	 692.4591 	 1.0961 
5.0975 	 638.3411 	 0.9699 
5.1474 	 617.2910 	 0.8464 
5.1974 	 681.6771 	 0.7250 
5.2474 	 672.6000 	 0.6037 
5.2974 	 723.8392 	 0.4796 
5.3473 	 708.5095 	 0.3497 
5.3973 	 684.0381 	 0.2109 
5.4473 	 726.6370 	 0.0612 
5.4973 	 602.6601 	 -0.1007 
5.5472 	 584.5106 	 -0.2743 
5.5972 	 566.2881 	 -0.4575 
5.6472 	 537.0683 	 -0.6465 
5.6972 	 508.5966 	 -0.8361 
5.7471 	 534.8849 	 -1.0197 
5.7971 	 499.5197 	 -1.1902 
5.8471 	 550.9019 	 -1.3403 
5.8971 	 588.4166 	 -1.4630 
5.9470 	 543.5825 	 -1.5523 
5.9970 	 609.2251 	 -1.6036 
6.0470 	 706.8821 	 -1.6140 
6.0970 	 728.1815 	 -1.5825 
6.1469 	 652.3968 	 -1.5104 
6.1969 	 645.8605 	 -1.4007 
6.2469 	 608.1420 	 -1.2584 
6.2969 	 574.7833 	 -1.0901 
6.3468 	 473.6464 	 -0.9036 
6.3968 	 431.5346 	 -0.7073 
6.4468 	 411.5254 	 -0.5098 
6.4968 	 425.5132 	 -0.3193 
6.5467 	 451.2960 	 -0.1434 
6.5967 	 419.1673 	 0.0118 
6.6467 	 381.2008 	 0.1415 
6.6967 	 326.2584 	 0.2429 
6.7466 	 311.2080 	 0.3150 
6.7966 	 314.9426 	 0.3585 
6.8466 	 345.4533 	 0.3762 
6.8966 	 330.1498 	 0.3720 
6.9465 	 336.2223 	 0.3514 
6.9965 	 325.7198 	 0.3202 
7.0465 	 347.8948 	 0.2846 
7.0965 	 383.9153 	 0.2508 
7.1464 	 380.1476 	 0.2241 
7.1964 	 369.7583 	 0.2090 
7.2464 	 412.4703 	 0.2089 
7.2964 	 455.0696 	 0.2258 
7.3463 	 408.2413 	 0.2604 
7.3963 	 389.0321 	 0.3119 
7.4463 	 380.8883 	 0.3782 
7.4963 	 360.5091 	 0.4559 
7.5462 	 360.1576 	 0.5408 
7.5962 	 354.6859 	 0.6277 
7.6462 	 341.8699 	 0.7112 
7.6962 	 359.9829 	 0.7854 
7.7461 	 355.2225 	 0.8445 
7.7961 	 375.7099 	 0.8830 
7.8461 	 367.7435 	 0.8963 
7.8961 	 334.9020 	 0.8801 
7.9460 	 375.5426 	 0.8316 
7.9960 	 391.8251 	 0.7491 
8.0460 	 383.0009 	 0.6322 
8.0960 	 353.4283 	 0.4818 
8.1459 	 432.2074 	 0.3005 
8.1959 	 468.5642 	 0.0921 
8.2459 	 364.1831 	 -0.1384 
8.2959 	 392.4789 	 -0.3849 
8.3458 	 451.2979 	 -0.6402 
8.3958 	 441.0501 	 -0.8966 
8.4458 	 429.7725 	 -1.1461 
8.4958 	 400.0770 	 -1.3804 
8.5457 	 398.5880 	 -1.5917 
8.5957 	 404.8375 	 -1.7724 
8.6457 	 428.5033 	 -1.9159 
8.6957 	 405.7045 	 -2.0163 
8.7456 	 413.9923 	 -2.0692 
8.7956 	 457.7487 	 -2.0712 
8.8456 	 443.1955 	 -2.0204 
8.8956 	 448.0826 	 -1.9165 
8.9455 	 425.2247 	 -1.7610 
8.9955 	 382.6726 	 -1.5568 
9.0455 	 350.7425 	 -1.3086 
9.0955 	 388.8169 	 -1.0227 
9.1454 	 372.4675 	 -0.7067 
9.1954 	 361.9640 	 -0.3692 
9.2454 	 360.2123 	 -0.0196 
9.2954 	 298.0488 	 0.3323 
9.3453 	 294.1367 	 0.6767 
9.3953 	 307.9007 	 1.0042 
9.4453 	 268.1581 	 1.3061 
9.4953 	 261.8603 	 1.5748 
9.5452 	 281.4521 	 1.8035 
9.5952 	 265.1149 	 1.9872 
9.6452 	 245.9615 	 2.1220 
9.6952 	 207.5041 	 2.2058 
9.7451 	 205.8424 	 2.2378 
9.7951 	 213.2652 	 2.2188 
9.8451 	 205.0556 	 2.1511 
9.8951 	 199.0436 	 2.0382 
9.9450 	 168.2299 	 1.8849 
9.9950 	 162.0977 	 1.6969 
10.0450 	 154.8368 	 1.4810 
10.0950 	 155.1901 	 1.2446 
10.1449 	 147.0620 	 0.9955 
10.1949 	 118.2809 	 0.7414 
10.2449 	 115.0956 	 0.4900 
10.2949 	 125.8041 	 0.2485 
10.3448 	 124.2957 	 0.0231 
10.3948 	 126.5278 	 -0.1805 
10.4448 	 106.0075 	 -0.3581 
10.4948 	 107.2642 	 -0.5062 
10.5447 	 112.0495 	 -0.6228 
10.5947 	 101.1162 	 -0.7070 
10.6447 	 92.4338 	 -0.7591 
10.6947 	 85.1496 	 -0.7806 
10.7446 	 84.2693 	 -0.7743 
10.7946 	 68.4867 	 -0.7437 
10.8446 	 76.6876 	 -0.6933 
10.8946 	 74.2945 	 -0.6284 
10.9445 	 75.2607 	 -0.5544 
10.9945 	 68.2656 	 -0.4770 
11.0445 	 59.6941 	 -0.4019 
11.0945 	 58.3687 	 -0.3341 
11.1444 	 54.3087 	 -0.2781 
11.1944 	 59.7555 	 -0.2371 
11.2444 	 54.3813 	 -0.2132 
11.2944 	 51.0247 	 -0.2070 
11.3443 	 48.8177 	 -0.2175 
11.3943 	 46.3740 	 -0.2425 
11.4443 	 44.5444 	 -0.2783 
11.4943 	 46.0494 	 -0.3206 
11.5442 	 42.6464 	 -0.3641 
11.5942 	 41.9307 	 -0.4036 
11.6442 	 44.5994 	 -0.4343 
11.6942 	 40.3992 	 -0.4522 
11.7441 	 37.5529 	 -0.4543 
11.7941 	 36.1420 	 -0.4391 
11.8441 	 35.4740 	 -0.4067 
11.8941 	 32.0121 	 -0.3583 
11.9440 	 35.5391 	 -0.2966 
11.9940 	 31.8818 	 -0.2251 
12.0440 	 31.4106 	 -0.1478 
12.0940 	 32.7112 	 -0.0691 
12.1439 	 29.7976 	 0.0068 
12.1939 	 28.1023 	 0.0764 
12.2439 	 29.3329 	 0.1364 
12.2939 	 32.0072 	 0.1848 
12.3438 	 29.2704 	 0.2201 
12.3938 	 28.8223 	 0.2420 
12.4438 	 28.4302 	 0.2508 
12.4938 	 26.9516 	 0.2477 
12.5437 	 27.1299 	 0.2344 
12.5937 	 24.9461 	 0.2130 
12.6437 	 23.1534 	 0.1858 
12.6937 	 22.0573 	 0.1552 
12.7436 	 23.6385 	 0.1232 
12.7936 	 23.5599 	 0.0919 
12.8436 	 22.3581 	 0.0625 
12.8936 	 21.0885 	 0.0358 
12.9435 	 21.7968 	 0.0123 
12.9935 	 21.3382 	 -0.0085 
13.0435 	 19.7719 	 -0.0271 
13.0935 	 21.5490 	 -0.0448 
13.1434 	 21.0444 	 -0.0629 
13.1934 	 19.4602 	 -0.0829 
13.2434 	 18.5644 	 -0.1062 
13.2934 	 18.3922 	 -0.1340 
13.3433 	 17.3830 	 -0.1668 
13.3933 	 18.0800 	 -0.2049 
13.4433 	 17.2147 	 -0.2473 
13.4933 	 16.7395 	 -0.2927 
13.5432 	 16.7009 	 -0.3390 
13.5932 	 16.3648 	 -0.3836 
13.6432 	 15.8596 	 -0.4236 
13.6932 	 15.7958 	 -0.4558 
13.7431 	 15.1228 	 -0.4773 
13.7931 	 14.1723 	 -0.4854 
13.8431 	 14.3956 	 -0.4778 
13.8931 	 14.2467 	 -0.4529 
13.9430 	 14.4833 	 -0.4097 
13.9930 	 14.8289 	 -0.3481 
14.0430 	 13.4891 	 -0.2691 
14.0930 	 13.2208 	 -0.1743 
14.1429 	 13.5195 	 -0.0667 
14.1929 	 12.7644 	 0.0504 
14.2429 	 12.9114 	 0.1725 
14.2929 	 12.5637 	 0.2952 
14.3428 	 11.2877 	 0.4136 
14.3928 	 11.4221 	 0.5231 
14.4428 	 11.6320 	 0.6196 
14.4928 	 10.9134 	 0.6995 
14.5427 	 10.9096 	 0.7600 
14.5927 	 10.6742 	 0.7994 
14.6427 	 10.2665 	 0.8166 
14.6927 	 9.8270 	 0.8118 
14.7426 	 9.9227 	 0.7858 
14.7926 	 10.4839 	 0.7403 
14.8426 	 10.0665 	 0.6772 
14.8926 	 9.7133 	 0.5991 
14.9425 	 8.8300 	 0.5086 
14.9925 	 8.5929 	 0.4084 
15.0425 	 9.1713 	 0.3015 
15.0925 	 8.6969 	 0.1906 
15.1424 	 8.5611 	 0.0787 
15.1924 	 8.1183 	 -0.0315 
15.2424 	 7.7214 	 -0.1372 
15.2924 	 7.0486 	 -0.2357 
15.3423 	 7.0604 	 -0.3244 
15.3923 	 6.7406 	 -0.4010 
15.4423 	 7.1079 	 -0.4631 
15.4923 	 7.2213 	 -0.5089 
15.5422 	 6.1353 	 -0.5368 
15.5922 	 6.3002 	 -0.5456 
15.6422 	 6.6873 	 -0.5344 
15.6922 	 6.1842 	 -0.5029 
15.7421 	 6.1960 	 -0.4517 
15.7921 	 5.8458 	 -0.3818 
15.8421 	 6.1325 	 -0.2952 
15.8921 	 5.5711 	 -0.1944 
15.9420 	 5.4919 	 -0.0829 
15.9920 	 5.8696 	 0.0354 
16.0420 	 5.6423 	 0.1564 
16.0920 	 5.3992 	 0.2757 
16.1419 	 5.0732 	 0.3892 
16.1919 	 5.0492 	 0.4929 
16.2419 	 4.8398 	 0.5836 
16.2919 	 4.2623 	 0.6583 
16.3418 	 4.4819 	 0.7150 
16.3918 	 4.6903 	 0.7522 
16.4418 	 4.4304 	 0.7690 
16.4918 	 4.2293 	 0.7651 
16.5417 	 4.2939 	 0.7408 
16.5917 	 4.3021 	 0.6965 
16.6417 	 4.1602 	 0.6331 
16.6917 	 3.8703 	 0.5518 
16.7416 	 3.8283 	 0.4539 
16.7916 	 3.6895 	 0.3412 
16.8416 	 3.4703 	 0.2161 
16.8916 	 3.4665 	 0.0810 
16.9415 	 3.6404 	 -0.0608 
16.9915 	 3.3347 	 -0.2058 
17.0415 	 3.0557 	 -0.3501 
17.0915 	 3.2320 	 -0.4896 
17.1414 	 3.1632 	 -0.6200 
17.1914 	 3.0573 	 -0.7374 
17.2414 	 3.1029 	 -0.8380 
17.2914 	 3.1135 	 -0.9185 
17.3413 	 2.9529 	 -0.9762 
17.3913 	 2.8943 	 -1.0093 
17.4413 	 2.6765 	 -1.0167 
17.4913 	 2.5155 	 -0.9985 
17.5412 	 2.3914 	 -0.9556 
17.5912 	 2.4534 	 -0.8902 
17.6412 	 2.5755 	 -0.8052 
17.6912 	 2.4447 	 -0.7045 
17.7411 	 2.4525 	 -0.5926 
17.7911 	 2.3340 	 -0.4744 
17.8411 	 2.2608 	 -0.3552 
17.8911 	 2.2462 	 -0.2398 
17.9410 	 2.1867 	 -0.1328 
17.9910 	 2.1177 	 -0.0379 
18.0410 	 2.2772 	 0.0418 
18.0910 	 2.0226 	 0.1046 
18.1409 	 1.9491 	 0.1494 
18.1909 	 1.9983 	 0.1766 
18.2409 	 1.9571 	 0.1873 
18.2909 	 1.9077 	 0.1836 
18.3408 	 1.8993 	 0.1683 
18.3908 	 1.8214 	 0.1447 
18.4408 	 1.7197 	 0.1163 
18.4908 	 1.6454 	 0.0866 
18.5407 	 1.6152 	 0.0590 
18.5907 	 1.7720 	 0.0362 
18.6407 	 1.7501 	 0.0205 
18.6907 	 1.5468 	 0.0133 
18.7406 	 1.5117 	 0.0152 
18.7906 	 1.5158 	 0.0261 
18.8406 	 1.4724 	 0.0452 
18.8906 	 1.3967 	 0.0709 
18.9405 	 1.3994 	 0.1012 
18.9905 	 1.3707 	 0.1339 
19.0405 	 1.4010 	 0.1665 
19.0905 	 1.3527 	 0.1965 
19.1404 	 1.3000 	 0.2220 
19.1904 	 1.3304 	 0.2414 
19.2404 	 1.3714 	 0.2536 
19.2904 	 1.2221 	 0.2585 
19.3403 	 1.1697 	 0.2565 
19.3903 	 1.1965 	 0.2488 
19.4403 	 1.1322 	 0.2368 
19.4903 	 1.0782 	 0.2224 
19.5402 	 1.1022 	 0.2075 
19.5902 	 1.1337 	 0.1936 
19.6402 	 1.0236 	 0.1821 
19.6902 	 1.0012 	 0.1741 
19.7401 	 1.0011 	 0.1700 
19.7901 	 0.9186 	 0.1700 
19.8401 	 0.9296 	 0.1740 
19.8901 	 0.9583 	 0.1816 
19.9400 	 0.9195 	 0.1923 
19.9900 	 0.9271 	 0.2053 
20.0400 	 0.8553 	 0.2200 
20.0900 	 0.8223 	 0.2353 
20.1399 	 0.8570 	 0.2505 
20.1899 	 0.8500 	 0.2646 
20.2399 	 0.8859 	 0.2769 
20.2899 	 0.8106 	 0.2869 
20.3398 	 0.7967 	 0.2939 
20.3898 	 0.7400 	 0.2976 
20.4398 	 0.6968 	 0.2978 
20.4898 	 0.6874 	 0.2943 
20.5397 	 0.7218 	 0.2870 
20.5897 	 0.7203 	 0.2760 
20.6397 	 0.7347 	 0.2613 
20.6897 	 0.6848 	 0.2431 
20.7396 	 0.6831 	 0.2216 
20.7896 	 0.6663 	 0.1970 
20.8396 	 0.6599 	 0.1697 
20.8896 	 0.6515 	 0.1402 
20.9395 	 0.6151 	 0.1090 
20.9895 	 0.6096 	 0.0765 
21.0395 	 0.6116 	 0.0432 
21.0895 	 0.5937 	 0.0096 
21.1394 	 0.5621 	 -0.0241 
21.1894 	 0.5751 	 -0.0574 
21.2394 	 0.5780 	 -0.0901 
21.2894 	 0.5706 	 -0.1220 
21.3393 	 0.5494 	 -0.1530 
21.3893 	 0.5282 	 -0.1830 
21.4393 	 0.5271 	 -0.2122 
21.4893 	 0.5052 	 -0.2404 
21.5392 	 0.4790 	 -0.2678 
21.5892 	 0.5114 	 -0.2945 
21.6392 	 0.4675 	 -0.3206 
21.6892 	 0.4985 	 -0.3458 
21.7391 	 0.5191 	 -0.3701 
21.7891 	 0.4732 	 -0.3930 
21.8391 	 0.5005 	 -0.4141 
21.8891 	 0.4651 	 -0.4325 
21.9390 	 0.4406 	 -0.4471 
21.9890 	 0.4098 	 -0.4570 
22.0390 	 0.3933 	 -0.4608 
22.0890 	 0.4159 	 -0.4575 
22.1389 	 0.4305 	 -0.4461 
22.1889 	 0.3980 	 -0.4262 
22.2389 	 0.3811 	 -0.3976 
22.2889 	 0.3711 	 -0.3609 
22.3388 	 0.3736 	 -0.3170 
22.3888 	 0.3861 	 -0.2673 
22.4388 	 0.3885 	 -0.2138 
22.4888 	 0.3857 	 -0.1587 
22.5387 	 0.3476 	 -0.1045 
22.5887 	 0.3255 	 -0.0536 
22.6387 	 0.3521 	 -0.0083 
22.6887 	 0.3259 	 0.0293 
22.7386 	 0.3351 	 0.0575 
22.7886 	 0.3438 	 0.0749 
22.8386 	 0.3189 	 0.0810 
22.8886 	 0.3177 	 0.0757 
22.9385 	 0.3104 	 0.0595 
22.9885 	 0.3006 	 0.0339 
23.0385 	 0.3354 	 0.0007 
23.0885 	 0.3157 	 -0.0374 
23.1384 	 0.3051 	 -0.0776 
23.1884 	 0.2912 	 -0.1168 
23.2384 	 0.3065 	 -0.1517 
23.2884 	 0.2874 	 -0.1796 
23.3383 	 0.2915 	 -0.1982 
23.3883 	 0.2805 	 -0.2056 
23.4383 	 0.2705 	 -0.2009 
23.4883 	 0.2532 	 -0.1841 
23.5382 	 0.2533 	 -0.1555 
23.5882 	 0.2574 	 -0.1165 
23.6382 	 0.2653 	 -0.0687 
23.6882 	 0.2517 	 -0.0142 
23.7381 	 0.2673 	 0.0448 
23.7881 	 0.2393 	 0.1061 
23.8381 	 0.2543 	 0.1676 
23.8881 	 0.2499 	 0.2271 
23.9380 	 0.2366 	 0.2832 
23.9880 	 0.2351 	 0.3342 
24.0380 	 0.2266 	 0.3793 
24.0880 	 0.2215 	 0.4177 
24.1379 	 0.2220 	 0.4490 
24.1879 	 0.2046 	 0.4733 
24.2379 	 0.2177 	 0.4908 
24.2879 	 0.2025 	 0.5019 
24.3378 	 0.2060 	 0.5071 
24.3878 	 0.2134 	 0.5069 
24.4378 	 0.1950 	 0.5017 
24.4878 	 0.1866 	 0.4916 
24.5377 	 0.2006 	 0.4763 
24.5877 	 0.1967 	 0.4555 
24.6377 	 0.1908 	 0.4286 
24.6877 	 0.1870 	 0.3947 
24.7376 	 0.1796 	 0.3531 
24.7876 	 0.1814 	 0.3036 
24.8376 	 0.1870 	 0.2461 
24.8876 	 0.1803 	 0.1811 
24.9375 	 0.1779 	 0.1098 
24.9875 	 0.1707 	 0.0343 
25.0375 	 0.1728 	 -0.0430 
25.0875 	 0.1704 	 -0.1191 
25.1374 	 0.1716 	 -0.1904 
25.1874 	 0.1712 	 -0.2537 
25.2374 	 0.1629 	 -0.3056 
25.2874 	 0.1541 	 -0.3433 
25.3373 	 0.1637 	 -0.3648 
25.3873 	 0.1496 	 -0.3689 
25.4373 	 0.1507 	 -0.3554 
25.4873 	 0.1446 	 -0.3251 
25.5372 	 0.1493 	 -0.2801 
25.5872 	 0.1467 	 -0.2230 
25.6372 	 0.1460 	 -0.1575 
25.6872 	 0.1403 	 -0.0877 
25.7371 	 0.1346 	 -0.0178 
25.7871 	 0.1272 	 0.0481 
25.8371 	 0.1362 	 0.1061 
25.8871 	 0.1403 	 0.1530 
25.9370 	 0.1328 	 0.1862 
25.9870 	 0.1239 	 0.2040 
26.0370 	 0.1314 	 0.2057 
26.0870 	 0.1342 	 0.1914 
26.1369 	 0.1374 	 0.1623 
26.1869 	 0.1243 	 0.1202 
26.2369 	 0.1268 	 0.0679 
26.2869 	 0.1204 	 0.0083 
26.3368 	 0.1275 	 -0.0549 
26.3868 	 0.1194 	 -0.1183 
26.4368 	 0.1196 	 -0.1783 
26.4868 	 0.1152 	 -0.2318 
26.5367 	 0.1189 	 -0.2758 
26.5867 	 0.1162 	 -0.3082 
26.6367 	 0.1088 	 -0.3271 
26.6867 	 0.1104 	 -0.3317 
26.7366 	 0.1112 	 -0.3218 
26.7866 	 0.1084 	 -0.2979 
26.8366 	 0.1155 	 -0.2616 
26.8866 	 0.1134 	 -0.2152 
26.9365 	 0.1117 	 -0.1616 
26.9865 	 0.1029 	 -0.1043 
27.0365 	 0.0988 	 -0.0470 
27.0865 	 0.1064 	 0.0066 
27.1364 	 0.1041 	 0.0529 
27.1864 	 0.1040 	 0.0892 
27.2364 	 0.0966 	 0.1134 
27.2864 	 0.1001 	 0.1243 
27.3363 	 0.0993 	 0.1217 
27.3863 	 0.0958 	 0.1066 
27.4363 	 0.0946 	 0.0805 
27.4863 	 0.0928 	 0.0457 
27.5362 	 0.0977 	 0.0051 
27.5862 	 0.0932 	 -0.0381 
27.6362 	 0.0920 	 -0.0808 
27.6862 	 0.0908 	 -0.1199 
27.7361 	 0.0946 	 -0.1526 
27.7861 	 0.0870 	 -0.1771 
27.8361 	 0.0939 	 -0.1921 
27.8861 	 0.0897 	 -0.1971 
27.9360 	 0.0922 	 -0.1926 
27.9860 	 0.0881 	 -0.1801 
28.0360 	 0.0876 	 -0.1613 
28.0860 	 0.0842 	 -0.1387 
28.1359 	 0.0845 	 -0.1149 
28.1859 	 0.0806 	 -0.0925 
28.2359 	 0.0816 	 -0.0734 
28.2859 	 0.0791 	 -0.0594 
28.3358 	 0.0823 	 -0.0514 
28.3858 	 0.0810 	 -0.0493 
28.4358 	 0.0760 	 -0.0526 
28.4858 	 0.0757 	 -0.0598 
28.5357 	 0.0775 	 -0.0689 
28.5857 	 0.0748 	 -0.0778 
28.6357 	 0.0776 	 -0.0839 
28.6857 	 0.0762 	 -0.0852 
28.7356 	 0.0784 	 -0.0798 
28.7856 	 0.0739 	 -0.0666 
28.8356 	 0.0739 	 -0.0454 
28.8856 	 0.0741 	 -0.0164 
28.9355 	 0.0720 	 0.0191 
28.9855 	 0.0739 	 0.0594 
29.0355 	 0.0708 	 0.1022 
29.0855 	 0.0726 	 0.1452 
29.1354 	 0.0715 	 0.1857 
29.1854 	 0.0683 	 0.2217 
29.2354 	 0.0711 	 0.2510 
29.2854 	 0.0696 	 0.2723 
29.3353 	 0.0710 	 0.2847 
29.3853 	 0.0694 	 0.2879 
29.4353 	 0.0704 	 0.2823 
29.4853 	 0.0684 	 0.2690 
29.5352 	 0.0674 	 0.2497 
29.5852 	 0.0643 	 0.2264 
29.6352 	 0.0670 	 0.2015 
29.6852 	 0.0670 	 0.1773 
29.7351 	 0.0648 	 0.1560 
29.7851 	 0.0625 	 0.1395 
29.8351 	 0.0639 	 0.1291 
29.8851 	 0.0621 	 0.1255 
29.9350 	 0.0619 	 0.1289 
29.9850 	 0.0637 	 0.1385 
30.0350 	 0.0615 	 0.1532 
30.0850 	 0.0609 	 0.1713 
30.1349 	 0.0634 	 0.1907 
30.1849 	 0.0598 	 0.2093 
30.2349 	 0.0623 	 0.2249 
30.2849 	 0.0598 	 0.2353 
30.3348 	 0.0603 	 0.2390 
30.3848 	 0.0577 	 0.2346 
30.4348 	 0.0579 	 0.2214 
30.4848 	 0.0558 	 0.1993 
30.5347 	 0.0586 	 0.1688 
30.5847 	 0.0567 	 0.1312 
30.6347 	 0.0584 	 0.0879 
30.6847 	 0.0559 	 0.0409 
30.7346 	 0.0577 	 -0.0075 
30.7846 	 0.0545 	 -0.0552 
30.8346 	 0.0562 	 -0.1002 
30.8846 	 0.0548 	 -0.1407 
30.9345 	 0.0556 	 -0.1755 
30.9845 	 0.0519 	 -0.2037 
31.0345 	 0.0546 	 -0.2247 
31.0845 	 0.0516 	 -0.2386 
31.1344 	 0.0544 	 -0.2454 
31.1844 	 0.0538 	 -0.2457 
31.2344 	 0.0558 	 -0.2399 
31.2844 	 0.0522 	 -0.2290 
31.3343 	 0.0513 	 -0.2139 
31.3843 	 0.0509 	 -0.1958 
31.4343 	 0.0511 	 -0.1761 
31.4843 	 0.0515 	 -0.1562 
31.5342 	 0.0519 	 -0.1377 
31.5842 	 0.0502 	 -0.1217 
31.6342 	 0.0526 	 -0.1095 
31.6842 	 0.0501 	 -0.1017 
31.7341 	 0.0499 	 -0.0984 
31.7841 	 0.0475 	 -0.0993 
31.8341 	 0.0506 	 -0.1036 
31.8841 	 0.0490 	 -0.1103 
31.9340 	 0.0494 	 -0.1184 
31.9840 	 0.0466 	 -0.1268 
32.0340 	 0.0482 	 -0.1343 
32.0840 	 0.0475 	 -0.1404 
32.1339 	 0.0477 	 -0.1442 
32.1839 	 0.0464 	 -0.1456 
32.2339 	 0.0482 	 -0.1442 
32.2839 	 0.0462 	 -0.1402 
32.3338 	 0.0486 	 -0.1339 
32.3838 	 0.0455 	 -0.1257 
32.4338 	 0.0478 	 -0.1163 
32.4838 	 0.0458 	 -0.1061 
32.5337 	 0.0476 	 -0.0957 
32.5837 	 0.0449 	 -0.0856 
32.6337 	 0.0467 	 -0.0761 
32.6837 	 0.0446 	 -0.0675 
32.7336 	 0.0456 	 -0.0598 
32.7836 	 0.0431 	 -0.0529 
32.8336 	 0.0444 	 -0.0464 
32.8836 	 0.0438 	 -0.0400 
32.9335 	 0.0456 	 -0.0330 
32.9835 	 0.0428 	 -0.0249 
33.0335 	 0.0459 	 -0.0149 
33.0835 	 0.0434 	 -0.0025 
33.1334 	 0.0444 	 0.0128 
33.1834 	 0.0427 	 0.0310 
33.2334 	 0.0424 	 0.0519 
33.2834 	 0.0432 	 0.0748 
33.3333 	 0.0437 	 0.0984 
33.3833 	 0.0413 	 0.1213 
33.4333 	 0.0438 	 0.1419 
33.4833 	 0.0415 	 0.1586 
33.5332 	 0.0433 	 0.1697 
33.5832 	 0.0402 	 0.1741 
33.6332 	 0.0419 	 0.1712 
33.6832 	 0.0410 	 0.1610 
33.7331 	 0.0411 	 0.1439 
33.7831 	 0.0401 	 0.1214 
33.8331 	 0.0412 	 0.0951 
33.8831 	 0.0401 	 0.0673 
33.9330 	 0.0406 	 0.0405 
33.9830 	 0.0396 	 0.0170 
34.0330 	 0.0400 	 -0.0012 
34.0830 	 0.0397 	 -0.0124 
34.1329 	 0.0399 	 -0.0156 
34.1829 	 0.0398 	 -0.0108 
34.2329 	 0.0401 	 0.0017 
34.2829 	 0.0387 	 0.0208 
34.3328 	 0.0393 	 0.0449 
34.3828 	 0.0377 	 0.0722 
34.4328 	 0.0390 	 0.1005 
34.4828 	 0.0373 	 0.1280 
34.5327 	 0.0391 	 0.1525 
34.5827 	 0.0382 	 0.1726 
34.6327 	 0.0386 	 0.1866 
34.6827 	 0.0383 	 0.1938 
34.7326 	 0.0390 	 0.1935 
34.7826 	 0.0378 	 0.1858 
34.8326 	 0.0381 	 0.1711 
34.8826 	 0.0368 	 0.1505 
34.9325 	 0.0381 	 0.1252 
34.9825 	 0.0366 	 0.0969 
35.0325 	 0.0379 	 0.0677 
35.0825 	 0.0368 	 0.0393 
35.1324 	 0.0371 	 0.0137 
35.1824 	 0.0368 	 -0.0077 
35.2324 	 0.0376 	 -0.0237 
35.2824 	 0.0354 	 -0.0338 
35.3323 	 0.0366 	 -0.0382 
35.3823 	 0.0354 	 -0.0376 
35.4323 	 0.0366 	 -0.0334 
35.4823 	 0.0355 	 -0.0272 
35.5322 	 0.0365 	 -0.0209 
35.5822 	 0.0350 	 -0.0164 
35.6322 	 0.0360 	 -0.0152 
35.6822 	 0.0348 	 -0.0185 
35.7321 	 0.0354 	 -0.0266 
35.7821 	 0.0345 	 -0.0395 
35.8321 	 0.0352 	 -0.0562 
35.8821 	 0.0342 	 -0.0754 
35.9320 	 0.0353 	 -0.0952 
35.9820 	 0.0346 	 -0.1138 
36.0320 	 0.0354 	 -0.1291 
36.0820 	 0.0338 	 -0.1394 
36.1319 	 0.0355 	 -0.1434 
36.1819 	 0.0345 	 -0.1403 
36.2319 	 0.0343 	 -0.1301 
36.2819 	 0.0331 	 -0.1136 
36.3318 	 0.0342 	 -0.0921 
36.3818 	 0.0337 	 -0.0674 
36.4318 	 0.0339 	 -0.0417 
36.4818 	 0.0330 	 -0.0174 
36.5317 	 0.0343 	 0.0035 
36.5817 	 0.0325 	 0.0194 
36.6317 	 0.0337 	 0.0290 
36.6817 	 0.0326 	 0.0318 
36.7316 	 0.0336 	 0.0281 
36.7816 	 0.0323 	 0.0185 
36.8316 	 0.0338 	 0.0042 
36.8816 	 0.0326 	 -0.0133 
36.9315 	 0.0328 	 -0.0321 
36.9815 	 0.0320 	 -0.0507 
37.0315 	 0.0333 	 -0.0674 
37.0815 	 0.0316 	 -0.0808 
37.1314 	 0.0326 	 -0.0900 
37.1814 	 0.0314 	 -0.0943 
37.2314 	 0.0325 	 -0.0934 
37.2814 	 0.0315 	 -0.0875 
37.3313 	 0.0319 	 -0.0770 
37.3813 	 0.0309 	 -0.0626 
37.4313 	 0.0322 	 -0.0452 
37.4813 	 0.0312 	 -0.0258 
37.5312 	 0.0322 	 -0.0052 
37.5812 	 0.0312 	 0.0155 
37.6312 	 0.0321 	 0.0357 
37.6812 	 0.0310 	 0.0544 
37.7311 	 0.0316 	 0.0713 
37.7811 	 0.0307 	 0.0857 
37.8311 	 0.0316 	 0.0973 
37.8811 	 0.0302 	 0.1056 
37.9310 	 0.0312 	 0.1101 
37.9810 	 0.0303 	 0.1104 
38.0310 	 0.0309 	 0.1062 
38.0810 	 0.0299 	 0.0968 
38.1309 	 0.0308 	 0.0820 
38.1809 	 0.0299 	 0.0614 
38.2309 	 0.0305 	 0.0350 
38.2809 	 0.0297 	 0.0028 
38.3308 	 0.0302 	 -0.0346 
38.3808 	 0.0297 	 -0.0762 
38.4308 	 0.0304 	 -0.1207 
38.4808 	 0.0294 	 -0.1662 
38.5307 	 0.0302 	 -0.2106 
38.5807 	 0.0293 	 -0.2515 
38.6307 	 0.0298 	 -0.2865 
38.6807 	 0.0291 	 -0.3129 
38.7306 	 0.0300 	 -0.3288 
38.7806 	 0.0292 	 -0.3320 
38.8306 	 0.0296 	 -0.3215 
38.8806 	 0.0289 	 -0.2967 
38.9305 	 0.0292 	 -0.2578 
38.9805 	 0.0286 	 -0.2059 
39.0305 	 0.0298 	 -0.1429 
39.0805 	 0.0285 	 -0.0713 
39.1304 	 0.0290 	 0.0056 
39.1804 	 0.0282 	 0.0843 
39.2304 	 0.0293 	 0.1612 
39.2804 	 0.0282 	 0.2325 
39.3303 	 0.0291 	 0.2948 
39.3803 	 0.0278 	 0.3453 
39.4303 	 0.0288 	 0.3817 
39.4803 	 0.0278 	 0.4029 
39.5302 	 0.0285 	 0.4084 
39.5802 	 0.0277 	 0.3989 
39.6302 	 0.0286 	 0.3761 
39.6802 	 0.0277 	 0.3421 
39.7301 	 0.0285 	 0.3000 
39.7801 	 0.0276 	 0.2529 
39.8301 	 0.0281 	 0.2043 
39.8801 	 0.0270 	 0.1575 
39.9300 	 0.0282 	 0.1153 
39.9800 	 0.0272 	 0.0800 
40.0300 	 0.0278 	 0.0531 
40.0800 	 0.0270 	 0.0352 
40.1299 	 0.0276 	 0.0260 
40.1799 	 0.0273 	 0.0244 
40.2299 	 0.0277 	 0.0287 
40.2799 	 0.0267 	 0.0368 
40.3298 	 0.0276 	 0.0463 
40.3798 	 0.0268 	 0.0550 
40.4298 	 0.0276 	 0.0607 
40.4798 	 0.0266 	 0.0617 
40.5297 	 0.0271 	 0.0567 
40.5797 	 0.0264 	 0.0452 
40.6297 	 0.0271 	 0.0274 
40.6797 	 0.0264 	 0.0042 
40.7296 	 0.0271 	 -0.0230 
40.7796 	 0.0260 	 -0.0521 
40.8296 	 0.0270 	 -0.0809 
40.8796 	 0.0259 	 -0.1069 
40.9295 	 0.0269 	 -0.1282 
40.9795 	 0.0257 	 -0.1430 
41.0295 	 0.0267 	 -0.1500 
41.0795 	 0.0258 	 -0.1489 
41.1294 	 0.0266 	 -0.1401 
41.1794 	 0.0255 	 -0.1247 
41.2294 	 0.0263 	 -0.1045 
41.2794 	 0.0256 	 -0.0820 
41.3293 	 0.0265 	 -0.0599 
41.3793 	 0.0254 	 -0.0408 
41.4293 	 0.0262 	 -0.0271 
41.4793 	 0.0255 	 -0.0208 
41.5292 	 0.0259 	 -0.0232 
41.5792 	 0.0251 	 -0.0344 
41.6292 	 0.0259 	 -0.0542 
41.6792 	 0.0251 	 -0.0810 
41.7291 	 0.0259 	 -0.1130 
41.7791 	 0.0251 	 -0.1475 
41.8291 	 0.0254 	 -0.1815 
41.8791 	 0.0249 	 -0.2117 
41.9290 	 0.0255 	 -0.2353 
41.9790 	 0.0247 	 -0.2495 
42.0290 	 0.0255 	 -0.2523 
42.0790 	 0.0246 	 -0.2423 
42.1289 	 0.0253 	 -0.2190 
42.1789 	 0.0245 	 -0.1831 
42.2289 	 0.0252 	 -0.1361 
42.2789 	 0.0243 	 -0.0804 
42.3288 	 0.0251 	 -0.0192 
42.3788 	 0.0239 	 0.0438 
42.4288 	 0.0250 	 0.1045 
42.4788 	 0.0242 	 0.1590 
42.5287 	 0.0249 	 0.2039 
42.5787 	 0.0242 	 0.2360 
42.6287 	 0.0248 	 0.2534 
42.6787 	 0.0240 	 0.2549 
42.7286 	 0.0248 	 0.2406 
42.7786 	 0.0239 	 0.2115 
42.8286 	 0.0246 	 0.1697 
42.8786 	 0.0238 	 0.1181 
42.9285 	 0.0243 	 0.0601 
42.9785 	 0.0236 	 -0.0002 
43.0285 	 0.0244 	 -0.0589 
43.0785 	 0.0234 	 -0.1120 
43.1284 	 0.0242 	 -0.1562 
43.1784 	 0.0235 	 -0.1886 
43.2284 	 0.0239 	 -0.2072 
43.2784 	 0.0233 	 -0.2111 
43.3283 	 0.0242 	 -0.2004 
43.3783 	 0.0231 	 -0.1759 
43.4283 	 0.0237 	 -0.1398 
43.4783 	 0.0231 	 -0.0948 
43.5282 	 0.0236 	 -0.0442 
43.5782 	 0.0229 	 0.0086 
43.6282 	 0.0237 	 0.0598 
43.6782 	 0.0229 	 0.1063 
43.7281 	 0.0237 	 0.1452 
43.7781 	 0.0228 	 0.1747 
43.8281 	 0.0235 	 0.1935 
43.8781 	 0.0226 	 0.2013 
43.9280 	 0.0235 	 0.1987 
43.9780 	 0.0226 	 0.1867 
44.0280 	 0.0234 	 0.1671 
44.0780 	 0.0225 	 0.1419 
44.1279 	 0.0232 	 0.1134 
44.1779 	 0.0224 	 0.0836 
44.2279 	 0.0231 	 0.0545 
44.2779 	 0.0224 	 0.0275 
44.3278 	 0.0230 	 0.0038 
44.3778 	 0.0222 	 -0.0159 
44.4278 	 0.0230 	 -0.0314 
44.4778 	 0.0220 	 -0.0427 
44.5277 	 0.0228 	 -0.0502 
44.5777 	 0.0220 	 -0.0544 
44.6277 	 0.0228 	 -0.0557 
44.6777 	 0.0220 	 -0.0546 
44.7276 	 0.0227 	 -0.0516 
44.7776 	 0.0220 	 -0.0468 
44.8276 	 0.0226 	 -0.0405 
44.8776 	 0.0218 	 -0.0328 
44.9275 	 0.0225 	 -0.0237 
44.9775 	 0.0216 	 -0.0136 
45.0275 	 0.0223 	 -0.0028 
45.0775 	 0.0216 	 0.0082 
45.1274 	 0.0224 	 0.0188 
45.1774 	 0.0216 	 0.0284 
45.2274 	 0.0222 	 0.0363 
45.2774 	 0.0214 	 0.0420 
45.3273 	 0.0221 	 0.0450 
45.3773 	 0.0213 	 0.0451 
45.4273 	 0.0219 	 0.0421 
45.4773 	 0.0213 	 0.0362 
45.5272 	 0.0220 	 0.0280 
45.5772 	 0.0213 	 0.0181 
45.6272 	 0.0218 	 0.0074 
45.6772 	 0.0211 	 -0.0028 
45.7271 	 0.0217 	 -0.0114 
45.7771 	 0.0210 	 -0.0172 
45.8271 	 0.0217 	 -0.0193 
45.8771 	 0.0210 	 -0.0171 
45.9270 	 0.0216 	 -0.0103 
45.9770 	 0.0208 	 0.0006 
46.0270 	 0.0215 	 0.0149 
46.0770 	 0.0207 	 0.0313 
46.1269 	 0.0214 	 0.0482 
46.1769 	 0.0207 	 0.0638 
46.2269 	 0.0212 	 0.0761 
46.2769 	 0.0207 	 0.0832 
46.3268 	 0.0212 	 0.0835 
46.3768 	 0.0206 	 0.0758 
46.4268 	 0.0212 	 0.0595 
46.4768 	 0.0205 	 0.0345 
46.5267 	 0.0210 	 0.0017 
46.5767 	 0.0204 	 -0.0376 
46.6267 	 0.0211 	 -0.0813 
46.6767 	 0.0204 	 -0.1270 
46.7266 	 0.0209 	 -0.1718 
46.7766 	 0.0203 	 -0.2128 
46.8266 	 0.0209 	 -0.2472 
46.8766 	 0.0202 	 -0.2724 
46.9265 	 0.0207 	 -0.2864 
46.9765 	 0.0201 	 -0.2877 
47.0265 	 0.0206 	 -0.2755 
47.0765 	 0.0199 	 -0.2498 
47.1264 	 0.0205 	 -0.2113 
47.1764 	 0.0200 	 -0.1612 
47.2264 	 0.0205 	 -0.1015 
47.2764 	 0.0199 	 -0.0346 
47.3263 	 0.0204 	 0.0369 
47.3763 	 0.0198 	 0.1099 
47.4263 	 0.0203 	 0.1813 
47.4763 	 0.0197 	 0.2480 
47.5262 	 0.0203 	 0.3069 
47.5762 	 0.0197 	 0.3554 
47.6262 	 0.0202 	 0.3911 
47.6762 	 0.0196 	 0.4122 
47.7261 	 0.0201 	 0.4177 
47.7761 	 0.0195 	 0.4072 
47.8261 	 0.0202 	 0.3811 
47.8761 	 0.0194 	 0.3406 
47.9260 	 0.0200 	 0.2876 
47.9760 	 0.0193 	 0.2248 
48.0260 	 0.0199 	 0.1552 
48.0760 	 0.0193 	 0.0821 
48.1259 	 0.0199 	 0.0089 
48.1759 	 0.0192 	 -0.0613 
48.2259 	 0.0198 	 -0.1256 
48.2759 	 0.0192 	 -0.1818 
48.3258 	 0.0197 	 -0.2280 
48.3758 	 0.0192 	 -0.2632 
48.4258 	 0.0197 	 -0.2870 
48.4758 	 0.0190 	 -0.2995 
48.5257 	 0.0195 	 -0.3014 
48.5757 	 0.0189 	 -0.2939 
48.6257 	 0.0195 	 -0.2784 
48.6757 	 0.0189 	 -0.2568 
48.7256 	 0.0194 	 -0.2308 
48.7756 	 0.0188 	 -0.2022 
48.8256 	 0.0195 	 -0.1726 
48.8756 	 0.0187 	 -0.1436 
48.9255 	 0.0194 	 -0.1165 
48.9755 	 0.0186 	 -0.0922 
49.0255 	 0.0192 	 -0.0714 
49.0755 	 0.0185 	 -0.0544 
49.1254 	 0.0192 	 -0.0411 
49.1754 	 0.0185 	 -0.0312 
49.2254 	 0.0191 	 -0.0242 
49.2754 	 0.0185 	 -0.0192 
49.3253 	 0.0190 	 -0.0153 
49.3753 	 0.0184 	 -0.0114 
49.4253 	 0.0190 	 -0.0064 
49.4753 	 0.0184 	 0.0006 
49.5252 	 0.0189 	 0.0106 
49.5752 	 0.0183 	 0.0239 
49.6252 	 0.0189 	 0.0408 
49.6752 	 0.0182 	 0.0607 
49.7251 	 0.0188 	 0.0827 
49.7751 	 0.0181 	 0.1056 
49.8251 	 0.0187 	 0.1278 
49.8751 	 0.0181 	 0.1474 
49.9250 	 0.0187 	 0.1629 
49.9750 	 0.0180 	 0.1728 
50.0250 	 0.0187 	 0.1759 
50.0750 	 0.0180 	 0.1717 
50.1249 	 0.0185 	 0.1600 
50.1749 	 0.0180 	 0.1414 
50.2249 	 0.0185 	 0.1167 
50.2749 	 0.0178 	 0.0874 
50.3248 	 0.0183 	 0.0554 
50.3748 	 0.0178 	 0.0225 
50.4248 	 0.0184 	 -0.0089 
50.4748 	 0.0178 	 -0.0368 
50.5247 	 0.0183 	 -0.0591 
50.5747 	 0.0177 	 -0.0741 
50.6247 	 0.0182 	 -0.0805 
50.6747 	 0.0176 	 -0.0777 
50.7246 	 0.0181 	 -0.0656 
50.7746 	 0.0176 	 -0.0451 
50.8246 	 0.0180 	 -0.0178 
50.8746 	 0.0175 	 0.0141 
50.9245 	 0.0180 	 0.0480 
50.9745 	 0.0174 	 0.0810 
51.0245 	 0.0180 	 0.1103 
51.0745 	 0.0175 	 0.1331 
51.1244 	 0.0179 	 0.1474 
51.1744 	 0.0174 	 0.1518 
51.2244 	 0.0178 	 0.1456 
51.2744 	 0.0173 	 0.1290 
51.3243 	 0.0178 	 0.1031 
51.3743 	 0.0172 	 0.0697 
51.4243 	 0.0177 	 0.0309 
51.4743 	 0.0172 	 -0.0106 
51.5242 	 0.0177 	 -0.0520 
51.5742 	 0.0171 	 -0.0908 
51.6242 	 0.0176 	 -0.1244 
51.6742 	 0.0170 	 -0.1507 
51.7241 	 0.0176 	 -0.1682 
51.7741 	 0.0170 	 -0.1760 
51.8241 	 0.0175 	 -0.1736 
51.8741 	 0.0169 	 -0.1615 
51.9240 	 0.0175 	 -0.1405 
51.9740 	 0.0169 	 -0.1122 
52.0240 	 0.0174 	 -0.0783 
52.0740 	 0.0168 	 -0.0411 
52.1239 	 0.0174 	 -0.0027 
52.1739 	 0.0168 	 0.0345 
52.2239 	 0.0174 	 0.0684 
52.2739 	 0.0167 	 0.0971 
52.3238 	 0.0173 	 0.1192 
52.3738 	 0.0167 	 0.1335 
52.4238 	 0.0172 	 0.1395 
52.4738 	 0.0166 	 0.1372 
52.5237 	 0.0171 	 0.1273 
52.5737 	 0.0166 	 0.1106 
52.6237 	 0.0171 	 0.0887 
52.6737 	 0.0165 	 0.0633 
52.7236 	 0.0170 	 0.0360 
52.7736 	 0.0165 	 0.0085 
52.8236 	 0.0170 	 -0.0178 
52.8736 	 0.0164 	 -0.0421 
52.9235 	 0.0169 	 -0.0634 
52.9735 	 0.0164 	 -0.0815 
53.0235 	 0.0169 	 -0.0962 
53.0735 	 0.0163 	 -0.1076 
53.1234 	 0.0168 	 -0.1156 
53.1734 	 0.0163 	 -0.1205 
53.2234 	 0.0168 	 -0.1223 
53.2734 	 0.0162 	 -0.1213 
53.3233 	 0.0168 	 -0.1175 
53.3733 	 0.0162 	 -0.1111 
53.4233 	 0.0167 	 -0.1027 
53.4733 	 0.0161 	 -0.0925 
53.5232 	 0.0167 	 -0.0814 
53.5732 	 0.0161 	 -0.0700 
53.6232 	 0.0165 	 -0.0593 
53.6732 	 0.0160 	 -0.0499 
53.7231 	 0.0165 	 -0.0426 
53.7731 	 0.0160 	 -0.0379 
53.8231 	 0.0165 	 -0.0360 
53.8731 	 0.0160 	 -0.0370 
53.9230 	 0.0164 	 -0.0407 
53.9730 	 0.0159 	 -0.0467 
54.0230 	 0.0164 	 -0.0544 
54.0730 	 0.0159 	 -0.0633 
54.1229 	 0.0164 	 -0.0725 
54.1729 	 0.0158 	 -0.0809 
54.2229 	 0.0163 	 -0.0876 
54.2729 	 0.0158 	 -0.0913 
54.3228 	 0.0162 	 -0.0911 
54.3728 	 0.0157 	 -0.0858 
54.4228 	 0.0162 	 -0.0748 
54.4728 	 0.0157 	 -0.0577 
54.5227 	 0.0162 	 -0.0345 
54.5727 	 0.0156 	 -0.0057 
54.6227 	 0.0161 	 0.0276 
54.6727 	 0.0156 	 0.0640 
54.7226 	 0.0160 	 0.1015 
54.7726 	 0.0155 	 0.1382 
54.8226 	 0.0160 	 0.1721 
54.8726 	 0.0154 	 0.2012 
54.9225 	 0.0160 	 0.2240 
54.9725 	 0.0154 	 0.2392 
55.0225 	 0.0159 	 0.2462 
55.0725 	 0.0153 	 0.2449 
55.1224 	 0.0159 	 0.2356 
55.1724 	 0.0153 	 0.2192 
55.2224 	 0.0158 	 0.1969 
55.2724 	 0.0153 	 0.1704 
55.3223 	 0.0158 	 0.1414 
55.3723 	 0.0153 	 0.1119 
55.4223 	 0.0158 	 0.0837 
55.4723 	 0.0152 	 0.0587 
55.5222 	 0.0157 	 0.0383 
55.5722 	 0.0152 	 0.0237 
55.6222 	 0.0156 	 0.0159 
55.6722 	 0.0152 	 0.0150 
55.7221 	 0.0156 	 0.0209 
55.7721 	 0.0151 	 0.0327 
55.8221 	 0.0156 	 0.0489 
55.8721 	 0.0150 	 0.0676 
55.9220 	 0.0155 	 0.0865 
55.9720 	 0.0150 	 0.1031 
56.0220 	 0.0155 	 0.1149 
56.0720 	 0.0150 	 0.1197 
56.1219 	 0.0154 	 0.1158 
56.1719 	 0.0149 	 0.1021 
56.2219 	 0.0154 	 0.0783 
56.2719 	 0.0149 	 0.0448 
56.3218 	 0.0153 	 0.0028 
56.3718 	 0.0148 	 -0.0462 
56.4218 	 0.0153 	 -0.0998 
56.4718 	 0.0148 	 -0.1554 
56.5217 	 0.0153 	 -0.2104 
56.5717 	 0.0148 	 -0.2619 
56.6217 	 0.0152 	 -0.3074 
56.6717 	 0.0147 	 -0.3445 
56.7216 	 0.0152 	 -0.3714 
56.7716 	 0.0147 	 -0.3865 
56.8216 	 0.0152 	 -0.3890 
56.8716 	 0.0146 	 -0.3785 
56.9215 	 0.0151 	 -0.3556 
56.9715 	 0.0146 	 -0.3210 
57.0215 	 0.0150 	 -0.2763 
57.0715 	 0.0146 	 -0.2235 
57.1214 	 0.0150 	 -0.1650 
57.1714 	 0.0145 	 -0.1035 
57.2214 	 0.0149 	 -0.0415 
57.2714 	 0.0145 	 0.0182 
57.3213 	 0.0149 	 0.0732 
57.3713 	 0.0145 	 0.1214 
57.4213 	 0.0149 	 0.1611 
57.4713 	 0.0144 	 0.1913 
57.5212 	 0.0149 	 0.2113 
57.5712 	 0.0144 	 0.2210 
57.6212 	 0.0149 	 0.2209 
57.6712 	 0.0143 	 0.2118 
57.7211 	 0.0148 	 0.1949 
57.7711 	 0.0143 	 0.1718 
57.8211 	 0.0147 	 0.1444 
57.8711 	 0.0143 	 0.1144 
57.9210 	 0.0147 	 0.0838 
57.9710 	 0.0142 	 0.0545 
58.0210 	 0.0147 	 0.0281 
58.0710 	 0.0142 	 0.0062 
58.1209 	 0.0146 	 -0.0102 
58.1709 	 0.0141 	 -0.0204 
58.2209 	 0.0146 	 -0.0244 
58.2709 	 0.0141 	 -0.0223 
58.3208 	 0.0146 	 -0.0148 
58.3708 	 0.0141 	 -0.0031 
58.4208 	 0.0145 	 0.0117 
58.4708 	 0.0141 	 0.0279 
58.5207 	 0.0145 	 0.0440 
58.5707 	 0.0140 	 0.0588 
58.6207 	 0.0145 	 0.0708 
58.6707 	 0.0140 	 0.0793 
58.7206 	 0.0144 	 0.0838 
58.7706 	 0.0139 	 0.0841 
58.8206 	 0.0144 	 0.0805 
58.8706 	 0.0139 	 0.0736 
58.9205 	 0.0143 	 0.0641 
58.9705 	 0.0139 	 0.0529 
59.0205 	 0.0143 	 0.0410 
59.0705 	 0.0139 	 0.0290 
59.1204 	 0.0142 	 0.0178 
59.1704 	 0.0138 	 0.0075 
59.2204 	 0.0142 	 -0.0014 
59.2704 	 0.0138 	 -0.0090 
59.3203 	 0.0142 	 -0.0153 
59.3703 	 0.0137 	 -0.0206 
59.4203 	 0.0142 	 -0.0249 
59.4703 	 0.0137 	 -0.0286 
59.5202 	 0.0141 	 -0.0316 
59.5702 	 0.0137 	 -0.0341 
59.6202 	 0.0141 	 -0.0361 
59.6702 	 0.0136 	 -0.0375 
59.7201 	 0.0140 	 -0.0384 
59.7701 	 0.0136 	 -0.0385 
59.8201 	 0.0140 	 -0.0380 
59.8701 	 0.0136 	 -0.0368 
59.9200 	 0.0140 	 -0.0350 
59.9700 	 0.0136 	 -0.0328 
60.0200 	 0.0139 	 -0.0305 
60.0700 	 0.0135 	 -0.0284 
60.1199 	 0.0139 	 -0.0267 
60.1699 	 0.0135 	 -0.0257 
60.2199 	 0.0139 	 -0.0257 
60.2699 	 0.0134 	 -0.0266 
60.3198 	 0.0139 	 -0.0281 
60.3698 	 0.0134 	 -0.0300 
60.4198 	 0.0138 	 -0.0318 
60.4698 	 0.0134 	 -0.0330 
60.5197 	 0.0138 	 -0.0332 
60.5697 	 0.0133 	 -0.0319 
60.6197 	 0.0137 	 -0.0289 
60.6697 	 0.0133 	 -0.0243 
60.7196 	 0.0137 	 -0.0181 
60.7696 	 0.0133 	 -0.0103 
60.8196 	 0.0137 	 -0.0013 
60.8696 	 0.0133 	 0.0086 
60.9195 	 0.0137 	 0.0191 
60.9695 	 0.0132 	 0.0297 
61.0195 	 0.0136 	 0.0400 
61.0695 	 0.0132 	 0.0495 
61.1194 	 0.0136 	 0.0577 
61.1694 	 0.0131 	 0.0640 
61.2194 	 0.0136 	 0.0679 
61.2694 	 0.0131 	 0.0690 
61.3193 	 0.0135 	 0.0669 
61.3693 	 0.0131 	 0.0614 
61.4193 	 0.0135 	 0.0525 
61.4693 	 0.0131 	 0.0402 
61.5192 	 0.0135 	 0.0251 
61.5692 	 0.0130 	 0.0077 
61.6192 	 0.0135 	 -0.0112 
61.6692 	 0.0130 	 -0.0307 
61.7191 	 0.0134 	 -0.0495 
61.7691 	 0.0130 	 -0.0666 
61.8191 	 0.0134 	 -0.0807 
61.8691 	 0.0130 	 -0.0907 
61.9190 	 0.0133 	 -0.0957 
61.9690 	 0.0129 	 -0.0948 
62.0190 	 0.0133 	 -0.0877 
62.0690 	 0.0129 	 -0.0745 
62.1189 	 0.0133 	 -0.0558 
62.1689 	 0.0129 	 -0.0325 
62.2189 	 0.0133 	 -0.0064 
62.2689 	 0.0128 	 0.0208 
62.3188 	 0.0132 	 0.0467 
62.3688 	 0.0128 	 0.0693 
62.4188 	 0.0132 	 0.0864 
62.4688 	 0.0128 	 0.0965 
62.5187 	 0.0132 	 0.0985 
62.5687 	 0.0128 	 0.0918 
62.6187 	 0.0132 	 0.0767 
62.6687 	 0.0127 	 0.0541 
62.7186 	 0.0131 	 0.0255 
62.7686 	 0.0127 	 -0.0070 
62.8186 	 0.0131 	 -0.0410 
62.8686 	 0.0127 	 -0.0739 
62.9185 	 0.0131 	 -0.1033 
62.9685 	 0.0127 	 -0.1267 
63.0185 	 0.0130 	 -0.1426 
63.0685 	 0.0126 	 -0.1497 
63.1184 	 0.0130 	 -0.1477 
63.1684 	 0.0126 	 -0.1366 
63.2184 	 0.0130 	 -0.1175 
63.2684 	 0.0126 	 -0.0917 
63.3183 	 0.0129 	 -0.0612 
63.3683 	 0.0125 	 -0.0282 
63.4183 	 0.0129 	 0.0051 
63.4683 	 0.0125 	 0.0364 
63.5182 	 0.0129 	 0.0639 
63.5682 	 0.0125 	 0.0859 
63.6182 	 0.0129 	 0.1014 
63.6682 	 0.0124 	 0.1098 
63.7181 	 0.0128 	 0.1113 
63.7681 	 0.0124 	 0.1064 
63.8181 	 0.0128 	 0.0962 
63.8681 	 0.0124 	 0.0822 
63.9180 	 0.0128 	 0.0660 
63.9680 	 0.0124 	 0.0493 
64.0180 	 0.0128 	 0.0337 
64.0680 	 0.0123 	 0.0206 
64.1179 	 0.0127 	 0.0110 
64.1679 	 0.0123 	 0.0055 
64.2179 	 0.0127 	 0.0045 
64.2679 	 0.0123 	 0.0076 
64.3178 	 0.0127 	 0.0143 
64.3678 	 0.0123 	 0.0237 
64.4178 	 0.0126 	 0.0347 
64.4678 	 0.0123 	 0.0462 
64.5177 	 0.0126 	 0.0568 
64.5677 	 0.0122 	 0.0654 
64.6177 	 0.0126 	 0.0708 
64.6677 	 0.0122 	 0.0719 
64.7176 	 0.0126 	 0.0679 
64.7676 	 0.0122 	 0.0581 
64.8176 	 0.0126 	 0.0424 
64.8676 	 0.0121 	 0.0209 
64.9175 	 0.0125 	 -0.0057 
64.9675 	 0.0121 	 -0.0365 
65.0175 	 0.0125 	 -0.0697 
65.0675 	 0.0121 	 -0.1034 
65.1174 	 0.0125 	 -0.1355 
65.1674 	 0.0121 	 -0.1633 
65.2174 	 0.0124 	 -0.1848 
65.2674 	 0.0121 	 -0.1976 
65.3173 	 0.0124 	 -0.2000 
65.3673 	 0.0120 	 -0.1909 
65.4173 	 0.0124 	 -0.1698 
65.4673 	 0.0120 	 -0.1367 
65.5172 	 0.0124 	 -0.0928 
65.5672 	 0.0120 	 -0.0399 
65.6172 	 0.0123 	 0.0195 
65.6672 	 0.0120 	 0.0821 
65.7171 	 0.0123 	 0.1443 
65.7671 	 0.0119 	 0.2023 
65.8171 	 0.0123 	 0.2523 
65.8671 	 0.0119 	 0.2911 
65.9170 	 0.0123 	 0.3158 
65.9670 	 0.0119 	 0.3245 
66.0170 	 0.0122 	 0.3165 
66.0670 	 0.0119 	 0.2918 
66.1169 	 0.0122 	 0.2516 
66.1669 	 0.0118 	 0.1981 
66.2169 	 0.0122 	 0.1341 
66.2669 	 0.0118 	 0.0631 
66.3168 	 0.0122 	 -0.0112 
66.3668 	 0.0118 	 -0.0848 
66.4168 	 0.0122 	 -0.1539 
66.4668 	 0.0118 	 -0.2152 
66.5167 	 0.0121 	 -0.2656 
66.5667 	 0.0118 	 -0.3030 
66.6167 	 0.0121 	 -0.3261 
66.6667 	 0.0117 	 -0.3346 
66.7166 	 0.0121 	 -0.3290 
66.7666 	 0.0117 	 -0.3106 
66.8166 	 0.0121 	 -0.2818 
66.8666 	 0.0117 	 -0.2452 
66.9165 	 0.0120 	 -0.2038 
66.9665 	 0.0117 	 -0.1608 
67.0165 	 0.0120 	 -0.1191 
67.0665 	 0.0116 	 -0.0809 
67.1164 	 0.0120 	 -0.0480 
67.1664 	 0.0116 	 -0.0213 
67.2164 	 0.0120 	 -0.0010 
67.2664 	 0.0116 	 0.0136 
67.3163 	 0.0120 	 0.0237 
67.3663 	 0.0116 	 0.0309 
67.4163 	 0.0119 	 0.0368 
67.4663 	 0.0116 	 0.0433 
67.5162 	 0.0119 	 0.0516 
67.5662 	 0.0115 	 0.0630 
67.6162 	 0.0119 	 0.0778 
67.6662 	 0.0115 	 0.0963 
67.7161 	 0.0119 	 0.1180 
67.7661 	 0.0115 	 0.1422 
67.8161 	 0.0118 	 0.1676 
67.8661 	 0.0115 	 0.1930 
67.9160 	 0.0118 	 0.2168 
67.9660 	 0.0115 	 0.2375 
68.0160 	 0.0118 	 0.2535 
68.0660 	 0.0114 	 0.2637 
68.1159 	 0.0118 	 0.2669 
68.1659 	 0.0114 	 0.2625 
68.2159 	 0.0117 	 0.2501 
68.2659 	 0.0114 	 0.2297 
68.3158 	 0.0117 	 0.2015 
68.3658 	 0.0114 	 0.1664 
68.4158 	 0.0117 	 0.1255 
68.4658 	 0.0113 	 0.0802 
68.5157 	 0.0117 	 0.0323 
68.5657 	 0.0113 	 -0.0163 
68.6157 	 0.0117 	 -0.0634 
68.6657 	 0.0113 	 -0.1071 
68.7156 	 0.0116 	 -0.1455 
68.7656 	 0.0113 	 -0.1771 
68.8156 	 0.0116 	 -0.2008 
68.8656 	 0.0113 	 -0.2163 
68.9155 	 0.0116 	 -0.2234 
68.9655 	 0.0112 	 -0.2229 
69.0155 	 0.0116 	 -0.2157 
69.0655 	 0.0112 	 -0.2033 
69.1154 	 0.0116 	 -0.1871 
69.1654 	 0.0112 	 -0.1688 
69.2154 	 0.0115 	 -0.1498 
69.2654 	 0.0112 	 -0.1314 
69.3153 	 0.0115 	 -0.1145 
69.3653 	 0.0112 	 -0.0994 
69.4153 	 0.0115 	 -0.0864 
69.4653 	 0.0111 	 -0.0751 
69.5152 	 0.0115 	 -0.0650 
69.5652 	 0.0111 	 -0.0554 
69.6152 	 0.0115 	 -0.0457 
69.6652 	 0.0111 	 -0.0351 
69.7151 	 0.0114 	 -0.0232 
69.7651 	 0.0111 	 -0.0098 
69.8151 	 0.0114 	 0.0051 
69.8651 	 0.0111 	 0.0211 
69.9150 	 0.0114 	 0.0376 
69.9650 	 0.0111 	 0.0539 
70.0150 	 0.0114 	 0.0691 
70.0650 	 0.0110 	 0.0821 
70.1149 	 0.0114 	 0.0922 
70.1649 	 0.0110 	 0.0986 
70.2149 	 0.0114 	 0.1009 
70.2649 	 0.0110 	 0.0990 
70.3148 	 0.0113 	 0.0931 
70.3648 	 0.0110 	 0.0837 
70.4148 	 0.0113 	 0.0717 
70.4648 	 0.0110 	 0.0580 
70.5147 	 0.0113 	 0.0438 
70.5647 	 0.0109 	 0.0302 
70.6147 	 0.0113 	 0.0183 
70.6647 	 0.0109 	 0.0089 
70.7146 	 0.0113 	 0.0025 
70.7646 	 0.0109 	 -0.0004 
70.8146 	 0.0112 	 0.0001 
70.8646 	 0.0109 	 0.0040 
70.9145 	 0.0112 	 0.0107 
70.9645 	 0.0109 	 0.0198 
71.0145 	 0.0112 	 0.0306 
71.0645 	 0.0109 	 0.0422 
71.1144 	 0.0112 	 0.0538 
71.1644 	 0.0108 	 0.0645 
71.2144 	 0.0112 	 0.0735 
71.2644 	 0.0108 	 0.0800 
71.3143 	 0.0112 	 0.0834 
71.3643 	 0.0108 	 0.0833 
71.4143 	 0.0111 	 0.0794 
71.4643 	 0.0108 	 0.0719 
71.5142 	 0.0111 	 0.0609 
71.5642 	 0.0108 	 0.0470 
71.6142 	 0.0111 	 0.0308 
71.6642 	 0.0107 	 0.0132 
71.7141 	 0.0111 	 -0.0050 
71.7641 	 0.0107 	 -0.0230 
71.8141 	 0.0111 	 -0.0401 
71.8641 	 0.0107 	 -0.0557 
71.9140 	 0.0111 	 -0.0691 
71.9640 	 0.0107 	 -0.0800 
72.0140 	 0.0110 	 -0.0882 
72.0640 	 0.0107 	 -0.0935 
72.1139 	 0.0110 	 -0.0959 
72.1639 	 0.0107 	 -0.0956 
72.2139 	 0.0110 	 -0.0927 
72.2639 	 0.0107 	 -0.0874 
72.3138 	 0.0110 	 -0.0802 
72.3638 	 0.0106 	 -0.0714 
72.4138 	 0.0110 	 -0.0614 
72.4638 	 0.0106 	 -0.0505 
72.5137 	 0.0110 	 -0.0392 
72.5637 	 0.0106 	 -0.0278 
72.6137 	 0.0109 	 -0.0167 
72.6637 	 0.0106 	 -0.0059 
72.7136 	 0.0109 	 0.0040 
72.7636 	 0.0106 	 0.0130 
72.8136 	 0.0109 	 0.0207 
72.8636 	 0.0106 	 0.0270 
72.9135 	 0.0109 	 0.0316 
72.9635 	 0.0105 	 0.0345 
73.0135 	 0.0109 	 0.0355 
73.0635 	 0.0105 	 0.0349 
73.1134 	 0.0109 	 0.0326 
73.1634 	 0.0105 	 0.0290 
73.2134 	 0.0108 	 0.0241 
73.2634 	 0.0105 	 0.0183 
73.3133 	 0.0108 	 0.0117 
73.3633 	 0.0105 	 0.0044 
73.4133 	 0.0108 	 -0.0034 
73.4633 	 0.0105 	 -0.0119 
73.5132 	 0.0108 	 -0.0209 
73.5632 	 0.0104 	 -0.0305 
73.6132 	 0.0108 	 -0.0407 
73.6632 	 0.0104 	 -0.0512 
73.7131 	 0.0108 	 -0.0617 
73.7631 	 0.0104 	 -0.0715 
73.8131 	 0.0108 	 -0.0799 
73.8631 	 0.0104 	 -0.0863 
73.9130 	 0.0107 	 -0.0896 
73.9630 	 0.0104 	 -0.0894 
74.0130 	 0.0107 	 -0.0851 
74.0630 	 0.0104 	 -0.0764 
74.1129 	 0.0107 	 -0.0636 
74.1629 	 0.0104 	 -0.0468 
74.2129 	 0.0107 	 -0.0267 
74.2629 	 0.0103 	 -0.0042 
74.3128 	 0.0107 	 0.0198 
74.3628 	 0.0103 	 0.0441 
74.4128 	 0.0107 	 0.0676 
74.4628 	 0.0103 	 0.0889 
74.5127 	 0.0106 	 0.1069 
74.5627 	 0.0103 	 0.1206 
74.6127 	 0.0106 	 0.1293 
74.6627 	 0.0103 	 0.1326 
74.7126 	 0.0106 	 0.1303 
74.7626 	 0.0103 	 0.1228 
74.8126 	 0.0106 	 0.1106 
74.8626 	 0.0103 	 0.0946 
74.9125 	 0.0106 	 0.0759 
74.9625 	 0.0102 	 0.0557 
75.0125 	 0.0106 	 0.0354 
75.0625 	 0.0102 	 0.0164 
75.1124 	 0.0106 	 -0.0001 
75.1624 	 0.0102 	 -0.0130 
75.2124 	 0.0105 	 -0.0217 
75.2624 	 0.0102 	 -0.0261 
75.3123 	 0.0105 	 -0.0264 
75.3623 	 0.0102 	 -0.0232 
75.4123 	 0.0105 	 -0.0178 
75.4623 	 0.0102 	 -0.0112 
75.5122 	 0.0105 	 -0.0049 
75.5622 	 0.0102 	 -0.0000 
75.6122 	 0.0105 	 0.0024 
75.6622 	 0.0102 	 0.0017 
75.7121 	 0.0105 	 -0.0024 
75.7621 	 0.0101 	 -0.0097 
75.8121 	 0.0105 	 -0.0198 
75.8621 	 0.0101 	 -0.0318 
75.9120 	 0.0104 	 -0.0444 
75.9620 	 0.0101 	 -0.0563 
76.0120 	 0.0104 	 -0.0660 
76.0620 	 0.0101 	 -0.0723 
76.1119 	 0.0104 	 -0.0740 
76.1619 	 0.0101 	 -0.0703 
76.2119 	 0.0104 	 -0.0607 
76.2619 	 0.0101 	 -0.0455 
76.3118 	 0.0104 	 -0.0250 
76.3618 	 0.0101 	 -0.0001 
76.4118 	 0.0104 	 0.0278 
76.4618 	 0.0100 	 0.0572 
76.5117 	 0.0104 	 0.0866 
76.5617 	 0.0100 	 0.1140 
76.6117 	 0.0103 	 0.1379 
76.6617 	 0.0100 	 0.1565 
76.7116 	 0.0103 	 0.1686 
76.7616 	 0.0100 	 0.1731 
76.8116 	 0.0103 	 0.1693 
76.8616 	 0.0100 	 0.1572 
76.9115 	 0.0103 	 0.1371 
76.9615 	 0.0100 	 0.1099 
77.0115 	 0.0103 	 0.0769 
77.0615 	 0.0100 	 0.0400 
77.1114 	 0.0103 	 0.0011 
77.1614 	 0.0100 	 -0.0377 
77.2114 	 0.0103 	 -0.0744 
77.2614 	 0.0099 	 -0.1071 
77.3113 	 0.0103 	 -0.1345 
77.3613 	 0.0099 	 -0.1555 
77.4113 	 0.0102 	 -0.1698 
77.4613 	 0.0099 	 -0.1773 
77.5112 	 0.0102 	 -0.1784 
77.5612 	 0.0099 	 -0.1741 
77.6112 	 0.0102 	 -0.1653 
77.6612 	 0.0099 	 -0.1533 
77.7111 	 0.0102 	 -0.1393 
77.7611 	 0.0099 	 -0.1246 
77.8111 	 0.0102 	 -0.1102 
77.8611 	 0.0099 	 -0.0968 
77.9110 	 0.0102 	 -0.0852 
77.9610 	 0.0099 	 -0.0754 
78.0110 	 0.0102 	 -0.0676 
78.0610 	 0.0099 	 -0.0614 
78.1109 	 0.0102 	 -0.0565 
78.1609 	 0.0098 	 -0.0521 
78.2109 	 0.0102 	 -0.0476 
78.2609 	 0.0098 	 -0.0423 
78.3108 	 0.0101 	 -0.0355 
78.3608 	 0.0098 	 -0.0267 
78.4108 	 0.0101 	 -0.0156 
78.4608 	 0.0098 	 -0.0021 
78.5107 	 0.0101 	 0.0136 
78.5607 	 0.0098 	 0.0312 
78.6107 	 0.0101 	 0.0499 
78.6607 	 0.0098 	 0.0692 
78.7106 	 0.0101 	 0.0882 
78.7606 	 0.0098 	 0.1061 
78.8106 	 0.0101 	 0.1222 
78.8606 	 0.0098 	 0.1359 
78.9105 	 0.0101 	 0.1466 
78.9605 	 0.0098 	 0.1540 
79.0105 	 0.0101 	 0.1579 
79.0605 	 0.0097 	 0.1581 
79.1104 	 0.0100 	 0.1547 
79.1604 	 0.0097 	 0.1480 
79.2104 	 0.0100 	 0.1383 
79.2604 	 0.0097 	 0.1257 
79.3103 	 0.0100 	 0.1109 
79.3603 	 0.0097 	 0.0941 
79.4103 	 0.0100 	 0.0758 
79.4603 	 0.0097 	 0.0565 
79.5102 	 0.0100 	 0.0365 
79.5602 	 0.0097 	 0.0164 
79.6102 	 0.0100 	 -0.0035 
79.6602 	 0.0097 	 -0.0228 
79.7101 	 0.0100 	 -0.0411 
79.7601 	 0.0097 	 -0.0580 
79.8101 	 0.0100 	 -0.0732 
79.8601 	 0.0097 	 -0.0864 
79.9100 	 0.0100 	 -0.0973 
79.9600 	 0.0097 	 -0.1054 
80.0100 	 0.0099 	 -0.1105 
80.0600 	 0.0096 	 -0.1121 
80.1099 	 0.0099 	 -0.1099 
80.1599 	 0.0096 	 -0.1035 
80.2099 	 0.0099 	 -0.0928 
80.2599 	 0.0096 	 -0.0780 
80.3098 	 0.0099 	 -0.0593 
80.3598 	 0.0096 	 -0.0374 
80.4098 	 0.0099 	 -0.0133 
80.4598 	 0.0096 	 0.0117 
80.5097 	 0.0099 	 0.0364 
80.5597 	 0.0096 	 0.0593 
80.6097 	 0.0099 	 0.0792 
80.6597 	 0.0096 	 0.0947 
80.7096 	 0.0099 	 0.1049 
80.7596 	 0.0096 	 0.1091 
80.8096 	 0.0099 	 0.1070 
80.8596 	 0.0096 	 0.0986 
80.9095 	 0.0099 	 0.0843 
80.9595 	 0.0095 	 0.0650 
81.0095 	 0.0098 	 0.0419 
81.0595 	 0.0095 	 0.0163 
81.1094 	 0.0098 	 -0.0101 
81.1594 	 0.0095 	 -0.0357 
81.2094 	 0.0098 	 -0.0588 
81.2594 	 0.0095 	 -0.0780 
81.3093 	 0.0098 	 -0.0921 
81.3593 	 0.0095 	 -0.1003 
81.4093 	 0.0098 	 -0.1021 
81.4593 	 0.0095 	 -0.0977 
81.5092 	 0.0098 	 -0.0875 
81.5592 	 0.0095 	 -0.0726 
81.6092 	 0.0098 	 -0.0544 
81.6592 	 0.0095 	 -0.0344 
81.7091 	 0.0098 	 -0.0146 
81.7591 	 0.0095 	 0.0035 
81.8091 	 0.0098 	 0.0182 
81.8591 	 0.0095 	 0.0282 
81.9090 	 0.0098 	 0.0329 
81.9590 	 0.0095 	 0.0320 
82.0090 	 0.0098 	 0.0257 
82.0590 	 0.0095 	 0.0150 
82.1089 	 0.0097 	 0.0012 
82.1589 	 0.0094 	 -0.0142 
82.2089 	 0.0097 	 -0.0292 
82.2589 	 0.0094 	 -0.0422 
82.3088 	 0.0097 	 -0.0517 
82.3588 	 0.0094 	 -0.0566 
82.4088 	 0.0097 	 -0.0563 
82.4588 	 0.0094 	 -0.0507 
82.5087 	 0.0097 	 -0.0400 
82.5587 	 0.0094 	 -0.0253 
82.6087 	 0.0097 	 -0.0075 
82.6587 	 0.0094 	 0.0119 
82.7086 	 0.0097 	 0.0312 
82.7586 	 0.0094 	 0.0491 
82.8086 	 0.0097 	 0.0639 
82.8586 	 0.0094 	 0.0745 
82.9085 	 0.0097 	 0.0799 
82.9585 	 0.0094 	 0.0796 
83.0085 	 0.0097 	 0.0736 
83.0585 	 0.0094 	 0.0622 
83.1084 	 0.0097 	 0.0461 
83.1584 	 0.0094 	 0.0264 
83.2084 	 0.0096 	 0.0044 
83.2584 	 0.0093 	 -0.0185 
83.3083 	 0.0096 	 -0.0407 
83.3583 	 0.0093 	 -0.0608 
83.4083 	 0.0096 	 -0.0777 
83.4583 	 0.0093 	 -0.0904 
83.5082 	 0.0096 	 -0.0983 
83.5582 	 0.0093 	 -0.1012 
83.6082 	 0.0096 	 -0.0991 
83.6582 	 0.0093 	 -0.0923 
83.7081 	 0.0096 	 -0.0815 
83.7581 	 0.0093 	 -0.0674 
83.8081 	 0.0096 	 -0.0507 
83.8581 	 0.0093 	 -0.0322 
83.9080 	 0.0096 	 -0.0125 
83.9580 	 0.0093 	 0.0079 
84.0080 	 0.0096 	 0.0284 
84.0580 	 0.0093 	 0.0487 
84.1079 	 0.0096 	 0.0682 
84.1579 	 0.0093 	 0.0865 
84.2079 	 0.0096 	 0.1031 
84.2579 	 0.0093 	 0.1174 
84.3078 	 0.0096 	 0.1289 
84.3578 	 0.0093 	 0.1371 
84.4078 	 0.0095 	 0.1415 
84.4578 	 0.0093 	 0.1419 
84.5077 	 0.0095 	 0.1382 
84.5577 	 0.0092 	 0.1305 
84.6077 	 0.0095 	 0.1191 
84.6577 	 0.0092 	 0.1045 
84.7076 	 0.0095 	 0.0876 
84.7576 	 0.0092 	 0.0691 
84.8076 	 0.0095 	 0.0500 
84.8576 	 0.0092 	 0.0312 
84.9075 	 0.0095 	 0.0134 
84.9575 	 0.0092 	 -0.0027 
85.0075 	 0.0095 	 -0.0167 
85.0575 	 0.0092 	 -0.0284 
85.1074 	 0.0095 	 -0.0377 
85.1574 	 0.0092 	 -0.0448 
85.2074 	 0.0095 	 -0.0502 
85.2574 	 0.0092 	 -0.0542 
85.3073 	 0.0095 	 -0.0574 
85.3573 	 0.0092 	 -0.0605 
85.4073 	 0.0095 	 -0.0639 
85.4573 	 0.0092 	 -0.0683 
85.5072 	 0.0095 	 -0.0739 
85.5572 	 0.0092 	 -0.0810 
85.6072 	 0.0095 	 -0.0895 
85.6572 	 0.0092 	 -0.0993 
85.7071 	 0.0094 	 -0.1099 
85.7571 	 0.0092 	 -0.1204 
85.8071 	 0.0094 	 -0.1301 
85.8571 	 0.0092 	 -0.1379 
85.9070 	 0.0094 	 -0.1428 
85.9570 	 0.0091 	 -0.1439 
86.0070 	 0.0094 	 -0.1405 
86.0570 	 0.0091 	 -0.1319 
86.1069 	 0.0094 	 -0.1181 
86.1569 	 0.0091 	 -0.0992 
86.2069 	 0.0094 	 -0.0758 
86.2569 	 0.0091 	 -0.0486 
86.3068 	 0.0094 	 -0.0190 
86.3568 	 0.0091 	 0.0117 
86.4068 	 0.0094 	 0.0420 
86.4568 	 0.0091 	 0.0704 
86.5067 	 0.0094 	 0.0956 
86.5567 	 0.0091 	 0.1164 
86.6067 	 0.0094 	 0.1319 
86.6567 	 0.0091 	 0.1418 
86.7066 	 0.0094 	 0.1458 
86.7566 	 0.0091 	 0.1441 
86.8066 	 0.0094 	 0.1372 
86.8566 	 0.0091 	 0.1259 
86.9065 	 0.0094 	 0.1112 
86.9565 	 0.0091 	 0.0940 
87.0065 	 0.0094 	 0.0756 
87.0565 	 0.0091 	 0.0570 
87.1064 	 0.0094 	 0.0395 
87.1564 	 0.0091 	 0.0237 
87.2064 	 0.0094 	 0.0105 
87.2564 	 0.0091 	 0.0002 
87.3063 	 0.0093 	 -0.0071 
87.3563 	 0.0091 	 -0.0116 
87.4063 	 0.0093 	 -0.0136 
87.4563 	 0.0091 	 -0.0137 
87.5062 	 0.0093 	 -0.0128 
87.5562 	 0.0090 	 -0.0116 
87.6062 	 0.0093 	 -0.0108 
87.6562 	 0.0090 	 -0.0110 
87.7061 	 0.0093 	 -0.0127 
87.7561 	 0.0090 	 -0.0160 
87.8061 	 0.0093 	 -0.0206 
87.8561 	 0.0090 	 -0.0265 
87.9060 	 0.0093 	 -0.0329 
87.9560 	 0.0090 	 -0.0393 
88.0060 	 0.0093 	 -0.0449 
88.0560 	 0.0090 	 -0.0490 
88.1059 	 0.0093 	 -0.0510 
88.1559 	 0.0090 	 -0.0504 
88.2059 	 0.0093 	 -0.0472 
88.2559 	 0.0090 	 -0.0413 
88.3058 	 0.0093 	 -0.0331 
88.3558 	 0.0090 	 -0.0231 
88.4058 	 0.0093 	 -0.0117 
88.4558 	 0.0090 	 0.0002 
88.5057 	 0.0093 	 0.0121 
88.5557 	 0.0090 	 0.0232 
88.6057 	 0.0093 	 0.0332 
88.6557 	 0.0090 	 0.0414 
88.7056 	 0.0093 	 0.0478 
88.7556 	 0.0090 	 0.0521 
88.8056 	 0.0093 	 0.0542 
88.8556 	 0.0090 	 0.0543 
88.9055 	 0.0093 	 0.0524 
88.9555 	 0.0090 	 0.0485 
89.0055 	 0.0093 	 0.0429 
89.0555 	 0.0090 	 0.0355 
89.1054 	 0.0092 	 0.0267 
89.1554 	 0.0090 	 0.0167 
89.2054 	 0.0092 	 0.0057 
89.2554 	 0.0090 	 -0.0059 
89.3053 	 0.0092 	 -0.0176 
89.3553 	 0.0089 	 -0.0288 
89.4053 	 0.0092 	 -0.0389 
89.4553 	 0.0089 	 -0.0472 
89.5052 	 0.0092 	 -0.0531 
89.5552 	 0.0089 	 -0.0558 
89.6052 	 0.0092 	 -0.0549 
89.6552 	 0.0089 	 -0.0502 
89.7051 	 0.0092 	 -0.0415 
89.7551 	 0.0089 	 -0.0293 
89.8051 	 0.0092 	 -0.0141 
89.8551 	 0.0089 	 0.0033 
89.9050 	 0.0092 	 0.0218 
89.9550 	 0.0089 	 0.0400 
90.0050 	 0.0092 	 0.0568 
90.0550 	 0.0089 	 0.0706 
90.1049 	 0.0092 	 0.0805 
90.1549 	 0.0089 	 0.0854 
90.2049 	 0.0092 	 0.0850 
90.2549 	 0.0089 	 0.0790 
90.3048 	 0.0092 	 0.0679 
90.3548 	 0.0089 	 0.0523 
90.4048 	 0.0092 	 0.0333 
90.4548 	 0.0089 	 0.0123 
90.5047 	 0.0092 	 -0.0095 
90.5547 	 0.0089 	 -0.0307 
90.6047 	 0.0092 	 -0.0501 
90.6547 	 0.0089 	 -0.0668 
90.7046 	 0.0092 	 -0.0802 
90.7546 	 0.0089 	 -0.0900 
90.8046 	 0.0092 	 -0.0962 
90.8546 	 0.0089 	 -0.0992 
90.9045 	 0.0092 	 -0.0995 
90.9545 	 0.0089 	 -0.0975 
91.0045 	 0.0092 	 -0.0938 
91.0545 	 0.0089 	 -0.0891 
91.1044 	 0.0092 	 -0.0836 
91.1544 	 0.0089 	 -0.0775 
91.2044 	 0.0091 	 -0.0709 
91.2544 	 0.0089 	 -0.0635 
91.3043 	 0.0091 	 -0.0550 
91.3543 	 0.0089 	 -0.0448 
91.4043 	 0.0091 	 -0.0325 
91.4543 	 0.0089 	 -0.0178 
91.5042 	 0.0091 	 -0.0005 
91.5542 	 0.0089 	 0.0194 
91.6042 	 0.0091 	 0.0414 
91.6542 	 0.0088 	 0.0650 
91.7041 	 0.0091 	 0.0892 
91.7541 	 0.0088 	 0.1126 
91.8041 	 0.0091 	 0.1339 
91.8541 	 0.0088 	 0.1517 
91.9040 	 0.0091 	 0.1645 
91.9540 	 0.0088 	 0.1715 
92.0040 	 0.0091 	 0.1716 
92.0540 	 0.0088 	 0.1647 
92.1039 	 0.0091 	 0.1507 
92.1539 	 0.0088 	 0.1301 
92.2039 	 0.0091 	 0.1039 
92.2539 	 0.0088 	 0.0731 
92.3038 	 0.0091 	 0.0392 
92.3538 	 0.0088 	 0.0039 
92.4038 	 0.0091 	 -0.0313 
92.4538 	 0.0088 	 -0.0646 
92.5037 	 0.0091 	 -0.0946 
92.5537 	 0.0088 	 -0.1199 
92.6037 	 0.0091 	 -0.1395 
92.6537 	 0.0088 	 -0.1526 
92.7036 	 0.0091 	 -0.1589 
92.7536 	 0.0088 	 -0.1586 
92.8036 	 0.0091 	 -0.1520 
92.8536 	 0.0088 	 -0.1399 
92.9035 	 0.0091 	 -0.1234 
92.9535 	 0.0088 	 -0.1037 
93.0035 	 0.0091 	 -0.0820 
93.0535 	 0.0088 	 -0.0596 
93.1034 	 0.0091 	 -0.0375 
93.1534 	 0.0088 	 -0.0166 
93.2034 	 0.0091 	 0.0023 
93.2534 	 0.0088 	 0.0188 
93.3033 	 0.0091 	 0.0325 
93.3533 	 0.0088 	 0.0433 
93.4033 	 0.0091 	 0.0513 
93.4533 	 0.0088 	 0.0566 
93.5032 	 0.0091 	 0.0597 
93.5532 	 0.0088 	 0.0608 
93.6032 	 0.0091 	 0.0603 
93.6532 	 0.0088 	 0.0584 
93.7031 	 0.0091 	 0.0555 
93.7531 	 0.0088 	 0.0517 
93.8031 	 0.0091 	 0.0471 
93.8531 	 0.0088 	 0.0419 
93.9030 	 0.0091 	 0.0361 
93.9530 	 0.0088 	 0.0300 
94.0030 	 0.0091 	 0.0236 
94.0530 	 0.0088 	 0.0170 
94.1029 	 0.0090 	 0.0106 
94.1529 	 0.0088 	 0.0044 
94.2029 	 0.0090 	 -0.0012 
94.2529 	 0.0088 	 -0.0062 
94.3028 	 0.0090 	 -0.0104 
94.3528 	 0.0088 	 -0.0137 
94.4028 	 0.0090 	 -0.0161 
94.4528 	 0.0088 	 -0.0174 
94.5027 	 0.0090 	 -0.0179 
94.5527 	 0.0088 	 -0.0176 
94.6027 	 0.0090 	 -0.0166 
94.6527 	 0.0088 	 -0.0150 
94.7026 	 0.0090 	 -0.0131 
94.7526 	 0.0088 	 -0.0109 
94.8026 	 0.0090 	 -0.0086 
94.8526 	 0.0088 	 -0.0063 
94.9025 	 0.0090 	 -0.0039 
94.9525 	 0.0087 	 -0.0016 
95.0025 	 0.0090 	 0.0008 
95.0525 	 0.0087 	 0.0032 
95.1024 	 0.0090 	 0.0056 
95.1524 	 0.0087 	 0.0078 
95.2024 	 0.0090 	 0.0100 
95.2524 	 0.0087 	 0.0118 
95.3023 	 0.0090 	 0.0133 
95.3523 	 0.0087 	 0.0142 
95.4023 	 0.0090 	 0.0145 
95.4523 	 0.0087 	 0.0142 
95.5022 	 0.0090 	 0.0132 
95.5522 	 0.0087 	 0.0115 
95.6022 	 0.0090 	 0.0091 
95.6522 	 0.0087 	 0.0061 
95.7021 	 0.0090 	 0.0026 
95.7521 	 0.0087 	 -0.0012 
95.8021 	 0.0090 	 -0.0052 
95.8521 	 0.0087 	 -0.0092 
95.9020 	 0.0090 	 -0.0130 
95.9520 	 0.0087 	 -0.0164 
96.0020 	 0.0090 	 -0.0192 
96.0520 	 0.0087 	 -0.0212 
96.1019 	 0.0090 	 -0.0222 
96.1519 	 0.0087 	 -0.0221 
96.2019 	 0.0090 	 -0.0209 
96.2519 	 0.0087 	 -0.0187 
96.3018 	 0.0090 	 -0.0156 
96.3518 	 0.0087 	 -0.0118 
96.4018 	 0.0090 	 -0.0074 
96.4518 	 0.0087 	 -0.0026 
96.5017 	 0.0090 	 0.0024 
96.5517 	 0.0087 	 0.0074 
96.6017 	 0.0090 	 0.0122 
96.6517 	 0.0087 	 0.0167 
96.7016 	 0.0090 	 0.0206 
96.7516 	 0.0087 	 0.0237 
96.8016 	 0.0090 	 0.0258 
96.8516 	 0.0087 	 0.0269 
96.9015 	 0.0090 	 0.0268 
96.9515 	 0.0087 	 0.0255 
97.0015 	 0.0090 	 0.0231 
97.0515 	 0.0087 	 0.0198 
97.1014 	 0.0090 	 0.0158 
97.1514 	 0.0087 	 0.0113 
97.2014 	 0.0090 	 0.0068 
97.2514 	 0.0087 	 0.0026 
97.3013 	 0.0090 	 -0.0011 
97.3513 	 0.0087 	 -0.0039 
97.4013 	 0.0090 	 -0.0057 
97.4513 	 0.0087 	 -0.0065 
97.5012 	 0.0090 	 -0.0063 
97.5512 	 0.0087 	 -0.0054 
97.6012 	 0.0090 	 -0.0041 
97.6512 	 0.0087 	 -0.0027 
97.7011 	 0.0090 	 -0.0015 
97.7511 	 0.0087 	 -0.0008 
97.8011 	 0.0090 	 -0.0008 
97.8511 	 0.0087 	 -0.0016 
97.9010 	 0.0090 	 -0.0032 
97.9510 	 0.0087 	 -0.0055 
98.0010 	 0.0090 	 -0.0082 
98.0510 	 0.0087 	 -0.0112 
98.1009 	 0.0090 	 -0.0141 
98.1509 	 0.0087 	 -0.0168 
98.2009 	 0.0090 	 -0.0188 
98.2509 	 0.0087 	 -0.0201 
98.3008 	 0.0090 	 -0.0205 
98.3508 	 0.0087 	 -0.0200 
98.4008 	 0.0090 	 -0.0185 
98.4508 	 0.0087 	 -0.0163 
98.5007 	 0.0090 	 -0.0134 
98.5507 	 0.0087 	 -0.0101 
98.6007 	 0.0090 	 -0.0065 
98.6507 	 0.0087 	 -0.0029 
98.7006 	 0.0090 	 0.0006 
98.7506 	 0.0087 	 0.0039 
98.8006 	 0.0090 	 0.0068 
98.8506 	 0.0087 	 0.0091 
98.9005 	 0.0090 	 0.0108 
98.9505 	 0.0087 	 0.0118 
99.0005 	 0.0090 	 0.0122 
99.0505 	 0.0087 	 0.0119 
99.1004 	 0.0090 	 0.0110 
99.1504 	 0.0087 	 0.0097 
99.2004 	 0.0090 	 0.0082 
99.2504 	 0.0087 	 0.0065 
99.3003 	 0.0090 	 0.0049 
99.3503 	 0.0087 	 0.0034 
99.4003 	 0.0090 	 0.0022 
99.4503 	 0.0087 	 0.0012 
99.5002 	 0.0090 	 0.0007 
99.5502 	 0.0087 	 0.0004 
99.6002 	 0.0090 	 0.0003 
99.6502 	 0.0087 	 0.0005 
99.7001 	 0.0090 	 0.0006 
99.7501 	 0.0087 	 0.0007 
99.8001 	 0.0090 	 0.0008 
99.8501 	 0.0087 	 0.0007 
99.9000 	 0.0090 	 0.0005 
99.9500 	 0.0087 	 0.0003 
