0.0000 	 23.6717 
0.0050 	 23.1297 
0.0100 	 21.5452 
0.0150 	 19.0355 
0.0200 	 15.7801 
0.0250 	 12.0007 
0.0300 	 7.9386 
0.0350 	 3.8335 
0.0400 	 -0.0950 
0.0450 	 -3.6604 
0.0500 	 -6.7183 
0.0550 	 -9.1708 
0.0600 	 -10.9663 
0.0650 	 -12.0973 
0.0700 	 -12.5953 
0.0750 	 -12.5234 
0.0800 	 -11.9693 
0.0850 	 -11.0362 
0.0900 	 -9.8354 
0.0950 	 -8.4779 
0.1000 	 -7.0676 
0.1050 	 -5.6957 
0.1100 	 -4.4361 
0.1150 	 -3.3421 
0.1200 	 -2.4452 
0.1250 	 -1.7554 
0.1300 	 -1.2631 
0.1350 	 -0.9420 
0.1400 	 -0.7537 
0.1450 	 -0.6524 
0.1500 	 -0.5902 
0.1550 	 -0.5219 
0.1600 	 -0.4094 
0.1650 	 -0.2248 
0.1700 	 0.0472 
0.1750 	 0.4089 
0.1800 	 0.8494 
0.1850 	 1.3467 
0.1900 	 1.8701 
0.1950 	 2.3836 
0.2000 	 2.8493 
0.2050 	 3.2309 
0.2100 	 3.4974 
0.2150 	 3.6254 
0.2200 	 3.6012 
0.2250 	 3.4217 
0.2300 	 3.0945 
0.2350 	 2.6371 
0.2400 	 2.0753 
0.2450 	 1.4413 
0.2500 	 0.7709 
0.2550 	 0.1013 
0.2600 	 -0.5317 
0.2650 	 -1.0960 
0.2700 	 -1.5652 
0.2750 	 -1.9198 
0.2800 	 -2.1485 
0.2850 	 -2.2480 
0.2900 	 -2.2231 
0.2950 	 -2.0857 
0.3000 	 -1.8537 
0.3050 	 -1.5495 
0.3100 	 -1.1982 
0.3150 	 -0.8257 
0.3200 	 -0.4575 
0.3250 	 -0.1165 
0.3300 	 0.1778 
0.3350 	 0.4107 
0.3400 	 0.5724 
0.3450 	 0.6590 
0.3500 	 0.6718 
0.3550 	 0.6172 
0.3600 	 0.5055 
0.3650 	 0.3506 
0.3700 	 0.1681 
0.3750 	 -0.0254 
0.3800 	 -0.2135 
0.3850 	 -0.3815 
0.3900 	 -0.5167 
0.3950 	 -0.6094 
0.4000 	 -0.6535 
0.4050 	 -0.6460 
0.4100 	 -0.5878 
0.4150 	 -0.4825 
0.4200 	 -0.3364 
0.4250 	 -0.1581 
0.4300 	 0.0426 
0.4350 	 0.2554 
0.4400 	 0.4697 
0.4450 	 0.6756 
0.4500 	 0.8643 
0.4550 	 1.0285 
0.4600 	 1.1629 
0.4650 	 1.2639 
0.4700 	 1.3298 
0.4750 	 1.3603 
0.4800 	 1.3569 
0.4850 	 1.3219 
0.4900 	 1.2585 
0.4950 	 1.1701 
0.5000 	 1.0607 
0.5050 	 0.9341 
0.5100 	 0.7939 
0.5150 	 0.6437 
0.5200 	 0.4868 
0.5250 	 0.3260 
0.5300 	 0.1638 
0.5350 	 0.0026 
0.5400 	 -0.1556 
0.5450 	 -0.3092 
0.5500 	 -0.4565 
0.5550 	 -0.5959 
0.5600 	 -0.7258 
0.5650 	 -0.8444 
0.5700 	 -0.9498 
0.5750 	 -1.0400 
0.5800 	 -1.1131 
0.5850 	 -1.1671 
0.5900 	 -1.2003 
0.5950 	 -1.2112 
0.6000 	 -1.1990 
0.6050 	 -1.1635 
0.6100 	 -1.1050 
0.6150 	 -1.0245 
0.6200 	 -0.9239 
0.6250 	 -0.8057 
0.6300 	 -0.6730 
0.6350 	 -0.5293 
0.6400 	 -0.3789 
0.6450 	 -0.2261 
0.6500 	 -0.0753 
0.6550 	 0.0691 
0.6600 	 0.2029 
0.6650 	 0.3228 
0.6700 	 0.4257 
0.6750 	 0.5095 
0.6800 	 0.5731 
0.6850 	 0.6162 
0.6900 	 0.6395 
0.6950 	 0.6447 
0.7000 	 0.6340 
0.7050 	 0.6103 
0.7100 	 0.5769 
0.7150 	 0.5373 
0.7200 	 0.4952 
0.7250 	 0.4540 
0.7300 	 0.4168 
0.7350 	 0.3863 
0.7400 	 0.3645 
0.7450 	 0.3527 
0.7500 	 0.3513 
0.7550 	 0.3600 
0.7600 	 0.3772 
0.7650 	 0.4008 
0.7700 	 0.4275 
0.7750 	 0.4537 
0.7800 	 0.4751 
0.7850 	 0.4873 
0.7900 	 0.4861 
0.7950 	 0.4675 
0.8000 	 0.4279 
0.8050 	 0.3648 
0.8100 	 0.2765 
0.8150 	 0.1628 
0.8200 	 0.0246 
0.8250 	 -0.1355 
0.8300 	 -0.3137 
0.8350 	 -0.5045 
0.8400 	 -0.7015 
0.8450 	 -0.8975 
0.8500 	 -1.0847 
0.8550 	 -1.2552 
0.8600 	 -1.4014 
0.8650 	 -1.5164 
0.8700 	 -1.5944 
0.8750 	 -1.6307 
0.8800 	 -1.6223 
0.8850 	 -1.5678 
0.8900 	 -1.4674 
0.8950 	 -1.3232 
0.9000 	 -1.1387 
0.9050 	 -0.9191 
0.9100 	 -0.6711 
0.9150 	 -0.4020 
0.9200 	 -0.1206 
0.9250 	 0.1642 
0.9300 	 0.4432 
0.9350 	 0.7073 
0.9400 	 0.9481 
0.9450 	 1.1579 
0.9500 	 1.3307 
0.9550 	 1.4617 
0.9600 	 1.5481 
0.9650 	 1.5887 
0.9700 	 1.5845 
0.9750 	 1.5380 
0.9800 	 1.4534 
0.9850 	 1.3362 
0.9900 	 1.1928 
0.9950 	 1.0301 
1.0000 	 0.8554 
1.0050 	 0.6757 
1.0100 	 0.4973 
1.0150 	 0.3259 
1.0200 	 0.1663 
1.0250 	 0.0221 
1.0300 	 -0.1042 
1.0350 	 -0.2112 
1.0400 	 -0.2986 
1.0450 	 -0.3667 
1.0500 	 -0.4170 
1.0550 	 -0.4511 
1.0600 	 -0.4712 
1.0650 	 -0.4795 
1.0700 	 -0.4780 
1.0750 	 -0.4685 
1.0800 	 -0.4522 
1.0850 	 -0.4304 
1.0900 	 -0.4036 
1.0950 	 -0.3724 
1.1000 	 -0.3373 
1.1050 	 -0.2989 
1.1100 	 -0.2581 
1.1150 	 -0.2162 
1.1200 	 -0.1747 
1.1250 	 -0.1356 
1.1300 	 -0.1005 
1.1350 	 -0.0713 
1.1400 	 -0.0492 
1.1450 	 -0.0352 
1.1500 	 -0.0293 
1.1550 	 -0.0311 
1.1600 	 -0.0394 
1.1650 	 -0.0527 
1.1700 	 -0.0690 
1.1750 	 -0.0862 
1.1800 	 -0.1023 
1.1850 	 -0.1156 
1.1900 	 -0.1246 
1.1950 	 -0.1282 
1.2000 	 -0.1257 
1.2050 	 -0.1170 
1.2100 	 -0.1022 
1.2150 	 -0.0818 
1.2200 	 -0.0568 
1.2250 	 -0.0281 
1.2300 	 0.0028 
1.2350 	 0.0347 
1.2400 	 0.0662 
1.2450 	 0.0960 
1.2500 	 0.1230 
1.2550 	 0.1464 
1.2600 	 0.1656 
1.2650 	 0.1804 
1.2700 	 0.1906 
1.2750 	 0.1966 
1.2800 	 0.1987 
1.2850 	 0.1972 
1.2900 	 0.1927 
1.2950 	 0.1855 
1.3000 	 0.1758 
1.3050 	 0.1637 
1.3100 	 0.1490 
1.3150 	 0.1315 
1.3200 	 0.1108 
1.3250 	 0.0867 
1.3300 	 0.0587 
1.3350 	 0.0265 
1.3400 	 -0.0099 
1.3450 	 -0.0502 
1.3500 	 -0.0941 
1.3550 	 -0.1407 
1.3600 	 -0.1886 
1.3650 	 -0.2363 
1.3700 	 -0.2819 
1.3750 	 -0.3232 
1.3800 	 -0.3580 
1.3850 	 -0.3840 
1.3900 	 -0.3992 
1.3950 	 -0.4018 
1.4000 	 -0.3904 
1.4050 	 -0.3643 
1.4100 	 -0.3234 
1.4150 	 -0.2683 
1.4200 	 -0.2002 
1.4250 	 -0.1213 
1.4300 	 -0.0341 
1.4350 	 0.0581 
1.4400 	 0.1517 
1.4450 	 0.2428 
1.4500 	 0.3274 
1.4550 	 0.4017 
1.4600 	 0.4618 
1.4650 	 0.5046 
1.4700 	 0.5274 
1.4750 	 0.5283 
1.4800 	 0.5065 
1.4850 	 0.4622 
1.4900 	 0.3967 
1.4950 	 0.3124 
1.5000 	 0.2126 
1.5050 	 0.1014 
1.5100 	 -0.0163 
1.5150 	 -0.1357 
1.5200 	 -0.2515 
1.5250 	 -0.3588 
1.5300 	 -0.4533 
1.5350 	 -0.5311 
1.5400 	 -0.5890 
1.5450 	 -0.6248 
1.5500 	 -0.6374 
1.5550 	 -0.6261 
1.5600 	 -0.5917 
1.5650 	 -0.5353 
1.5700 	 -0.4589 
1.5750 	 -0.3652 
1.5800 	 -0.2574 
1.5850 	 -0.1391 
1.5900 	 -0.0141 
1.5950 	 0.1134 
1.6000 	 0.2396 
1.6050 	 0.3603 
1.6100 	 0.4720 
1.6150 	 0.5714 
1.6200 	 0.6557 
1.6250 	 0.7227 
1.6300 	 0.7708 
1.6350 	 0.7991 
1.6400 	 0.8075 
1.6450 	 0.7962 
1.6500 	 0.7663 
1.6550 	 0.7193 
1.6600 	 0.6572 
1.6650 	 0.5820 
1.6700 	 0.4961 
1.6750 	 0.4018 
1.6800 	 0.3015 
1.6850 	 0.1975 
1.6900 	 0.0917 
1.6950 	 -0.0138 
1.7000 	 -0.1172 
1.7050 	 -0.2166 
1.7100 	 -0.3102 
1.7150 	 -0.3964 
1.7200 	 -0.4733 
1.7250 	 -0.5390 
1.7300 	 -0.5919 
1.7350 	 -0.6304 
1.7400 	 -0.6531 
1.7450 	 -0.6591 
1.7500 	 -0.6480 
1.7550 	 -0.6200 
1.7600 	 -0.5758 
1.7650 	 -0.5168 
1.7700 	 -0.4451 
1.7750 	 -0.3632 
1.7800 	 -0.2742 
1.7850 	 -0.1815 
1.7900 	 -0.0886 
1.7950 	 0.0007 
1.8000 	 0.0829 
1.8050 	 0.1545 
1.8100 	 0.2126 
1.8150 	 0.2545 
1.8200 	 0.2786 
1.8250 	 0.2839 
1.8300 	 0.2706 
1.8350 	 0.2397 
1.8400 	 0.1933 
1.8450 	 0.1346 
1.8500 	 0.0671 
1.8550 	 -0.0048 
1.8600 	 -0.0767 
1.8650 	 -0.1444 
1.8700 	 -0.2040 
1.8750 	 -0.2522 
1.8800 	 -0.2867 
1.8850 	 -0.3065 
1.8900 	 -0.3114 
1.8950 	 -0.3023 
1.9000 	 -0.2808 
1.9050 	 -0.2494 
1.9100 	 -0.2108 
1.9150 	 -0.1675 
1.9200 	 -0.1223 
1.9250 	 -0.0773 
1.9300 	 -0.0344 
1.9350 	 0.0051 
1.9400 	 0.0405 
1.9450 	 0.0714 
1.9500 	 0.0978 
1.9550 	 0.1203 
1.9600 	 0.1393 
1.9650 	 0.1556 
1.9700 	 0.1698 
1.9750 	 0.1827 
1.9800 	 0.1948 
1.9850 	 0.2065 
1.9900 	 0.2180 
1.9950 	 0.2296 
2.0000 	 0.2411 
2.0050 	 0.2523 
2.0100 	 0.2628 
2.0150 	 0.2718 
2.0200 	 0.2786 
2.0250 	 0.2820 
2.0300 	 0.2811 
2.0350 	 0.2747 
2.0400 	 0.2622 
2.0450 	 0.2431 
2.0500 	 0.2177 
2.0550 	 0.1865 
2.0600 	 0.1508 
2.0650 	 0.1124 
2.0700 	 0.0733 
2.0750 	 0.0357 
2.0800 	 0.0019 
2.0850 	 -0.0264 
2.0900 	 -0.0475 
2.0950 	 -0.0605 
2.1000 	 -0.0652 
2.1050 	 -0.0618 
2.1100 	 -0.0514 
2.1150 	 -0.0353 
2.1200 	 -0.0153 
2.1250 	 0.0065 
2.1300 	 0.0281 
2.1350 	 0.0475 
2.1400 	 0.0630 
2.1450 	 0.0730 
2.1500 	 0.0763 
2.1550 	 0.0723 
2.1600 	 0.0603 
2.1650 	 0.0404 
2.1700 	 0.0128 
2.1750 	 -0.0218 
2.1800 	 -0.0627 
2.1850 	 -0.1084 
2.1900 	 -0.1576 
2.1950 	 -0.2086 
2.2000 	 -0.2593 
2.2050 	 -0.3077 
2.2100 	 -0.3518 
2.2150 	 -0.3896 
2.2200 	 -0.4192 
2.2250 	 -0.4391 
2.2300 	 -0.4479 
2.2350 	 -0.4448 
2.2400 	 -0.4295 
2.2450 	 -0.4023 
2.2500 	 -0.3640 
2.2550 	 -0.3157 
2.2600 	 -0.2593 
2.2650 	 -0.1965 
2.2700 	 -0.1295 
2.2750 	 -0.0603 
2.2800 	 0.0092 
2.2850 	 0.0772 
2.2900 	 0.1418 
2.2950 	 0.2016 
2.3000 	 0.2547 
2.3050 	 0.2997 
2.3100 	 0.3351 
2.3150 	 0.3598 
2.3200 	 0.3730 
2.3250 	 0.3742 
2.3300 	 0.3636 
2.3350 	 0.3422 
2.3400 	 0.3113 
2.3450 	 0.2729 
2.3500 	 0.2294 
2.3550 	 0.1833 
2.3600 	 0.1372 
2.3650 	 0.0933 
2.3700 	 0.0537 
2.3750 	 0.0197 
2.3800 	 -0.0076 
2.3850 	 -0.0280 
2.3900 	 -0.0414 
2.3950 	 -0.0484 
2.4000 	 -0.0497 
2.4050 	 -0.0462 
2.4100 	 -0.0390 
2.4150 	 -0.0291 
2.4200 	 -0.0178 
2.4250 	 -0.0060 
2.4300 	 0.0051 
2.4350 	 0.0147 
2.4400 	 0.0220 
2.4450 	 0.0263 
2.4500 	 0.0274 
2.4550 	 0.0251 
2.4600 	 0.0197 
2.4650 	 0.0117 
2.4700 	 0.0015 
2.4750 	 -0.0100 
2.4800 	 -0.0223 
2.4850 	 -0.0346 
2.4900 	 -0.0465 
2.4950 	 -0.0577 
2.5000 	 -0.0681 
2.5050 	 -0.0776 
2.5100 	 -0.0862 
2.5150 	 -0.0940 
2.5200 	 -0.1009 
2.5250 	 -0.1069 
2.5300 	 -0.1116 
2.5350 	 -0.1148 
2.5400 	 -0.1162 
2.5450 	 -0.1152 
2.5500 	 -0.1116 
2.5550 	 -0.1048 
2.5600 	 -0.0947 
2.5650 	 -0.0812 
2.5700 	 -0.0643 
2.5750 	 -0.0445 
2.5800 	 -0.0224 
2.5850 	 0.0012 
2.5900 	 0.0254 
2.5950 	 0.0491 
2.6000 	 0.0713 
2.6050 	 0.0908 
2.6100 	 0.1067 
2.6150 	 0.1181 
2.6200 	 0.1244 
2.6250 	 0.1250 
2.6300 	 0.1198 
2.6350 	 0.1087 
2.6400 	 0.0922 
2.6450 	 0.0710 
2.6500 	 0.0460 
2.6550 	 0.0185 
2.6600 	 -0.0101 
2.6650 	 -0.0383 
2.6700 	 -0.0643 
2.6750 	 -0.0867 
2.6800 	 -0.1042 
2.6850 	 -0.1158 
2.6900 	 -0.1207 
2.6950 	 -0.1185 
2.7000 	 -0.1096 
2.7050 	 -0.0943 
2.7100 	 -0.0736 
2.7150 	 -0.0486 
2.7200 	 -0.0208 
2.7250 	 0.0082 
2.7300 	 0.0370 
2.7350 	 0.0640 
2.7400 	 0.0880 
2.7450 	 0.1078 
2.7500 	 0.1226 
2.7550 	 0.1319 
2.7600 	 0.1355 
2.7650 	 0.1337 
2.7700 	 0.1269 
2.7750 	 0.1159 
2.7800 	 0.1016 
2.7850 	 0.0852 
2.7900 	 0.0678 
2.7950 	 0.0505 
2.8000 	 0.0344 
2.8050 	 0.0202 
2.8100 	 0.0085 
2.8150 	 -0.0006 
2.8200 	 -0.0069 
2.8250 	 -0.0109 
2.8300 	 -0.0129 
2.8350 	 -0.0136 
2.8400 	 -0.0136 
2.8450 	 -0.0134 
2.8500 	 -0.0136 
2.8550 	 -0.0146 
2.8600 	 -0.0167 
2.8650 	 -0.0199 
2.8700 	 -0.0240 
2.8750 	 -0.0289 
2.8800 	 -0.0341 
2.8850 	 -0.0391 
2.8900 	 -0.0433 
2.8950 	 -0.0462 
2.9000 	 -0.0473 
2.9050 	 -0.0462 
2.9100 	 -0.0428 
2.9150 	 -0.0372 
2.9200 	 -0.0299 
2.9250 	 -0.0213 
2.9300 	 -0.0122 
2.9350 	 -0.0034 
2.9400 	 0.0045 
2.9450 	 0.0108 
2.9500 	 0.0151 
2.9550 	 0.0172 
2.9600 	 0.0170 
2.9650 	 0.0146 
2.9700 	 0.0103 
2.9750 	 0.0040 
2.9800 	 -0.0040 
2.9850 	 -0.0137 
2.9900 	 -0.0253 
2.9950 	 -0.0388 
3.0000 	 -0.0542 
3.0050 	 -0.0715 
3.0100 	 -0.0905 
3.0150 	 -0.1108 
3.0200 	 -0.1315 
3.0250 	 -0.1519 
3.0300 	 -0.1706 
3.0350 	 -0.1861 
3.0400 	 -0.1968 
3.0450 	 -0.2009 
3.0500 	 -0.1968 
3.0550 	 -0.1832 
3.0600 	 -0.1594 
3.0650 	 -0.1250 
3.0700 	 -0.0807 
3.0750 	 -0.0278 
3.0800 	 0.0317 
3.0850 	 0.0949 
3.0900 	 0.1586 
3.0950 	 0.2193 
3.1000 	 0.2734 
3.1050 	 0.3174 
3.1100 	 0.3485 
3.1150 	 0.3644 
3.1200 	 0.3637 
3.1250 	 0.3459 
3.1300 	 0.3117 
3.1350 	 0.2625 
3.1400 	 0.2009 
3.1450 	 0.1300 
3.1500 	 0.0537 
3.1550 	 -0.0241 
3.1600 	 -0.0991 
3.1650 	 -0.1675 
3.1700 	 -0.2259 
3.1750 	 -0.2715 
3.1800 	 -0.3025 
3.1850 	 -0.3178 
3.1900 	 -0.3173 
3.1950 	 -0.3018 
3.2000 	 -0.2726 
3.2050 	 -0.2317 
3.2100 	 -0.1816 
3.2150 	 -0.1248 
3.2200 	 -0.0641 
3.2250 	 -0.0019 
3.2300 	 0.0594 
3.2350 	 0.1176 
3.2400 	 0.1711 
3.2450 	 0.2184 
3.2500 	 0.2581 
3.2550 	 0.2895 
3.2600 	 0.3117 
3.2650 	 0.3241 
3.2700 	 0.3265 
3.2750 	 0.3188 
3.2800 	 0.3013 
3.2850 	 0.2745 
3.2900 	 0.2395 
3.2950 	 0.1975 
3.3000 	 0.1501 
3.3050 	 0.0993 
3.3100 	 0.0469 
3.3150 	 -0.0052 
3.3200 	 -0.0552 
3.3250 	 -0.1014 
3.3300 	 -0.1426 
3.3350 	 -0.1776 
3.3400 	 -0.2059 
3.3450 	 -0.2270 
3.3500 	 -0.2410 
3.3550 	 -0.2482 
3.3600 	 -0.2492 
3.3650 	 -0.2446 
3.3700 	 -0.2354 
3.3750 	 -0.2224 
3.3800 	 -0.2062 
3.3850 	 -0.1874 
3.3900 	 -0.1666 
3.3950 	 -0.1440 
3.4000 	 -0.1201 
3.4050 	 -0.0951 
3.4100 	 -0.0698 
3.4150 	 -0.0445 
3.4200 	 -0.0202 
3.4250 	 0.0024 
3.4300 	 0.0225 
3.4350 	 0.0393 
3.4400 	 0.0524 
3.4450 	 0.0614 
3.4500 	 0.0661 
3.4550 	 0.0664 
3.4600 	 0.0626 
3.4650 	 0.0551 
3.4700 	 0.0442 
3.4750 	 0.0305 
3.4800 	 0.0149 
3.4850 	 -0.0019 
3.4900 	 -0.0188 
3.4950 	 -0.0347 
3.5000 	 -0.0484 
3.5050 	 -0.0588 
3.5100 	 -0.0651 
3.5150 	 -0.0665 
3.5200 	 -0.0628 
3.5250 	 -0.0540 
3.5300 	 -0.0402 
3.5350 	 -0.0221 
3.5400 	 -0.0004 
3.5450 	 0.0242 
3.5500 	 0.0506 
3.5550 	 0.0780 
3.5600 	 0.1052 
3.5650 	 0.1310 
3.5700 	 0.1542 
3.5750 	 0.1736 
3.5800 	 0.1879 
3.5850 	 0.1961 
3.5900 	 0.1974 
3.5950 	 0.1913 
3.6000 	 0.1781 
3.6050 	 0.1585 
3.6100 	 0.1337 
3.6150 	 0.1055 
3.6200 	 0.0759 
3.6250 	 0.0471 
3.6300 	 0.0210 
3.6350 	 -0.0004 
3.6400 	 -0.0158 
3.6450 	 -0.0243 
3.6500 	 -0.0260 
3.6550 	 -0.0213 
3.6600 	 -0.0116 
3.6650 	 0.0015 
3.6700 	 0.0156 
3.6750 	 0.0287 
3.6800 	 0.0384 
3.6850 	 0.0428 
3.6900 	 0.0404 
3.6950 	 0.0303 
3.7000 	 0.0122 
3.7050 	 -0.0134 
3.7100 	 -0.0456 
3.7150 	 -0.0826 
3.7200 	 -0.1223 
3.7250 	 -0.1620 
3.7300 	 -0.1991 
3.7350 	 -0.2308 
3.7400 	 -0.2545 
3.7450 	 -0.2679 
3.7500 	 -0.2694 
3.7550 	 -0.2578 
3.7600 	 -0.2331 
3.7650 	 -0.1959 
3.7700 	 -0.1478 
3.7750 	 -0.0915 
3.7800 	 -0.0300 
3.7850 	 0.0329 
3.7900 	 0.0933 
3.7950 	 0.1474 
3.8000 	 0.1918 
3.8050 	 0.2240 
3.8100 	 0.2424 
3.8150 	 0.2465 
3.8200 	 0.2369 
3.8250 	 0.2151 
3.8300 	 0.1835 
3.8350 	 0.1449 
3.8400 	 0.1022 
3.8450 	 0.0584 
3.8500 	 0.0160 
3.8550 	 -0.0228 
3.8600 	 -0.0564 
3.8650 	 -0.0839 
3.8700 	 -0.1049 
3.8750 	 -0.1197 
3.8800 	 -0.1288 
3.8850 	 -0.1331 
3.8900 	 -0.1337 
3.8950 	 -0.1317 
3.9000 	 -0.1279 
3.9050 	 -0.1232 
3.9100 	 -0.1179 
3.9150 	 -0.1123 
3.9200 	 -0.1061 
3.9250 	 -0.0989 
3.9300 	 -0.0902 
3.9350 	 -0.0792 
3.9400 	 -0.0653 
3.9450 	 -0.0480 
3.9500 	 -0.0272 
3.9550 	 -0.0030 
3.9600 	 0.0239 
3.9650 	 0.0527 
3.9700 	 0.0820 
3.9750 	 0.1102 
3.9800 	 0.1358 
3.9850 	 0.1574 
3.9900 	 0.1735 
3.9950 	 0.1835 
4.0000 	 0.1868 
4.0050 	 0.1837 
4.0100 	 0.1747 
4.0150 	 0.1609 
4.0200 	 0.1434 
4.0250 	 0.1236 
4.0300 	 0.1030 
4.0350 	 0.0827 
4.0400 	 0.0636 
4.0450 	 0.0463 
4.0500 	 0.0313 
4.0550 	 0.0182 
4.0600 	 0.0068 
4.0650 	 -0.0037 
4.0700 	 -0.0142 
4.0750 	 -0.0256 
4.0800 	 -0.0388 
4.0850 	 -0.0545 
4.0900 	 -0.0730 
4.0950 	 -0.0941 
4.1000 	 -0.1174 
4.1050 	 -0.1418 
4.1100 	 -0.1659 
4.1150 	 -0.1880 
4.1200 	 -0.2064 
4.1250 	 -0.2193 
4.1300 	 -0.2252 
4.1350 	 -0.2229 
4.1400 	 -0.2117 
4.1450 	 -0.1912 
4.1500 	 -0.1618 
4.1550 	 -0.1244 
4.1600 	 -0.0802 
4.1650 	 -0.0313 
4.1700 	 0.0202 
4.1750 	 0.0719 
4.1800 	 0.1210 
4.1850 	 0.1653 
4.1900 	 0.2024 
4.1950 	 0.2306 
4.2000 	 0.2486 
4.2050 	 0.2557 
4.2100 	 0.2518 
4.2150 	 0.2375 
4.2200 	 0.2142 
4.2250 	 0.1835 
4.2300 	 0.1475 
4.2350 	 0.1086 
4.2400 	 0.0690 
4.2450 	 0.0309 
4.2500 	 -0.0040 
4.2550 	 -0.0342 
4.2600 	 -0.0587 
4.2650 	 -0.0770 
4.2700 	 -0.0890 
4.2750 	 -0.0951 
4.2800 	 -0.0959 
4.2850 	 -0.0924 
4.2900 	 -0.0856 
4.2950 	 -0.0768 
4.3000 	 -0.0671 
4.3050 	 -0.0578 
4.3100 	 -0.0498 
4.3150 	 -0.0439 
4.3200 	 -0.0407 
4.3250 	 -0.0404 
4.3300 	 -0.0430 
4.3350 	 -0.0481 
4.3400 	 -0.0554 
4.3450 	 -0.0641 
4.3500 	 -0.0735 
4.3550 	 -0.0825 
4.3600 	 -0.0903 
4.3650 	 -0.0959 
4.3700 	 -0.0983 
4.3750 	 -0.0967 
4.3800 	 -0.0902 
4.3850 	 -0.0783 
4.3900 	 -0.0607 
4.3950 	 -0.0376 
4.4000 	 -0.0095 
4.4050 	 0.0226 
4.4100 	 0.0573 
4.4150 	 0.0928 
4.4200 	 0.1271 
4.4250 	 0.1579 
4.4300 	 0.1830 
4.4350 	 0.2005 
4.4400 	 0.2087 
4.4450 	 0.2067 
4.4500 	 0.1941 
4.4550 	 0.1714 
4.4600 	 0.1397 
4.4650 	 0.1008 
4.4700 	 0.0571 
4.4750 	 0.0111 
4.4800 	 -0.0342 
4.4850 	 -0.0760 
4.4900 	 -0.1115 
4.4950 	 -0.1384 
4.5000 	 -0.1549 
4.5050 	 -0.1598 
4.5100 	 -0.1528 
4.5150 	 -0.1345 
4.5200 	 -0.1064 
4.5250 	 -0.0710 
4.5300 	 -0.0314 
4.5350 	 0.0089 
4.5400 	 0.0464 
4.5450 	 0.0776 
4.5500 	 0.0999 
4.5550 	 0.1112 
4.5600 	 0.1106 
4.5650 	 0.0982 
4.5700 	 0.0751 
4.5750 	 0.0433 
4.5800 	 0.0054 
4.5850 	 -0.0354 
4.5900 	 -0.0758 
4.5950 	 -0.1128 
4.6000 	 -0.1434 
4.6050 	 -0.1655 
4.6100 	 -0.1775 
4.6150 	 -0.1788 
4.6200 	 -0.1695 
4.6250 	 -0.1505 
4.6300 	 -0.1236 
4.6350 	 -0.0910 
4.6400 	 -0.0554 
4.6450 	 -0.0198 
4.6500 	 0.0132 
4.6550 	 0.0409 
4.6600 	 0.0614 
4.6650 	 0.0736 
4.6700 	 0.0773 
4.6750 	 0.0731 
4.6800 	 0.0624 
4.6850 	 0.0471 
4.6900 	 0.0296 
4.6950 	 0.0124 
4.7000 	 -0.0023 
4.7050 	 -0.0125 
4.7100 	 -0.0169 
4.7150 	 -0.0146 
4.7200 	 -0.0056 
4.7250 	 0.0095 
4.7300 	 0.0299 
4.7350 	 0.0541 
4.7400 	 0.0802 
4.7450 	 0.1064 
4.7500 	 0.1307 
4.7550 	 0.1511 
4.7600 	 0.1662 
4.7650 	 0.1745 
4.7700 	 0.1752 
4.7750 	 0.1679 
4.7800 	 0.1528 
4.7850 	 0.1305 
4.7900 	 0.1021 
4.7950 	 0.0692 
4.8000 	 0.0333 
4.8050 	 -0.0036 
4.8100 	 -0.0398 
4.8150 	 -0.0737 
4.8200 	 -0.1039 
4.8250 	 -0.1291 
4.8300 	 -0.1486 
4.8350 	 -0.1618 
4.8400 	 -0.1686 
4.8450 	 -0.1689 
4.8500 	 -0.1632 
4.8550 	 -0.1519 
4.8600 	 -0.1356 
4.8650 	 -0.1152 
4.8700 	 -0.0912 
4.8750 	 -0.0645 
4.8800 	 -0.0358 
4.8850 	 -0.0059 
4.8900 	 0.0245 
4.8950 	 0.0545 
4.9000 	 0.0830 
4.9050 	 0.1093 
4.9100 	 0.1324 
4.9150 	 0.1517 
4.9200 	 0.1665 
4.9250 	 0.1766 
4.9300 	 0.1819 
4.9350 	 0.1823 
4.9400 	 0.1781 
4.9450 	 0.1694 
4.9500 	 0.1564 
4.9550 	 0.1390 
4.9600 	 0.1175 
4.9650 	 0.0918 
4.9700 	 0.0623 
4.9750 	 0.0294 
4.9800 	 -0.0064 
4.9850 	 -0.0440 
4.9900 	 -0.0825 
4.9950 	 -0.1206 
5.0000 	 -0.1569 
5.0050 	 -0.1902 
5.0100 	 -0.2194 
5.0150 	 -0.2436 
5.0200 	 -0.2621 
5.0250 	 -0.2747 
5.0300 	 -0.2811 
5.0350 	 -0.2814 
5.0400 	 -0.2755 
5.0450 	 -0.2638 
5.0500 	 -0.2463 
5.0550 	 -0.2234 
5.0600 	 -0.1954 
5.0650 	 -0.1629 
5.0700 	 -0.1264 
5.0750 	 -0.0868 
5.0800 	 -0.0450 
5.0850 	 -0.0021 
5.0900 	 0.0407 
5.0950 	 0.0823 
5.1000 	 0.1216 
5.1050 	 0.1575 
5.1100 	 0.1891 
5.1150 	 0.2157 
5.1200 	 0.2366 
5.1250 	 0.2512 
5.1300 	 0.2592 
5.1350 	 0.2602 
5.1400 	 0.2540 
5.1450 	 0.2410 
5.1500 	 0.2213 
5.1550 	 0.1957 
5.1600 	 0.1653 
5.1650 	 0.1313 
5.1700 	 0.0951 
5.1750 	 0.0583 
5.1800 	 0.0223 
5.1850 	 -0.0114 
5.1900 	 -0.0415 
5.1950 	 -0.0668 
5.2000 	 -0.0866 
5.2050 	 -0.1003 
5.2100 	 -0.1076 
5.2150 	 -0.1087 
5.2200 	 -0.1041 
5.2250 	 -0.0945 
5.2300 	 -0.0809 
5.2350 	 -0.0645 
5.2400 	 -0.0463 
5.2450 	 -0.0277 
5.2500 	 -0.0096 
5.2550 	 0.0070 
5.2600 	 0.0213 
5.2650 	 0.0327 
5.2700 	 0.0408 
5.2750 	 0.0456 
5.2800 	 0.0470 
5.2850 	 0.0453 
5.2900 	 0.0408 
5.2950 	 0.0342 
5.3000 	 0.0260 
5.3050 	 0.0170 
5.3100 	 0.0078 
5.3150 	 -0.0009 
5.3200 	 -0.0086 
5.3250 	 -0.0151 
5.3300 	 -0.0202 
5.3350 	 -0.0240 
5.3400 	 -0.0267 
5.3450 	 -0.0288 
5.3500 	 -0.0306 
5.3550 	 -0.0327 
5.3600 	 -0.0353 
5.3650 	 -0.0387 
5.3700 	 -0.0426 
5.3750 	 -0.0470 
5.3800 	 -0.0513 
5.3850 	 -0.0551 
5.3900 	 -0.0577 
5.3950 	 -0.0585 
5.4000 	 -0.0570 
5.4050 	 -0.0527 
5.4100 	 -0.0454 
5.4150 	 -0.0351 
5.4200 	 -0.0220 
5.4250 	 -0.0066 
5.4300 	 0.0104 
5.4350 	 0.0281 
5.4400 	 0.0453 
5.4450 	 0.0608 
5.4500 	 0.0736 
5.4550 	 0.0825 
5.4600 	 0.0869 
5.4650 	 0.0862 
5.4700 	 0.0804 
5.4750 	 0.0698 
5.4800 	 0.0551 
5.4850 	 0.0373 
5.4900 	 0.0173 
5.4950 	 -0.0038 
5.5000 	 -0.0248 
5.5050 	 -0.0449 
5.5100 	 -0.0634 
5.5150 	 -0.0796 
5.5200 	 -0.0931 
5.5250 	 -0.1037 
5.5300 	 -0.1111 
5.5350 	 -0.1150 
5.5400 	 -0.1154 
5.5450 	 -0.1119 
5.5500 	 -0.1045 
5.5550 	 -0.0932 
5.5600 	 -0.0782 
5.5650 	 -0.0597 
5.5700 	 -0.0381 
5.5750 	 -0.0139 
5.5800 	 0.0123 
5.5850 	 0.0398 
5.5900 	 0.0680 
5.5950 	 0.0960 
5.6000 	 0.1232 
5.6050 	 0.1487 
5.6100 	 0.1717 
5.6150 	 0.1915 
5.6200 	 0.2071 
5.6250 	 0.2177 
5.6300 	 0.2226 
5.6350 	 0.2209 
5.6400 	 0.2122 
5.6450 	 0.1961 
5.6500 	 0.1729 
5.6550 	 0.1431 
5.6600 	 0.1078 
5.6650 	 0.0684 
5.6700 	 0.0267 
5.6750 	 -0.0155 
5.6800 	 -0.0564 
5.6850 	 -0.0942 
5.6900 	 -0.1276 
5.6950 	 -0.1556 
5.7000 	 -0.1777 
5.7050 	 -0.1937 
5.7100 	 -0.2039 
5.7150 	 -0.2089 
5.7200 	 -0.2096 
5.7250 	 -0.2070 
5.7300 	 -0.2019 
5.7350 	 -0.1953 
5.7400 	 -0.1878 
5.7450 	 -0.1800 
5.7500 	 -0.1720 
5.7550 	 -0.1638 
5.7600 	 -0.1551 
5.7650 	 -0.1452 
5.7700 	 -0.1335 
5.7750 	 -0.1192 
5.7800 	 -0.1015 
5.7850 	 -0.0801 
5.7900 	 -0.0544 
5.7950 	 -0.0248 
5.8000 	 0.0084 
5.8050 	 0.0441 
5.8100 	 0.0810 
5.8150 	 0.1173 
5.8200 	 0.1511 
5.8250 	 0.1808 
5.8300 	 0.2044 
5.8350 	 0.2207 
5.8400 	 0.2287 
5.8450 	 0.2279 
5.8500 	 0.2184 
5.8550 	 0.2010 
5.8600 	 0.1766 
5.8650 	 0.1468 
5.8700 	 0.1135 
5.8750 	 0.0786 
5.8800 	 0.0442 
5.8850 	 0.0123 
5.8900 	 -0.0154 
5.8950 	 -0.0376 
5.9000 	 -0.0534 
5.9050 	 -0.0624 
5.9100 	 -0.0647 
5.9150 	 -0.0610 
5.9200 	 -0.0522 
5.9250 	 -0.0397 
5.9300 	 -0.0249 
5.9350 	 -0.0093 
5.9400 	 0.0058 
5.9450 	 0.0193 
5.9500 	 0.0301 
5.9550 	 0.0376 
5.9600 	 0.0415 
5.9650 	 0.0416 
5.9700 	 0.0381 
5.9750 	 0.0316 
5.9800 	 0.0228 
5.9850 	 0.0124 
5.9900 	 0.0015 
5.9950 	 -0.0090 
6.0000 	 -0.0183 
6.0050 	 -0.0257 
6.0100 	 -0.0308 
6.0150 	 -0.0335 
6.0200 	 -0.0336 
6.0250 	 -0.0315 
6.0300 	 -0.0272 
6.0350 	 -0.0214 
6.0400 	 -0.0145 
6.0450 	 -0.0071 
6.0500 	 0.0002 
6.0550 	 0.0069 
6.0600 	 0.0124 
6.0650 	 0.0164 
6.0700 	 0.0184 
6.0750 	 0.0184 
6.0800 	 0.0165 
6.0850 	 0.0129 
6.0900 	 0.0080 
6.0950 	 0.0026 
6.1000 	 -0.0028 
6.1050 	 -0.0075 
6.1100 	 -0.0111 
6.1150 	 -0.0130 
6.1200 	 -0.0131 
6.1250 	 -0.0115 
6.1300 	 -0.0084 
6.1350 	 -0.0043 
6.1400 	 -0.0000 
6.1450 	 0.0036 
6.1500 	 0.0054 
6.1550 	 0.0042 
6.1600 	 -0.0010 
6.1650 	 -0.0110 
6.1700 	 -0.0266 
6.1750 	 -0.0476 
6.1800 	 -0.0736 
6.1850 	 -0.1035 
6.1900 	 -0.1357 
6.1950 	 -0.1679 
6.2000 	 -0.1978 
6.2050 	 -0.2227 
6.2100 	 -0.2401 
6.2150 	 -0.2479 
6.2200 	 -0.2447 
6.2250 	 -0.2297 
6.2300 	 -0.2028 
6.2350 	 -0.1648 
6.2400 	 -0.1174 
6.2450 	 -0.0627 
6.2500 	 -0.0032 
6.2550 	 0.0581 
6.2600 	 0.1182 
6.2650 	 0.1743 
6.2700 	 0.2236 
6.2750 	 0.2637 
6.2800 	 0.2928 
6.2850 	 0.3096 
6.2900 	 0.3135 
6.2950 	 0.3045 
6.3000 	 0.2831 
6.3050 	 0.2507 
6.3100 	 0.2088 
6.3150 	 0.1598 
6.3200 	 0.1065 
6.3250 	 0.0518 
6.3300 	 -0.0009 
6.3350 	 -0.0484 
6.3400 	 -0.0877 
6.3450 	 -0.1165 
6.3500 	 -0.1331 
6.3550 	 -0.1368 
6.3600 	 -0.1279 
6.3650 	 -0.1078 
6.3700 	 -0.0786 
6.3750 	 -0.0432 
6.3800 	 -0.0048 
6.3850 	 0.0334 
6.3900 	 0.0683 
6.3950 	 0.0974 
6.4000 	 0.1187 
6.4050 	 0.1310 
6.4100 	 0.1337 
6.4150 	 0.1270 
6.4200 	 0.1117 
6.4250 	 0.0891 
6.4300 	 0.0608 
6.4350 	 0.0289 
6.4400 	 -0.0044 
6.4450 	 -0.0371 
6.4500 	 -0.0670 
6.4550 	 -0.0925 
6.4600 	 -0.1120 
6.4650 	 -0.1247 
6.4700 	 -0.1300 
6.4750 	 -0.1281 
6.4800 	 -0.1195 
6.4850 	 -0.1052 
6.4900 	 -0.0866 
6.4950 	 -0.0654 
6.5000 	 -0.0434 
6.5050 	 -0.0221 
6.5100 	 -0.0032 
6.5150 	 0.0122 
6.5200 	 0.0234 
6.5250 	 0.0301 
6.5300 	 0.0327 
6.5350 	 0.0321 
6.5400 	 0.0295 
6.5450 	 0.0264 
6.5500 	 0.0245 
6.5550 	 0.0253 
6.5600 	 0.0302 
6.5650 	 0.0401 
6.5700 	 0.0550 
6.5750 	 0.0744 
6.5800 	 0.0971 
6.5850 	 0.1210 
6.5900 	 0.1434 
6.5950 	 0.1614 
6.6000 	 0.1721 
6.6050 	 0.1730 
6.6100 	 0.1621 
6.6150 	 0.1383 
6.6200 	 0.1018 
6.6250 	 0.0536 
6.6300 	 -0.0039 
6.6350 	 -0.0677 
6.6400 	 -0.1341 
6.6450 	 -0.1989 
6.6500 	 -0.2583 
6.6550 	 -0.3085 
6.6600 	 -0.3464 
6.6650 	 -0.3696 
6.6700 	 -0.3767 
6.6750 	 -0.3673 
6.6800 	 -0.3420 
6.6850 	 -0.3024 
6.6900 	 -0.2509 
6.6950 	 -0.1907 
6.7000 	 -0.1253 
6.7050 	 -0.0586 
6.7100 	 0.0055 
6.7150 	 0.0633 
6.7200 	 0.1117 
6.7250 	 0.1482 
6.7300 	 0.1712 
6.7350 	 0.1798 
6.7400 	 0.1743 
6.7450 	 0.1559 
6.7500 	 0.1268 
6.7550 	 0.0898 
6.7600 	 0.0484 
6.7650 	 0.0063 
6.7700 	 -0.0329 
6.7750 	 -0.0658 
6.7800 	 -0.0895 
6.7850 	 -0.1019 
6.7900 	 -0.1020 
6.7950 	 -0.0896 
6.8000 	 -0.0655 
6.8050 	 -0.0316 
6.8100 	 0.0097 
6.8150 	 0.0552 
6.8200 	 0.1016 
6.8250 	 0.1456 
6.8300 	 0.1840 
6.8350 	 0.2143 
6.8400 	 0.2347 
6.8450 	 0.2439 
6.8500 	 0.2419 
6.8550 	 0.2291 
6.8600 	 0.2071 
6.8650 	 0.1776 
6.8700 	 0.1430 
6.8750 	 0.1057 
6.8800 	 0.0683 
6.8850 	 0.0330 
6.8900 	 0.0018 
6.8950 	 -0.0235 
6.9000 	 -0.0420 
6.9050 	 -0.0531 
6.9100 	 -0.0567 
6.9150 	 -0.0533 
6.9200 	 -0.0440 
6.9250 	 -0.0303 
6.9300 	 -0.0139 
6.9350 	 0.0033 
6.9400 	 0.0191 
6.9450 	 0.0316 
6.9500 	 0.0393 
6.9550 	 0.0409 
6.9600 	 0.0354 
6.9650 	 0.0227 
6.9700 	 0.0033 
6.9750 	 -0.0221 
6.9800 	 -0.0518 
6.9850 	 -0.0839 
6.9900 	 -0.1163 
6.9950 	 -0.1466 
7.0000 	 -0.1725 
7.0050 	 -0.1920 
7.0100 	 -0.2032 
7.0150 	 -0.2051 
7.0200 	 -0.1968 
7.0250 	 -0.1784 
7.0300 	 -0.1505 
7.0350 	 -0.1142 
7.0400 	 -0.0713 
7.0450 	 -0.0239 
7.0500 	 0.0258 
7.0550 	 0.0753 
7.0600 	 0.1222 
7.0650 	 0.1644 
7.0700 	 0.2000 
7.0750 	 0.2275 
7.0800 	 0.2460 
7.0850 	 0.2550 
7.0900 	 0.2544 
7.0950 	 0.2448 
7.1000 	 0.2269 
7.1050 	 0.2018 
7.1100 	 0.1708 
7.1150 	 0.1353 
7.1200 	 0.0969 
7.1250 	 0.0568 
7.1300 	 0.0165 
7.1350 	 -0.0229 
7.1400 	 -0.0603 
7.1450 	 -0.0949 
7.1500 	 -0.1262 
7.1550 	 -0.1539 
7.1600 	 -0.1781 
7.1650 	 -0.1989 
7.1700 	 -0.2165 
7.1750 	 -0.2314 
7.1800 	 -0.2435 
7.1850 	 -0.2528 
7.1900 	 -0.2591 
7.1950 	 -0.2616 
7.2000 	 -0.2597 
7.2050 	 -0.2526 
7.2100 	 -0.2394 
7.2150 	 -0.2197 
7.2200 	 -0.1934 
7.2250 	 -0.1606 
7.2300 	 -0.1221 
7.2350 	 -0.0789 
7.2400 	 -0.0326 
7.2450 	 0.0154 
7.2500 	 0.0634 
7.2550 	 0.1099 
7.2600 	 0.1532 
7.2650 	 0.1922 
7.2700 	 0.2256 
7.2750 	 0.2523 
7.2800 	 0.2715 
7.2850 	 0.2824 
7.2900 	 0.2845 
7.2950 	 0.2776 
7.3000 	 0.2620 
7.3050 	 0.2382 
7.3100 	 0.2073 
7.3150 	 0.1705 
7.3200 	 0.1294 
7.3250 	 0.0857 
7.3300 	 0.0412 
7.3350 	 -0.0025 
7.3400 	 -0.0440 
7.3450 	 -0.0819 
7.3500 	 -0.1156 
7.3550 	 -0.1442 
7.3600 	 -0.1675 
7.3650 	 -0.1855 
7.3700 	 -0.1982 
7.3750 	 -0.2057 
7.3800 	 -0.2082 
7.3850 	 -0.2060 
7.3900 	 -0.1991 
7.3950 	 -0.1878 
7.4000 	 -0.1722 
7.4050 	 -0.1526 
7.4100 	 -0.1296 
7.4150 	 -0.1039 
7.4200 	 -0.0762 
7.4250 	 -0.0476 
7.4300 	 -0.0193 
7.4350 	 0.0077 
7.4400 	 0.0324 
7.4450 	 0.0540 
7.4500 	 0.0720 
7.4550 	 0.0862 
7.4600 	 0.0969 
7.4650 	 0.1045 
7.4700 	 0.1098 
7.4750 	 0.1139 
7.4800 	 0.1175 
7.4850 	 0.1217 
7.4900 	 0.1272 
7.4950 	 0.1344 
7.5000 	 0.1436 
7.5050 	 0.1545 
7.5100 	 0.1668 
7.5150 	 0.1797 
7.5200 	 0.1922 
7.5250 	 0.2032 
7.5300 	 0.2116 
7.5350 	 0.2162 
7.5400 	 0.2160 
7.5450 	 0.2099 
7.5500 	 0.1974 
7.5550 	 0.1781 
7.5600 	 0.1518 
7.5650 	 0.1189 
7.5700 	 0.0802 
7.5750 	 0.0369 
7.5800 	 -0.0095 
7.5850 	 -0.0568 
7.5900 	 -0.1030 
7.5950 	 -0.1456 
7.6000 	 -0.1824 
7.6050 	 -0.2110 
7.6100 	 -0.2298 
7.6150 	 -0.2373 
7.6200 	 -0.2327 
7.6250 	 -0.2159 
7.6300 	 -0.1876 
7.6350 	 -0.1493 
7.6400 	 -0.1033 
7.6450 	 -0.0527 
7.6500 	 -0.0008 
7.6550 	 0.0487 
7.6600 	 0.0923 
7.6650 	 0.1268 
7.6700 	 0.1496 
7.6750 	 0.1590 
7.6800 	 0.1541 
7.6850 	 0.1350 
7.6900 	 0.1026 
7.6950 	 0.0586 
7.7000 	 0.0053 
7.7050 	 -0.0544 
7.7100 	 -0.1173 
7.7150 	 -0.1799 
7.7200 	 -0.2388 
7.7250 	 -0.2908 
7.7300 	 -0.3328 
7.7350 	 -0.3623 
7.7400 	 -0.3775 
7.7450 	 -0.3771 
7.7500 	 -0.3610 
7.7550 	 -0.3298 
7.7600 	 -0.2851 
7.7650 	 -0.2295 
7.7700 	 -0.1662 
7.7750 	 -0.0989 
7.7800 	 -0.0315 
7.7850 	 0.0319 
7.7900 	 0.0880 
7.7950 	 0.1338 
7.8000 	 0.1675 
7.8050 	 0.1879 
7.8100 	 0.1952 
7.8150 	 0.1905 
7.8200 	 0.1757 
7.8250 	 0.1535 
7.8300 	 0.1270 
7.8350 	 0.0994 
7.8400 	 0.0737 
7.8450 	 0.0525 
7.8500 	 0.0379 
7.8550 	 0.0311 
7.8600 	 0.0324 
7.8650 	 0.0415 
7.8700 	 0.0572 
7.8750 	 0.0777 
7.8800 	 0.1007 
7.8850 	 0.1238 
7.8900 	 0.1444 
7.8950 	 0.1600 
7.9000 	 0.1687 
7.9050 	 0.1690 
7.9100 	 0.1600 
7.9150 	 0.1416 
7.9200 	 0.1147 
7.9250 	 0.0805 
7.9300 	 0.0412 
7.9350 	 -0.0007 
7.9400 	 -0.0424 
7.9450 	 -0.0810 
7.9500 	 -0.1136 
7.9550 	 -0.1380 
7.9600 	 -0.1521 
7.9650 	 -0.1548 
7.9700 	 -0.1454 
7.9750 	 -0.1244 
7.9800 	 -0.0930 
7.9850 	 -0.0531 
7.9900 	 -0.0074 
7.9950 	 0.0412 
8.0000 	 0.0895 
8.0050 	 0.1343 
8.0100 	 0.1726 
8.0150 	 0.2023 
8.0200 	 0.2217 
8.0250 	 0.2300 
8.0300 	 0.2276 
8.0350 	 0.2152 
8.0400 	 0.1948 
8.0450 	 0.1686 
8.0500 	 0.1391 
8.0550 	 0.1090 
8.0600 	 0.0804 
8.0650 	 0.0551 
8.0700 	 0.0343 
8.0750 	 0.0184 
8.0800 	 0.0071 
8.0850 	 -0.0006 
8.0900 	 -0.0061 
8.0950 	 -0.0112 
8.1000 	 -0.0177 
8.1050 	 -0.0274 
8.1100 	 -0.0419 
8.1150 	 -0.0621 
8.1200 	 -0.0884 
8.1250 	 -0.1203 
8.1300 	 -0.1569 
8.1350 	 -0.1961 
8.1400 	 -0.2356 
8.1450 	 -0.2727 
8.1500 	 -0.3044 
8.1550 	 -0.3282 
8.1600 	 -0.3416 
8.1650 	 -0.3432 
8.1700 	 -0.3318 
8.1750 	 -0.3075 
8.1800 	 -0.2709 
8.1850 	 -0.2235 
8.1900 	 -0.1675 
8.1950 	 -0.1054 
8.2000 	 -0.0405 
8.2050 	 0.0243 
8.2100 	 0.0856 
8.2150 	 0.1403 
8.2200 	 0.1858 
8.2250 	 0.2197 
8.2300 	 0.2404 
8.2350 	 0.2470 
8.2400 	 0.2395 
8.2450 	 0.2185 
8.2500 	 0.1857 
8.2550 	 0.1432 
8.2600 	 0.0939 
8.2650 	 0.0407 
8.2700 	 -0.0131 
8.2750 	 -0.0646 
8.2800 	 -0.1110 
8.2850 	 -0.1499 
8.2900 	 -0.1797 
8.2950 	 -0.1992 
8.3000 	 -0.2076 
8.3050 	 -0.2051 
8.3100 	 -0.1919 
8.3150 	 -0.1689 
8.3200 	 -0.1370 
8.3250 	 -0.0976 
8.3300 	 -0.0522 
8.3350 	 -0.0024 
8.3400 	 0.0499 
8.3450 	 0.1027 
8.3500 	 0.1538 
8.3550 	 0.2013 
8.3600 	 0.2428 
8.3650 	 0.2764 
8.3700 	 0.3003 
8.3750 	 0.3133 
8.3800 	 0.3145 
8.3850 	 0.3037 
8.3900 	 0.2813 
8.3950 	 0.2480 
8.4000 	 0.2053 
8.4050 	 0.1548 
8.4100 	 0.0986 
8.4150 	 0.0388 
8.4200 	 -0.0222 
8.4250 	 -0.0822 
8.4300 	 -0.1389 
8.4350 	 -0.1900 
8.4400 	 -0.2336 
8.4450 	 -0.2679 
8.4500 	 -0.2916 
8.4550 	 -0.3036 
8.4600 	 -0.3036 
8.4650 	 -0.2916 
8.4700 	 -0.2684 
8.4750 	 -0.2352 
8.4800 	 -0.1937 
8.4850 	 -0.1460 
8.4900 	 -0.0941 
8.4950 	 -0.0404 
8.5000 	 0.0132 
8.5050 	 0.0646 
8.5100 	 0.1123 
8.5150 	 0.1551 
8.5200 	 0.1920 
8.5250 	 0.2222 
8.5300 	 0.2456 
8.5350 	 0.2620 
8.5400 	 0.2716 
8.5450 	 0.2749 
8.5500 	 0.2723 
8.5550 	 0.2647 
8.5600 	 0.2526 
8.5650 	 0.2367 
8.5700 	 0.2178 
8.5750 	 0.1964 
8.5800 	 0.1732 
8.5850 	 0.1485 
8.5900 	 0.1229 
8.5950 	 0.0965 
8.6000 	 0.0695 
8.6050 	 0.0420 
8.6100 	 0.0140 
8.6150 	 -0.0148 
8.6200 	 -0.0443 
8.6250 	 -0.0747 
8.6300 	 -0.1060 
8.6350 	 -0.1379 
8.6400 	 -0.1701 
8.6450 	 -0.2018 
8.6500 	 -0.2317 
8.6550 	 -0.2588 
8.6600 	 -0.2813 
8.6650 	 -0.2979 
8.6700 	 -0.3069 
8.6750 	 -0.3072 
8.6800 	 -0.2978 
8.6850 	 -0.2785 
8.6900 	 -0.2493 
8.6950 	 -0.2110 
8.7000 	 -0.1647 
8.7050 	 -0.1122 
8.7100 	 -0.0557 
8.7150 	 0.0025 
8.7200 	 0.0599 
8.7250 	 0.1138 
8.7300 	 0.1617 
8.7350 	 0.2016 
8.7400 	 0.2315 
8.7450 	 0.2500 
8.7500 	 0.2561 
8.7550 	 0.2495 
8.7600 	 0.2303 
8.7650 	 0.1993 
8.7700 	 0.1577 
8.7750 	 0.1072 
8.7800 	 0.0502 
8.7850 	 -0.0107 
8.7900 	 -0.0728 
8.7950 	 -0.1331 
8.8000 	 -0.1888 
8.8050 	 -0.2373 
8.8100 	 -0.2762 
8.8150 	 -0.3037 
8.8200 	 -0.3183 
8.8250 	 -0.3194 
8.8300 	 -0.3069 
8.8350 	 -0.2812 
8.8400 	 -0.2435 
8.8450 	 -0.1955 
8.8500 	 -0.1395 
8.8550 	 -0.0781 
8.8600 	 -0.0142 
8.8650 	 0.0490 
8.8700 	 0.1085 
8.8750 	 0.1614 
8.8800 	 0.2053 
8.8850 	 0.2384 
8.8900 	 0.2595 
8.8950 	 0.2681 
8.9000 	 0.2645 
8.9050 	 0.2497 
8.9100 	 0.2249 
8.9150 	 0.1923 
8.9200 	 0.1539 
8.9250 	 0.1122 
8.9300 	 0.0696 
8.9350 	 0.0282 
8.9400 	 -0.0100 
8.9450 	 -0.0432 
8.9500 	 -0.0702 
8.9550 	 -0.0900 
8.9600 	 -0.1022 
8.9650 	 -0.1065 
8.9700 	 -0.1031 
8.9750 	 -0.0926 
8.9800 	 -0.0757 
8.9850 	 -0.0535 
8.9900 	 -0.0274 
8.9950 	 0.0014 
9.0000 	 0.0311 
9.0050 	 0.0603 
9.0100 	 0.0879 
9.0150 	 0.1126 
9.0200 	 0.1338 
9.0250 	 0.1510 
9.0300 	 0.1638 
9.0350 	 0.1723 
9.0400 	 0.1764 
9.0450 	 0.1761 
9.0500 	 0.1716 
9.0550 	 0.1630 
9.0600 	 0.1505 
9.0650 	 0.1343 
9.0700 	 0.1150 
9.0750 	 0.0931 
9.0800 	 0.0693 
9.0850 	 0.0445 
9.0900 	 0.0195 
9.0950 	 -0.0047 
9.1000 	 -0.0276 
9.1050 	 -0.0485 
9.1100 	 -0.0672 
9.1150 	 -0.0836 
9.1200 	 -0.0978 
9.1250 	 -0.1100 
9.1300 	 -0.1203 
9.1350 	 -0.1289 
9.1400 	 -0.1358 
9.1450 	 -0.1406 
9.1500 	 -0.1432 
9.1550 	 -0.1431 
9.1600 	 -0.1399 
9.1650 	 -0.1334 
9.1700 	 -0.1234 
9.1750 	 -0.1101 
9.1800 	 -0.0941 
9.1850 	 -0.0759 
9.1900 	 -0.0567 
9.1950 	 -0.0375 
9.2000 	 -0.0195 
9.2050 	 -0.0039 
9.2100 	 0.0083 
9.2150 	 0.0161 
9.2200 	 0.0189 
9.2250 	 0.0165 
9.2300 	 0.0089 
9.2350 	 -0.0036 
9.2400 	 -0.0201 
9.2450 	 -0.0395 
9.2500 	 -0.0604 
9.2550 	 -0.0812 
9.2600 	 -0.1001 
9.2650 	 -0.1157 
9.2700 	 -0.1263 
9.2750 	 -0.1307 
9.2800 	 -0.1281 
9.2850 	 -0.1181 
9.2900 	 -0.1006 
9.2950 	 -0.0761 
9.3000 	 -0.0455 
9.3050 	 -0.0099 
9.3100 	 0.0292 
9.3150 	 0.0700 
9.3200 	 0.1105 
9.3250 	 0.1489 
9.3300 	 0.1834 
9.3350 	 0.2120 
9.3400 	 0.2335 
9.3450 	 0.2467 
9.3500 	 0.2508 
9.3550 	 0.2456 
9.3600 	 0.2311 
9.3650 	 0.2076 
9.3700 	 0.1761 
9.3750 	 0.1373 
9.3800 	 0.0925 
9.3850 	 0.0429 
9.3900 	 -0.0099 
9.3950 	 -0.0645 
9.4000 	 -0.1190 
9.4050 	 -0.1716 
9.4100 	 -0.2205 
9.4150 	 -0.2638 
9.4200 	 -0.2995 
9.4250 	 -0.3260 
9.4300 	 -0.3421 
9.4350 	 -0.3465 
9.4400 	 -0.3389 
9.4450 	 -0.3192 
9.4500 	 -0.2880 
9.4550 	 -0.2464 
9.4600 	 -0.1962 
9.4650 	 -0.1394 
9.4700 	 -0.0783 
9.4750 	 -0.0154 
9.4800 	 0.0469 
9.4850 	 0.1063 
9.4900 	 0.1610 
9.4950 	 0.2094 
9.5000 	 0.2502 
9.5050 	 0.2826 
9.5100 	 0.3061 
9.5150 	 0.3206 
9.5200 	 0.3265 
9.5250 	 0.3245 
9.5300 	 0.3157 
9.5350 	 0.3016 
9.5400 	 0.2835 
9.5450 	 0.2630 
9.5500 	 0.2414 
9.5550 	 0.2197 
9.5600 	 0.1986 
9.5650 	 0.1784 
9.5700 	 0.1591 
9.5750 	 0.1401 
9.5800 	 0.1211 
9.5850 	 0.1015 
9.5900 	 0.0809 
9.5950 	 0.0588 
9.6000 	 0.0353 
9.6050 	 0.0101 
9.6100 	 -0.0165 
9.6150 	 -0.0444 
9.6200 	 -0.0732 
9.6250 	 -0.1026 
9.6300 	 -0.1317 
9.6350 	 -0.1598 
9.6400 	 -0.1855 
9.6450 	 -0.2075 
9.6500 	 -0.2243 
9.6550 	 -0.2344 
9.6600 	 -0.2364 
9.6650 	 -0.2295 
9.6700 	 -0.2132 
9.6750 	 -0.1879 
9.6800 	 -0.1546 
9.6850 	 -0.1150 
9.6900 	 -0.0717 
9.6950 	 -0.0274 
9.7000 	 0.0145 
9.7050 	 0.0507 
9.7100 	 0.0783 
9.7150 	 0.0945 
9.7200 	 0.0974 
9.7250 	 0.0861 
9.7300 	 0.0603 
9.7350 	 0.0213 
9.7400 	 -0.0290 
9.7450 	 -0.0874 
9.7500 	 -0.1503 
9.7550 	 -0.2132 
9.7600 	 -0.2718 
9.7650 	 -0.3216 
9.7700 	 -0.3590 
9.7750 	 -0.3806 
9.7800 	 -0.3845 
9.7850 	 -0.3695 
9.7900 	 -0.3358 
9.7950 	 -0.2848 
9.8000 	 -0.2188 
9.8050 	 -0.1411 
9.8100 	 -0.0558 
9.8150 	 0.0326 
9.8200 	 0.1196 
9.8250 	 0.2006 
9.8300 	 0.2714 
9.8350 	 0.3288 
9.8400 	 0.3700 
9.8450 	 0.3933 
9.8500 	 0.3983 
9.8550 	 0.3853 
9.8600 	 0.3556 
9.8650 	 0.3115 
9.8700 	 0.2559 
9.8750 	 0.1921 
9.8800 	 0.1239 
9.8850 	 0.0550 
9.8900 	 -0.0110 
9.8950 	 -0.0707 
9.9000 	 -0.1215 
9.9050 	 -0.1611 
9.9100 	 -0.1881 
9.9150 	 -0.2018 
9.9200 	 -0.2020 
9.9250 	 -0.1895 
9.9300 	 -0.1654 
9.9350 	 -0.1315 
9.9400 	 -0.0898 
9.9450 	 -0.0425 
9.9500 	 0.0078 
9.9550 	 0.0588 
9.9600 	 0.1081 
9.9650 	 0.1538 
9.9700 	 0.1941 
9.9750 	 0.2276 
9.9800 	 0.2535 
9.9850 	 0.2713 
9.9900 	 0.2809 
9.9950 	 0.2823 
10.0000 	 0.2759 
10.0050 	 0.2620 
10.0100 	 0.2413 
10.0150 	 0.2146 
10.0200 	 0.1827 
10.0250 	 0.1467 
10.0300 	 0.1080 
10.0350 	 0.0681 
10.0400 	 0.0285 
10.0450 	 -0.0091 
10.0500 	 -0.0430 
10.0550 	 -0.0720 
10.0600 	 -0.0949 
10.0650 	 -0.1111 
10.0700 	 -0.1206 
10.0750 	 -0.1241 
10.0800 	 -0.1223 
10.0850 	 -0.1170 
10.0900 	 -0.1096 
10.0950 	 -0.1019 
10.1000 	 -0.0954 
10.1050 	 -0.0913 
10.1100 	 -0.0904 
10.1150 	 -0.0931 
10.1200 	 -0.0991 
10.1250 	 -0.1079 
10.1300 	 -0.1185 
10.1350 	 -0.1299 
10.1400 	 -0.1404 
10.1450 	 -0.1489 
10.1500 	 -0.1539 
10.1550 	 -0.1545 
10.1600 	 -0.1501 
10.1650 	 -0.1408 
10.1700 	 -0.1270 
10.1750 	 -0.1098 
10.1800 	 -0.0908 
10.1850 	 -0.0717 
10.1900 	 -0.0544 
10.1950 	 -0.0407 
10.2000 	 -0.0320 
10.2050 	 -0.0292 
10.2100 	 -0.0328 
10.2150 	 -0.0423 
10.2200 	 -0.0568 
10.2250 	 -0.0749 
10.2300 	 -0.0945 
10.2350 	 -0.1134 
10.2400 	 -0.1291 
10.2450 	 -0.1393 
10.2500 	 -0.1418 
10.2550 	 -0.1350 
10.2600 	 -0.1180 
10.2650 	 -0.0905 
10.2700 	 -0.0533 
10.2750 	 -0.0077 
10.2800 	 0.0442 
10.2850 	 0.0997 
10.2900 	 0.1560 
10.2950 	 0.2100 
10.3000 	 0.2588 
10.3050 	 0.2995 
10.3100 	 0.3298 
10.3150 	 0.3479 
10.3200 	 0.3528 
10.3250 	 0.3440 
10.3300 	 0.3221 
10.3350 	 0.2884 
10.3400 	 0.2449 
10.3450 	 0.1942 
10.3500 	 0.1394 
10.3550 	 0.0837 
10.3600 	 0.0301 
10.3650 	 -0.0185 
10.3700 	 -0.0599 
10.3750 	 -0.0925 
10.3800 	 -0.1156 
10.3850 	 -0.1290 
10.3900 	 -0.1335 
10.3950 	 -0.1303 
10.4000 	 -0.1211 
10.4050 	 -0.1076 
10.4100 	 -0.0920 
10.4150 	 -0.0758 
10.4200 	 -0.0607 
10.4250 	 -0.0479 
10.4300 	 -0.0382 
10.4350 	 -0.0319 
10.4400 	 -0.0293 
10.4450 	 -0.0302 
10.4500 	 -0.0343 
10.4550 	 -0.0413 
10.4600 	 -0.0507 
10.4650 	 -0.0620 
10.4700 	 -0.0750 
10.4750 	 -0.0891 
10.4800 	 -0.1038 
10.4850 	 -0.1186 
10.4900 	 -0.1326 
10.4950 	 -0.1452 
10.5000 	 -0.1553 
10.5050 	 -0.1620 
10.5100 	 -0.1643 
10.5150 	 -0.1615 
10.5200 	 -0.1528 
10.5250 	 -0.1376 
10.5300 	 -0.1156 
10.5350 	 -0.0868 
10.5400 	 -0.0514 
10.5450 	 -0.0102 
10.5500 	 0.0358 
10.5550 	 0.0852 
10.5600 	 0.1363 
10.5650 	 0.1871 
10.5700 	 0.2356 
10.5750 	 0.2794 
10.5800 	 0.3166 
10.5850 	 0.3450 
10.5900 	 0.3630 
10.5950 	 0.3694 
10.6000 	 0.3637 
10.6050 	 0.3460 
10.6100 	 0.3174 
10.6150 	 0.2794 
10.6200 	 0.2345 
10.6250 	 0.1853 
10.6300 	 0.1345 
10.6350 	 0.0849 
10.6400 	 0.0387 
10.6450 	 -0.0022 
10.6500 	 -0.0367 
10.6550 	 -0.0645 
10.6600 	 -0.0857 
10.6650 	 -0.1014 
10.6700 	 -0.1127 
10.6750 	 -0.1212 
10.6800 	 -0.1285 
10.6850 	 -0.1359 
10.6900 	 -0.1446 
10.6950 	 -0.1553 
10.7000 	 -0.1682 
10.7050 	 -0.1832 
10.7100 	 -0.1998 
10.7150 	 -0.2171 
10.7200 	 -0.2340 
10.7250 	 -0.2493 
10.7300 	 -0.2617 
10.7350 	 -0.2700 
10.7400 	 -0.2734 
10.7450 	 -0.2711 
10.7500 	 -0.2629 
10.7550 	 -0.2488 
10.7600 	 -0.2292 
10.7650 	 -0.2051 
10.7700 	 -0.1773 
10.7750 	 -0.1470 
10.7800 	 -0.1155 
10.7850 	 -0.0836 
10.7900 	 -0.0524 
10.7950 	 -0.0226 
10.8000 	 0.0053 
10.8050 	 0.0308 
10.8100 	 0.0536 
10.8150 	 0.0735 
10.8200 	 0.0901 
10.8250 	 0.1034 
10.8300 	 0.1134 
10.8350 	 0.1200 
10.8400 	 0.1237 
10.8450 	 0.1250 
10.8500 	 0.1245 
10.8550 	 0.1232 
10.8600 	 0.1217 
10.8650 	 0.1209 
10.8700 	 0.1213 
10.8750 	 0.1232 
10.8800 	 0.1269 
10.8850 	 0.1323 
10.8900 	 0.1392 
10.8950 	 0.1472 
10.9000 	 0.1558 
10.9050 	 0.1641 
10.9100 	 0.1714 
10.9150 	 0.1767 
10.9200 	 0.1788 
10.9250 	 0.1769 
10.9300 	 0.1703 
10.9350 	 0.1582 
10.9400 	 0.1406 
10.9450 	 0.1175 
10.9500 	 0.0896 
10.9550 	 0.0577 
10.9600 	 0.0231 
10.9650 	 -0.0127 
10.9700 	 -0.0479 
10.9750 	 -0.0809 
10.9800 	 -0.1101 
10.9850 	 -0.1342 
10.9900 	 -0.1521 
10.9950 	 -0.1633 
11.0000 	 -0.1678 
11.0050 	 -0.1658 
11.0100 	 -0.1582 
11.0150 	 -0.1460 
11.0200 	 -0.1303 
11.0250 	 -0.1123 
11.0300 	 -0.0931 
11.0350 	 -0.0735 
11.0400 	 -0.0543 
11.0450 	 -0.0356 
11.0500 	 -0.0177 
11.0550 	 -0.0003 
11.0600 	 0.0167 
11.0650 	 0.0337 
11.0700 	 0.0510 
11.0750 	 0.0688 
11.0800 	 0.0874 
11.0850 	 0.1067 
11.0900 	 0.1268 
11.0950 	 0.1472 
11.1000 	 0.1676 
11.1050 	 0.1873 
11.1100 	 0.2052 
11.1150 	 0.2201 
11.1200 	 0.2307 
11.1250 	 0.2354 
11.1300 	 0.2325 
11.1350 	 0.2208 
11.1400 	 0.1991 
11.1450 	 0.1667 
11.1500 	 0.1235 
11.1550 	 0.0699 
11.1600 	 0.0072 
11.1650 	 -0.0628 
11.1700 	 -0.1376 
11.1750 	 -0.2144 
11.1800 	 -0.2898 
11.1850 	 -0.3605 
11.1900 	 -0.4232 
11.1950 	 -0.4751 
11.2000 	 -0.5136 
11.2050 	 -0.5370 
11.2100 	 -0.5441 
11.2150 	 -0.5344 
11.2200 	 -0.5084 
11.2250 	 -0.4671 
11.2300 	 -0.4122 
11.2350 	 -0.3460 
11.2400 	 -0.2710 
11.2450 	 -0.1902 
11.2500 	 -0.1068 
11.2550 	 -0.0236 
11.2600 	 0.0565 
11.2650 	 0.1308 
11.2700 	 0.1974 
11.2750 	 0.2544 
11.2800 	 0.3008 
11.2850 	 0.3358 
11.2900 	 0.3594 
11.2950 	 0.3718 
11.3000 	 0.3739 
11.3050 	 0.3668 
11.3100 	 0.3518 
11.3150 	 0.3305 
11.3200 	 0.3045 
11.3250 	 0.2754 
11.3300 	 0.2447 
11.3350 	 0.2136 
11.3400 	 0.1833 
11.3450 	 0.1544 
11.3500 	 0.1275 
11.3550 	 0.1028 
11.3600 	 0.0803 
11.3650 	 0.0598 
11.3700 	 0.0411 
11.3750 	 0.0239 
11.3800 	 0.0081 
11.3850 	 -0.0063 
11.3900 	 -0.0193 
11.3950 	 -0.0308 
11.4000 	 -0.0409 
11.4050 	 -0.0493 
11.4100 	 -0.0564 
11.4150 	 -0.0621 
11.4200 	 -0.0669 
11.4250 	 -0.0710 
11.4300 	 -0.0749 
11.4350 	 -0.0788 
11.4400 	 -0.0828 
11.4450 	 -0.0869 
11.4500 	 -0.0910 
11.4550 	 -0.0949 
11.4600 	 -0.0982 
11.4650 	 -0.1006 
11.4700 	 -0.1016 
11.4750 	 -0.1009 
11.4800 	 -0.0981 
11.4850 	 -0.0929 
11.4900 	 -0.0851 
11.4950 	 -0.0746 
11.5000 	 -0.0615 
11.5050 	 -0.0461 
11.5100 	 -0.0286 
11.5150 	 -0.0098 
11.5200 	 0.0093 
11.5250 	 0.0279 
11.5300 	 0.0449 
11.5350 	 0.0591 
11.5400 	 0.0699 
11.5450 	 0.0767 
11.5500 	 0.0790 
11.5550 	 0.0769 
11.5600 	 0.0707 
11.5650 	 0.0611 
11.5700 	 0.0491 
11.5750 	 0.0357 
11.5800 	 0.0222 
11.5850 	 0.0096 
11.5900 	 -0.0010 
11.5950 	 -0.0090 
11.6000 	 -0.0138 
11.6050 	 -0.0154 
11.6100 	 -0.0139 
11.6150 	 -0.0099 
11.6200 	 -0.0041 
11.6250 	 0.0028 
11.6300 	 0.0101 
11.6350 	 0.0172 
11.6400 	 0.0236 
11.6450 	 0.0289 
11.6500 	 0.0328 
11.6550 	 0.0353 
11.6600 	 0.0361 
11.6650 	 0.0350 
11.6700 	 0.0318 
11.6750 	 0.0262 
11.6800 	 0.0179 
11.6850 	 0.0068 
11.6900 	 -0.0075 
11.6950 	 -0.0249 
11.7000 	 -0.0455 
11.7050 	 -0.0689 
11.7100 	 -0.0942 
11.7150 	 -0.1205 
11.7200 	 -0.1463 
11.7250 	 -0.1702 
11.7300 	 -0.1905 
11.7350 	 -0.2054 
11.7400 	 -0.2136 
11.7450 	 -0.2140 
11.7500 	 -0.2056 
11.7550 	 -0.1883 
11.7600 	 -0.1620 
11.7650 	 -0.1272 
11.7700 	 -0.0849 
11.7750 	 -0.0363 
11.7800 	 0.0170 
11.7850 	 0.0728 
11.7900 	 0.1292 
11.7950 	 0.1835 
11.8000 	 0.2334 
11.8050 	 0.2765 
11.8100 	 0.3104 
11.8150 	 0.3334 
11.8200 	 0.3440 
11.8250 	 0.3413 
11.8300 	 0.3252 
11.8350 	 0.2962 
11.8400 	 0.2555 
11.8450 	 0.2050 
11.8500 	 0.1467 
11.8550 	 0.0835 
11.8600 	 0.0181 
11.8650 	 -0.0465 
11.8700 	 -0.1077 
11.8750 	 -0.1627 
11.8800 	 -0.2092 
11.8850 	 -0.2454 
11.8900 	 -0.2698 
11.8950 	 -0.2819 
11.9000 	 -0.2813 
11.9050 	 -0.2689 
11.9100 	 -0.2455 
11.9150 	 -0.2130 
11.9200 	 -0.1732 
11.9250 	 -0.1286 
11.9300 	 -0.0816 
11.9350 	 -0.0348 
11.9400 	 0.0092 
11.9450 	 0.0481 
11.9500 	 0.0799 
11.9550 	 0.1031 
11.9600 	 0.1168 
11.9650 	 0.1206 
11.9700 	 0.1150 
11.9750 	 0.1009 
11.9800 	 0.0799 
11.9850 	 0.0541 
11.9900 	 0.0258 
11.9950 	 -0.0026 
12.0000 	 -0.0288 
12.0050 	 -0.0508 
12.0100 	 -0.0669 
12.0150 	 -0.0760 
12.0200 	 -0.0774 
12.0250 	 -0.0711 
12.0300 	 -0.0575 
12.0350 	 -0.0373 
12.0400 	 -0.0118 
12.0450 	 0.0176 
12.0500 	 0.0495 
12.0550 	 0.0823 
12.0600 	 0.1144 
12.0650 	 0.1445 
12.0700 	 0.1713 
12.0750 	 0.1940 
12.0800 	 0.2115 
12.0850 	 0.2233 
12.0900 	 0.2288 
12.0950 	 0.2273 
12.1000 	 0.2186 
12.1050 	 0.2025 
12.1100 	 0.1791 
12.1150 	 0.1489 
12.1200 	 0.1127 
12.1250 	 0.0713 
12.1300 	 0.0262 
12.1350 	 -0.0214 
12.1400 	 -0.0698 
12.1450 	 -0.1178 
12.1500 	 -0.1638 
12.1550 	 -0.2064 
12.1600 	 -0.2447 
12.1650 	 -0.2773 
12.1700 	 -0.3033 
12.1750 	 -0.3218 
12.1800 	 -0.3319 
12.1850 	 -0.3331 
12.1900 	 -0.3249 
12.1950 	 -0.3075 
12.2000 	 -0.2812 
12.2050 	 -0.2470 
12.2100 	 -0.2064 
12.2150 	 -0.1614 
12.2200 	 -0.1139 
12.2250 	 -0.0664 
12.2300 	 -0.0210 
12.2350 	 0.0202 
12.2400 	 0.0559 
12.2450 	 0.0850 
12.2500 	 0.1072 
12.2550 	 0.1228 
12.2600 	 0.1326 
12.2650 	 0.1377 
12.2700 	 0.1398 
12.2750 	 0.1404 
12.2800 	 0.1409 
12.2850 	 0.1427 
12.2900 	 0.1469 
12.2950 	 0.1540 
12.3000 	 0.1643 
12.3050 	 0.1773 
12.3100 	 0.1921 
12.3150 	 0.2075 
12.3200 	 0.2215 
12.3250 	 0.2322 
12.3300 	 0.2374 
12.3350 	 0.2353 
12.3400 	 0.2245 
12.3450 	 0.2043 
12.3500 	 0.1745 
12.3550 	 0.1359 
12.3600 	 0.0901 
12.3650 	 0.0393 
12.3700 	 -0.0138 
12.3750 	 -0.0661 
12.3800 	 -0.1146 
12.3850 	 -0.1561 
12.3900 	 -0.1883 
12.3950 	 -0.2091 
12.4000 	 -0.2175 
12.4050 	 -0.2133 
12.4100 	 -0.1970 
12.4150 	 -0.1701 
12.4200 	 -0.1347 
12.4250 	 -0.0935 
12.4300 	 -0.0494 
12.4350 	 -0.0057 
12.4400 	 0.0347 
12.4450 	 0.0690 
12.4500 	 0.0949 
12.4550 	 0.1108 
12.4600 	 0.1157 
12.4650 	 0.1095 
12.4700 	 0.0925 
12.4750 	 0.0660 
12.4800 	 0.0317 
12.4850 	 -0.0083 
12.4900 	 -0.0518 
12.4950 	 -0.0964 
12.5000 	 -0.1399 
12.5050 	 -0.1800 
12.5100 	 -0.2151 
12.5150 	 -0.2432 
12.5200 	 -0.2633 
12.5250 	 -0.2741 
12.5300 	 -0.2752 
12.5350 	 -0.2663 
12.5400 	 -0.2476 
12.5450 	 -0.2197 
12.5500 	 -0.1837 
12.5550 	 -0.1408 
12.5600 	 -0.0927 
12.5650 	 -0.0411 
12.5700 	 0.0121 
12.5750 	 0.0651 
12.5800 	 0.1161 
12.5850 	 0.1634 
12.5900 	 0.2055 
12.5950 	 0.2410 
12.6000 	 0.2687 
12.6050 	 0.2877 
12.6100 	 0.2970 
12.6150 	 0.2962 
12.6200 	 0.2849 
12.6250 	 0.2632 
12.6300 	 0.2315 
12.6350 	 0.1907 
12.6400 	 0.1420 
12.6450 	 0.0869 
12.6500 	 0.0273 
12.6550 	 -0.0349 
12.6600 	 -0.0972 
12.6650 	 -0.1573 
12.6700 	 -0.2125 
12.6750 	 -0.2604 
12.6800 	 -0.2985 
12.6850 	 -0.3246 
12.6900 	 -0.3371 
12.6950 	 -0.3345 
12.7000 	 -0.3163 
12.7050 	 -0.2825 
12.7100 	 -0.2337 
12.7150 	 -0.1714 
12.7200 	 -0.0979 
12.7250 	 -0.0159 
12.7300 	 0.0710 
12.7350 	 0.1590 
12.7400 	 0.2443 
12.7450 	 0.3227 
12.7500 	 0.3906 
12.7550 	 0.4448 
12.7600 	 0.4828 
12.7650 	 0.5029 
12.7700 	 0.5045 
12.7750 	 0.4878 
12.7800 	 0.4539 
12.7850 	 0.4046 
12.7900 	 0.3425 
12.7950 	 0.2705 
12.8000 	 0.1918 
12.8050 	 0.1098 
12.8100 	 0.0279 
12.8150 	 -0.0510 
12.8200 	 -0.1239 
12.8250 	 -0.1883 
12.8300 	 -0.2424 
12.8350 	 -0.2847 
12.8400 	 -0.3142 
12.8450 	 -0.3308 
12.8500 	 -0.3347 
12.8550 	 -0.3271 
12.8600 	 -0.3094 
12.8650 	 -0.2839 
12.8700 	 -0.2529 
12.8750 	 -0.2190 
12.8800 	 -0.1848 
12.8850 	 -0.1527 
12.8900 	 -0.1246 
12.8950 	 -0.1020 
12.9000 	 -0.0853 
12.9050 	 -0.0746 
12.9100 	 -0.0688 
12.9150 	 -0.0666 
12.9200 	 -0.0661 
12.9250 	 -0.0655 
12.9300 	 -0.0633 
12.9350 	 -0.0581 
12.9400 	 -0.0495 
12.9450 	 -0.0375 
12.9500 	 -0.0225 
12.9550 	 -0.0056 
12.9600 	 0.0118 
12.9650 	 0.0281 
12.9700 	 0.0419 
12.9750 	 0.0516 
12.9800 	 0.0561 
12.9850 	 0.0547 
12.9900 	 0.0469 
12.9950 	 0.0330 
13.0000 	 0.0136 
13.0050 	 -0.0100 
13.0100 	 -0.0361 
13.0150 	 -0.0623 
13.0200 	 -0.0863 
13.0250 	 -0.1054 
13.0300 	 -0.1171 
13.0350 	 -0.1194 
13.0400 	 -0.1108 
13.0450 	 -0.0903 
13.0500 	 -0.0581 
13.0550 	 -0.0152 
13.0600 	 0.0365 
13.0650 	 0.0945 
13.0700 	 0.1554 
13.0750 	 0.2156 
13.0800 	 0.2714 
13.0850 	 0.3193 
13.0900 	 0.3563 
13.0950 	 0.3800 
13.1000 	 0.3891 
13.1050 	 0.3831 
13.1100 	 0.3625 
13.1150 	 0.3288 
13.1200 	 0.2841 
13.1250 	 0.2310 
13.1300 	 0.1726 
13.1350 	 0.1116 
13.1400 	 0.0507 
13.1450 	 -0.0075 
13.1500 	 -0.0612 
13.1550 	 -0.1086 
13.1600 	 -0.1488 
13.1650 	 -0.1810 
13.1700 	 -0.2050 
13.1750 	 -0.2210 
13.1800 	 -0.2298 
13.1850 	 -0.2324 
13.1900 	 -0.2303 
13.1950 	 -0.2254 
13.2000 	 -0.2196 
13.2050 	 -0.2147 
13.2100 	 -0.2124 
13.2150 	 -0.2139 
13.2200 	 -0.2200 
13.2250 	 -0.2304 
13.2300 	 -0.2441 
13.2350 	 -0.2593 
13.2400 	 -0.2737 
13.2450 	 -0.2845 
13.2500 	 -0.2887 
13.2550 	 -0.2837 
13.2600 	 -0.2674 
13.2650 	 -0.2385 
13.2700 	 -0.1969 
13.2750 	 -0.1432 
13.2800 	 -0.0792 
13.2850 	 -0.0079 
13.2900 	 0.0676 
13.2950 	 0.1432 
13.3000 	 0.2151 
13.3050 	 0.2795 
13.3100 	 0.3334 
13.3150 	 0.3744 
13.3200 	 0.4009 
13.3250 	 0.4125 
13.3300 	 0.4095 
13.3350 	 0.3932 
13.3400 	 0.3654 
13.3450 	 0.3287 
13.3500 	 0.2860 
13.3550 	 0.2406 
13.3600 	 0.1954 
13.3650 	 0.1536 
13.3700 	 0.1174 
13.3750 	 0.0887 
13.3800 	 0.0684 
13.3850 	 0.0566 
13.3900 	 0.0526 
13.3950 	 0.0553 
13.4000 	 0.0629 
13.4050 	 0.0734 
13.4100 	 0.0849 
13.4150 	 0.0955 
13.4200 	 0.1034 
13.4250 	 0.1071 
13.4300 	 0.1055 
13.4350 	 0.0977 
13.4400 	 0.0833 
13.4450 	 0.0621 
13.4500 	 0.0343 
13.4550 	 0.0005 
13.4600 	 -0.0384 
13.4650 	 -0.0812 
13.4700 	 -0.1260 
13.4750 	 -0.1711 
13.4800 	 -0.2141 
13.4850 	 -0.2530 
13.4900 	 -0.2856 
13.4950 	 -0.3102 
13.5000 	 -0.3252 
13.5050 	 -0.3299 
13.5100 	 -0.3240 
13.5150 	 -0.3077 
13.5200 	 -0.2819 
13.5250 	 -0.2481 
13.5300 	 -0.2079 
13.5350 	 -0.1636 
13.5400 	 -0.1175 
13.5450 	 -0.0723 
13.5500 	 -0.0304 
13.5550 	 0.0057 
13.5600 	 0.0338 
13.5650 	 0.0522 
13.5700 	 0.0597 
13.5750 	 0.0559 
13.5800 	 0.0410 
13.5850 	 0.0157 
13.5900 	 -0.0182 
13.5950 	 -0.0587 
13.6000 	 -0.1031 
13.6050 	 -0.1483 
13.6100 	 -0.1911 
13.6150 	 -0.2282 
13.6200 	 -0.2567 
13.6250 	 -0.2739 
13.6300 	 -0.2778 
13.6350 	 -0.2672 
13.6400 	 -0.2416 
13.6450 	 -0.2016 
13.6500 	 -0.1486 
13.6550 	 -0.0848 
13.6600 	 -0.0132 
13.6650 	 0.0629 
13.6700 	 0.1398 
13.6750 	 0.2137 
13.6800 	 0.2811 
13.6850 	 0.3386 
13.6900 	 0.3833 
13.6950 	 0.4131 
13.7000 	 0.4264 
13.7050 	 0.4227 
13.7100 	 0.4024 
13.7150 	 0.3669 
13.7200 	 0.3186 
13.7250 	 0.2605 
13.7300 	 0.1967 
13.7350 	 0.1314 
13.7400 	 0.0688 
13.7450 	 0.0133 
13.7500 	 -0.0318 
13.7550 	 -0.0637 
13.7600 	 -0.0806 
13.7650 	 -0.0823 
13.7700 	 -0.0692 
13.7750 	 -0.0433 
13.7800 	 -0.0073 
13.7850 	 0.0353 
13.7900 	 0.0805 
13.7950 	 0.1243 
13.8000 	 0.1628 
13.8050 	 0.1928 
13.8100 	 0.2117 
13.8150 	 0.2182 
13.8200 	 0.2118 
13.8250 	 0.1932 
13.8300 	 0.1640 
13.8350 	 0.1266 
13.8400 	 0.0839 
13.8450 	 0.0391 
13.8500 	 -0.0047 
13.8550 	 -0.0446 
13.8600 	 -0.0782 
13.8650 	 -0.1036 
13.8700 	 -0.1199 
13.8750 	 -0.1267 
13.8800 	 -0.1244 
13.8850 	 -0.1144 
13.8900 	 -0.0986 
13.8950 	 -0.0791 
13.9000 	 -0.0586 
13.9050 	 -0.0398 
13.9100 	 -0.0251 
13.9150 	 -0.0165 
13.9200 	 -0.0156 
13.9250 	 -0.0232 
13.9300 	 -0.0392 
13.9350 	 -0.0632 
13.9400 	 -0.0937 
13.9450 	 -0.1289 
13.9500 	 -0.1665 
13.9550 	 -0.2041 
13.9600 	 -0.2392 
13.9650 	 -0.2696 
13.9700 	 -0.2933 
13.9750 	 -0.3091 
13.9800 	 -0.3162 
13.9850 	 -0.3144 
13.9900 	 -0.3043 
13.9950 	 -0.2867 
14.0000 	 -0.2629 
14.0050 	 -0.2344 
14.0100 	 -0.2028 
14.0150 	 -0.1694 
14.0200 	 -0.1356 
14.0250 	 -0.1026 
14.0300 	 -0.0709 
14.0350 	 -0.0409 
14.0400 	 -0.0127 
14.0450 	 0.0140 
14.0500 	 0.0397 
14.0550 	 0.0650 
14.0600 	 0.0902 
14.0650 	 0.1157 
14.0700 	 0.1414 
14.0750 	 0.1669 
14.0800 	 0.1915 
14.0850 	 0.2144 
14.0900 	 0.2347 
14.0950 	 0.2514 
14.1000 	 0.2639 
14.1050 	 0.2716 
14.1100 	 0.2742 
14.1150 	 0.2717 
14.1200 	 0.2641 
14.1250 	 0.2516 
14.1300 	 0.2344 
14.1350 	 0.2130 
14.1400 	 0.1876 
14.1450 	 0.1587 
14.1500 	 0.1269 
14.1550 	 0.0929 
14.1600 	 0.0576 
14.1650 	 0.0223 
14.1700 	 -0.0119 
14.1750 	 -0.0437 
14.1800 	 -0.0719 
14.1850 	 -0.0953 
14.1900 	 -0.1131 
14.1950 	 -0.1247 
14.2000 	 -0.1299 
14.2050 	 -0.1287 
14.2100 	 -0.1218 
14.2150 	 -0.1101 
14.2200 	 -0.0946 
14.2250 	 -0.0768 
14.2300 	 -0.0581 
14.2350 	 -0.0396 
14.2400 	 -0.0225 
14.2450 	 -0.0075 
14.2500 	 0.0051 
14.2550 	 0.0152 
14.2600 	 0.0227 
14.2650 	 0.0279 
14.2700 	 0.0309 
14.2750 	 0.0317 
14.2800 	 0.0303 
14.2850 	 0.0266 
14.2900 	 0.0204 
14.2950 	 0.0118 
14.3000 	 0.0010 
14.3050 	 -0.0114 
14.3100 	 -0.0246 
14.3150 	 -0.0377 
14.3200 	 -0.0495 
14.3250 	 -0.0589 
14.3300 	 -0.0651 
14.3350 	 -0.0673 
14.3400 	 -0.0654 
14.3450 	 -0.0595 
14.3500 	 -0.0499 
14.3550 	 -0.0377 
14.3600 	 -0.0239 
14.3650 	 -0.0095 
14.3700 	 0.0040 
14.3750 	 0.0159 
14.3800 	 0.0253 
14.3850 	 0.0318 
14.3900 	 0.0352 
14.3950 	 0.0360 
14.4000 	 0.0347 
14.4050 	 0.0321 
14.4100 	 0.0292 
14.4150 	 0.0271 
14.4200 	 0.0266 
14.4250 	 0.0285 
14.4300 	 0.0329 
14.4350 	 0.0398 
14.4400 	 0.0485 
14.4450 	 0.0580 
14.4500 	 0.0669 
14.4550 	 0.0738 
14.4600 	 0.0769 
14.4650 	 0.0747 
14.4700 	 0.0661 
14.4750 	 0.0502 
14.4800 	 0.0270 
14.4850 	 -0.0030 
14.4900 	 -0.0384 
14.4950 	 -0.0771 
14.5000 	 -0.1167 
14.5050 	 -0.1542 
14.5100 	 -0.1868 
14.5150 	 -0.2118 
14.5200 	 -0.2273 
14.5250 	 -0.2321 
14.5300 	 -0.2260 
14.5350 	 -0.2096 
14.5400 	 -0.1843 
14.5450 	 -0.1520 
14.5500 	 -0.1152 
14.5550 	 -0.0761 
14.5600 	 -0.0371 
14.5650 	 0.0001 
14.5700 	 0.0338 
14.5750 	 0.0633 
14.5800 	 0.0879 
14.5850 	 0.1076 
14.5900 	 0.1226 
14.5950 	 0.1335 
14.6000 	 0.1411 
14.6050 	 0.1461 
14.6100 	 0.1493 
14.6150 	 0.1512 
14.6200 	 0.1522 
14.6250 	 0.1523 
14.6300 	 0.1510 
14.6350 	 0.1480 
14.6400 	 0.1425 
14.6450 	 0.1340 
14.6500 	 0.1218 
14.6550 	 0.1055 
14.6600 	 0.0851 
14.6650 	 0.0605 
14.6700 	 0.0323 
14.6750 	 0.0010 
14.6800 	 -0.0323 
14.6850 	 -0.0665 
14.6900 	 -0.1000 
14.6950 	 -0.1314 
14.7000 	 -0.1591 
14.7050 	 -0.1818 
14.7100 	 -0.1980 
14.7150 	 -0.2069 
14.7200 	 -0.2077 
14.7250 	 -0.2000 
14.7300 	 -0.1838 
14.7350 	 -0.1595 
14.7400 	 -0.1278 
14.7450 	 -0.0899 
14.7500 	 -0.0474 
14.7550 	 -0.0021 
14.7600 	 0.0443 
14.7650 	 0.0896 
14.7700 	 0.1321 
14.7750 	 0.1702 
14.7800 	 0.2023 
14.7850 	 0.2275 
14.7900 	 0.2449 
14.7950 	 0.2543 
14.8000 	 0.2560 
14.8050 	 0.2507 
14.8100 	 0.2396 
14.8150 	 0.2243 
14.8200 	 0.2064 
14.8250 	 0.1874 
14.8300 	 0.1684 
14.8350 	 0.1503 
14.8400 	 0.1332 
14.8450 	 0.1169 
14.8500 	 0.1005 
14.8550 	 0.0832 
14.8600 	 0.0636 
14.8650 	 0.0405 
14.8700 	 0.0130 
14.8750 	 -0.0198 
14.8800 	 -0.0581 
14.8850 	 -0.1019 
14.8900 	 -0.1505 
14.8950 	 -0.2026 
14.9000 	 -0.2562 
14.9050 	 -0.3091 
14.9100 	 -0.3586 
14.9150 	 -0.4015 
14.9200 	 -0.4352 
14.9250 	 -0.4569 
14.9300 	 -0.4647 
14.9350 	 -0.4573 
14.9400 	 -0.4344 
14.9450 	 -0.3967 
14.9500 	 -0.3454 
14.9550 	 -0.2829 
14.9600 	 -0.2119 
14.9650 	 -0.1354 
14.9700 	 -0.0567 
14.9750 	 0.0211 
14.9800 	 0.0952 
14.9850 	 0.1629 
14.9900 	 0.2224 
14.9950 	 0.2719 
15.0000 	 0.3102 
15.0050 	 0.3367 
15.0100 	 0.3511 
15.0150 	 0.3534 
15.0200 	 0.3443 
15.0250 	 0.3249 
15.0300 	 0.2968 
15.0350 	 0.2621 
15.0400 	 0.2231 
15.0450 	 0.1823 
15.0500 	 0.1423 
15.0550 	 0.1052 
15.0600 	 0.0731 
15.0650 	 0.0470 
15.0700 	 0.0279 
15.0750 	 0.0157 
15.0800 	 0.0100 
15.0850 	 0.0097 
15.0900 	 0.0134 
15.0950 	 0.0194 
15.1000 	 0.0260 
15.1050 	 0.0313 
15.1100 	 0.0338 
15.1150 	 0.0323 
15.1200 	 0.0256 
15.1250 	 0.0133 
15.1300 	 -0.0048 
15.1350 	 -0.0281 
15.1400 	 -0.0560 
15.1450 	 -0.0871 
15.1500 	 -0.1198 
15.1550 	 -0.1522 
15.1600 	 -0.1824 
15.1650 	 -0.2082 
15.1700 	 -0.2277 
15.1750 	 -0.2391 
15.1800 	 -0.2412 
15.1850 	 -0.2332 
15.1900 	 -0.2150 
15.1950 	 -0.1872 
15.2000 	 -0.1511 
15.2050 	 -0.1087 
15.2100 	 -0.0624 
15.2150 	 -0.0150 
15.2200 	 0.0305 
15.2250 	 0.0714 
15.2300 	 0.1050 
15.2350 	 0.1292 
15.2400 	 0.1427 
15.2450 	 0.1446 
15.2500 	 0.1351 
15.2550 	 0.1150 
15.2600 	 0.0859 
15.2650 	 0.0501 
15.2700 	 0.0104 
15.2750 	 -0.0302 
15.2800 	 -0.0686 
15.2850 	 -0.1019 
15.2900 	 -0.1276 
15.2950 	 -0.1439 
15.3000 	 -0.1495 
15.3050 	 -0.1441 
15.3100 	 -0.1280 
15.3150 	 -0.1022 
15.3200 	 -0.0682 
15.3250 	 -0.0279 
15.3300 	 0.0168 
15.3350 	 0.0636 
15.3400 	 0.1108 
15.3450 	 0.1564 
15.3500 	 0.1989 
15.3550 	 0.2371 
15.3600 	 0.2698 
15.3650 	 0.2959 
15.3700 	 0.3142 
15.3750 	 0.3236 
15.3800 	 0.3230 
15.3850 	 0.3113 
15.3900 	 0.2876 
15.3950 	 0.2513 
15.4000 	 0.2026 
15.4050 	 0.1421 
15.4100 	 0.0713 
15.4150 	 -0.0075 
15.4200 	 -0.0914 
15.4250 	 -0.1767 
15.4300 	 -0.2594 
15.4350 	 -0.3353 
15.4400 	 -0.4001 
15.4450 	 -0.4500 
15.4500 	 -0.4815 
15.4550 	 -0.4920 
15.4600 	 -0.4799 
15.4650 	 -0.4444 
15.4700 	 -0.3865 
15.4750 	 -0.3080 
15.4800 	 -0.2123 
15.4850 	 -0.1037 
15.4900 	 0.0125 
15.4950 	 0.1304 
15.5000 	 0.2441 
15.5050 	 0.3475 
15.5100 	 0.4355 
15.5150 	 0.5039 
15.5200 	 0.5494 
15.5250 	 0.5705 
15.5300 	 0.5672 
15.5350 	 0.5406 
15.5400 	 0.4936 
15.5450 	 0.4298 
15.5500 	 0.3537 
15.5550 	 0.2698 
15.5600 	 0.1831 
15.5650 	 0.0977 
15.5700 	 0.0175 
15.5750 	 -0.0547 
15.5800 	 -0.1170 
15.5850 	 -0.1685 
15.5900 	 -0.2093 
15.5950 	 -0.2404 
15.6000 	 -0.2634 
15.6050 	 -0.2806 
15.6100 	 -0.2944 
15.6150 	 -0.3070 
15.6200 	 -0.3205 
15.6250 	 -0.3363 
15.6300 	 -0.3551 
15.6350 	 -0.3767 
15.6400 	 -0.4002 
15.6450 	 -0.4239 
15.6500 	 -0.4454 
15.6550 	 -0.4620 
15.6600 	 -0.4707 
15.6650 	 -0.4688 
15.6700 	 -0.4541 
15.6750 	 -0.4250 
15.6800 	 -0.3809 
15.6850 	 -0.3223 
15.6900 	 -0.2506 
15.6950 	 -0.1681 
15.7000 	 -0.0780 
15.7050 	 0.0163 
15.7100 	 0.1106 
15.7150 	 0.2011 
15.7200 	 0.2839 
15.7250 	 0.3555 
15.7300 	 0.4131 
15.7350 	 0.4545 
15.7400 	 0.4786 
15.7450 	 0.4851 
15.7500 	 0.4747 
15.7550 	 0.4491 
15.7600 	 0.4108 
15.7650 	 0.3630 
15.7700 	 0.3091 
15.7750 	 0.2528 
15.7800 	 0.1978 
15.7850 	 0.1474 
15.7900 	 0.1048 
15.7950 	 0.0724 
15.8000 	 0.0519 
15.8050 	 0.0442 
15.8100 	 0.0490 
15.8150 	 0.0650 
15.8200 	 0.0901 
15.8250 	 0.1211 
15.8300 	 0.1544 
15.8350 	 0.1863 
15.8400 	 0.2132 
15.8450 	 0.2322 
15.8500 	 0.2413 
15.8550 	 0.2391 
15.8600 	 0.2256 
15.8650 	 0.2013 
15.8700 	 0.1677 
15.8750 	 0.1266 
15.8800 	 0.0805 
15.8850 	 0.0317 
15.8900 	 -0.0176 
15.8950 	 -0.0652 
15.9000 	 -0.1097 
15.9050 	 -0.1498 
15.9100 	 -0.1847 
15.9150 	 -0.2142 
15.9200 	 -0.2383 
15.9250 	 -0.2573 
15.9300 	 -0.2721 
15.9350 	 -0.2834 
15.9400 	 -0.2922 
15.9450 	 -0.2994 
15.9500 	 -0.3056 
15.9550 	 -0.3110 
15.9600 	 -0.3157 
15.9650 	 -0.3191 
15.9700 	 -0.3206 
15.9750 	 -0.3190 
15.9800 	 -0.3129 
15.9850 	 -0.3011 
15.9900 	 -0.2819 
15.9950 	 -0.2544 
16.0000 	 -0.2177 
16.0050 	 -0.1718 
16.0100 	 -0.1173 
16.0150 	 -0.0557 
16.0200 	 0.0105 
16.0250 	 0.0782 
16.0300 	 0.1441 
16.0350 	 0.2044 
16.0400 	 0.2555 
16.0450 	 0.2942 
16.0500 	 0.3181 
16.0550 	 0.3257 
16.0600 	 0.3164 
16.0650 	 0.2907 
16.0700 	 0.2502 
16.0750 	 0.1974 
16.0800 	 0.1354 
16.0850 	 0.0680 
16.0900 	 -0.0005 
16.0950 	 -0.0660 
16.1000 	 -0.1243 
16.1050 	 -0.1718 
16.1100 	 -0.2054 
16.1150 	 -0.2233 
16.1200 	 -0.2247 
16.1250 	 -0.2105 
16.1300 	 -0.1824 
16.1350 	 -0.1434 
16.1400 	 -0.0973 
16.1450 	 -0.0480 
16.1500 	 0.0005 
16.1550 	 0.0447 
16.1600 	 0.0820 
16.1650 	 0.1105 
16.1700 	 0.1298 
16.1750 	 0.1399 
16.1800 	 0.1420 
16.1850 	 0.1374 
16.1900 	 0.1280 
16.1950 	 0.1153 
16.2000 	 0.1010 
16.2050 	 0.0865 
16.2100 	 0.0726 
16.2150 	 0.0603 
16.2200 	 0.0500 
16.2250 	 0.0418 
16.2300 	 0.0357 
16.2350 	 0.0317 
16.2400 	 0.0296 
16.2450 	 0.0294 
16.2500 	 0.0311 
16.2550 	 0.0352 
16.2600 	 0.0423 
16.2650 	 0.0530 
16.2700 	 0.0680 
16.2750 	 0.0879 
16.2800 	 0.1128 
16.2850 	 0.1423 
16.2900 	 0.1753 
16.2950 	 0.2101 
16.3000 	 0.2443 
16.3050 	 0.2752 
16.3100 	 0.2998 
16.3150 	 0.3150 
16.3200 	 0.3181 
16.3250 	 0.3069 
16.3300 	 0.2799 
16.3350 	 0.2365 
16.3400 	 0.1771 
16.3450 	 0.1028 
16.3500 	 0.0161 
16.3550 	 -0.0799 
16.3600 	 -0.1812 
16.3650 	 -0.2835 
16.3700 	 -0.3820 
16.3750 	 -0.4719 
16.3800 	 -0.5488 
16.3850 	 -0.6088 
16.3900 	 -0.6488 
16.3950 	 -0.6666 
16.4000 	 -0.6617 
16.4050 	 -0.6345 
16.4100 	 -0.5869 
16.4150 	 -0.5220 
16.4200 	 -0.4436 
16.4250 	 -0.3563 
16.4300 	 -0.2648 
16.4350 	 -0.1733 
16.4400 	 -0.0857 
16.4450 	 -0.0050 
16.4500 	 0.0668 
16.4550 	 0.1288 
16.4600 	 0.1809 
16.4650 	 0.2237 
16.4700 	 0.2583 
16.4750 	 0.2859 
16.4800 	 0.3079 
16.4850 	 0.3255 
16.4900 	 0.3394 
16.4950 	 0.3503 
16.5000 	 0.3582 
16.5050 	 0.3633 
16.5100 	 0.3652 
16.5150 	 0.3638 
16.5200 	 0.3584 
16.5250 	 0.3487 
16.5300 	 0.3338 
16.5350 	 0.3130 
16.5400 	 0.2855 
16.5450 	 0.2507 
16.5500 	 0.2082 
16.5550 	 0.1583 
16.5600 	 0.1017 
16.5650 	 0.0402 
16.5700 	 -0.0237 
16.5750 	 -0.0869 
16.5800 	 -0.1458 
16.5850 	 -0.1969 
16.5900 	 -0.2370 
16.5950 	 -0.2635 
16.6000 	 -0.2748 
16.6050 	 -0.2706 
16.6100 	 -0.2515 
16.6150 	 -0.2195 
16.6200 	 -0.1772 
16.6250 	 -0.1280 
16.6300 	 -0.0756 
16.6350 	 -0.0239 
16.6400 	 0.0234 
16.6450 	 0.0631 
16.6500 	 0.0925 
16.6550 	 0.1095 
16.6600 	 0.1130 
16.6650 	 0.1026 
16.6700 	 0.0789 
16.6750 	 0.0432 
16.6800 	 -0.0023 
16.6850 	 -0.0546 
16.6900 	 -0.1105 
16.6950 	 -0.1661 
16.7000 	 -0.2175 
16.7050 	 -0.2610 
16.7100 	 -0.2935 
16.7150 	 -0.3124 
16.7200 	 -0.3159 
16.7250 	 -0.3033 
16.7300 	 -0.2749 
16.7350 	 -0.2319 
16.7400 	 -0.1765 
16.7450 	 -0.1117 
16.7500 	 -0.0413 
16.7550 	 0.0306 
16.7600 	 0.0998 
16.7650 	 0.1619 
16.7700 	 0.2133 
16.7750 	 0.2509 
16.7800 	 0.2726 
16.7850 	 0.2776 
16.7900 	 0.2660 
16.7950 	 0.2392 
16.8000 	 0.1998 
16.8050 	 0.1512 
16.8100 	 0.0974 
16.8150 	 0.0427 
16.8200 	 -0.0085 
16.8250 	 -0.0522 
16.8300 	 -0.0851 
16.8350 	 -0.1049 
16.8400 	 -0.1102 
16.8450 	 -0.1010 
16.8500 	 -0.0784 
16.8550 	 -0.0446 
16.8600 	 -0.0027 
16.8650 	 0.0436 
16.8700 	 0.0902 
16.8750 	 0.1333 
16.8800 	 0.1693 
16.8850 	 0.1951 
16.8900 	 0.2086 
16.8950 	 0.2085 
16.9000 	 0.1948 
16.9050 	 0.1680 
16.9100 	 0.1302 
16.9150 	 0.0838 
16.9200 	 0.0322 
16.9250 	 -0.0210 
16.9300 	 -0.0718 
16.9350 	 -0.1165 
16.9400 	 -0.1518 
16.9450 	 -0.1748 
16.9500 	 -0.1838 
16.9550 	 -0.1778 
16.9600 	 -0.1571 
16.9650 	 -0.1230 
16.9700 	 -0.0779 
16.9750 	 -0.0251 
16.9800 	 0.0317 
16.9850 	 0.0880 
16.9900 	 0.1397 
16.9950 	 0.1828 
17.0000 	 0.2139 
17.0050 	 0.2308 
17.0100 	 0.2322 
17.0150 	 0.2184 
17.0200 	 0.1905 
17.0250 	 0.1506 
17.0300 	 0.1017 
17.0350 	 0.0469 
17.0400 	 -0.0102 
17.0450 	 -0.0665 
17.0500 	 -0.1191 
17.0550 	 -0.1654 
17.0600 	 -0.2035 
17.0650 	 -0.2321 
17.0700 	 -0.2505 
17.0750 	 -0.2585 
17.0800 	 -0.2563 
17.0850 	 -0.2448 
17.0900 	 -0.2252 
17.0950 	 -0.1990 
17.1000 	 -0.1678 
17.1050 	 -0.1335 
17.1100 	 -0.0978 
17.1150 	 -0.0625 
17.1200 	 -0.0291 
17.1250 	 0.0012 
17.1300 	 0.0274 
17.1350 	 0.0489 
17.1400 	 0.0655 
17.1450 	 0.0771 
17.1500 	 0.0840 
17.1550 	 0.0868 
17.1600 	 0.0858 
17.1650 	 0.0814 
17.1700 	 0.0740 
17.1750 	 0.0639 
17.1800 	 0.0512 
17.1850 	 0.0361 
17.1900 	 0.0188 
17.1950 	 -0.0003 
17.2000 	 -0.0209 
17.2050 	 -0.0423 
17.2100 	 -0.0638 
17.2150 	 -0.0845 
17.2200 	 -0.1034 
17.2250 	 -0.1194 
17.2300 	 -0.1316 
17.2350 	 -0.1387 
17.2400 	 -0.1397 
17.2450 	 -0.1338 
17.2500 	 -0.1203 
17.2550 	 -0.0987 
17.2600 	 -0.0690 
17.2650 	 -0.0317 
17.2700 	 0.0122 
17.2750 	 0.0613 
17.2800 	 0.1136 
17.2850 	 0.1666 
17.2900 	 0.2177 
17.2950 	 0.2639 
17.3000 	 0.3025 
17.3050 	 0.3309 
17.3100 	 0.3469 
17.3150 	 0.3490 
17.3200 	 0.3361 
17.3250 	 0.3080 
17.3300 	 0.2652 
17.3350 	 0.2090 
17.3400 	 0.1416 
17.3450 	 0.0657 
17.3500 	 -0.0151 
17.3550 	 -0.0969 
17.3600 	 -0.1753 
17.3650 	 -0.2461 
17.3700 	 -0.3052 
17.3750 	 -0.3490 
17.3800 	 -0.3747 
17.3850 	 -0.3807 
17.3900 	 -0.3661 
17.3950 	 -0.3316 
17.4000 	 -0.2788 
17.4050 	 -0.2107 
17.4100 	 -0.1310 
17.4150 	 -0.0445 
17.4200 	 0.0437 
17.4250 	 0.1284 
17.4300 	 0.2046 
17.4350 	 0.2679 
17.4400 	 0.3150 
17.4450 	 0.3435 
17.4500 	 0.3528 
17.4550 	 0.3433 
17.4600 	 0.3171 
17.4650 	 0.2770 
17.4700 	 0.2268 
17.4750 	 0.1705 
17.4800 	 0.1122 
17.4850 	 0.0558 
17.4900 	 0.0045 
17.4950 	 -0.0393 
17.5000 	 -0.0739 
17.5050 	 -0.0986 
17.5100 	 -0.1138 
17.5150 	 -0.1205 
17.5200 	 -0.1204 
17.5250 	 -0.1157 
17.5300 	 -0.1087 
17.5350 	 -0.1016 
17.5400 	 -0.0964 
17.5450 	 -0.0946 
17.5500 	 -0.0967 
17.5550 	 -0.1029 
17.5600 	 -0.1121 
17.5650 	 -0.1231 
17.5700 	 -0.1338 
17.5750 	 -0.1423 
17.5800 	 -0.1464 
17.5850 	 -0.1444 
17.5900 	 -0.1351 
17.5950 	 -0.1179 
17.6000 	 -0.0931 
17.6050 	 -0.0616 
17.6100 	 -0.0249 
17.6150 	 0.0147 
17.6200 	 0.0546 
17.6250 	 0.0915 
17.6300 	 0.1225 
17.6350 	 0.1443 
17.6400 	 0.1542 
17.6450 	 0.1501 
17.6500 	 0.1309 
17.6550 	 0.0964 
17.6600 	 0.0479 
17.6650 	 -0.0125 
17.6700 	 -0.0813 
17.6750 	 -0.1543 
17.6800 	 -0.2266 
17.6850 	 -0.2932 
17.6900 	 -0.3493 
17.6950 	 -0.3907 
17.7000 	 -0.4141 
17.7050 	 -0.4175 
17.7100 	 -0.4005 
17.7150 	 -0.3637 
17.7200 	 -0.3096 
17.7250 	 -0.2417 
17.7300 	 -0.1642 
17.7350 	 -0.0820 
17.7400 	 0.0003 
17.7450 	 0.0781 
17.7500 	 0.1482 
17.7550 	 0.2080 
17.7600 	 0.2564 
17.7650 	 0.2932 
17.7700 	 0.3194 
17.7750 	 0.3367 
17.7800 	 0.3472 
17.7850 	 0.3533 
17.7900 	 0.3571 
17.7950 	 0.3602 
17.8000 	 0.3636 
17.8050 	 0.3677 
17.8100 	 0.3720 
17.8150 	 0.3757 
17.8200 	 0.3773 
17.8250 	 0.3755 
17.8300 	 0.3688 
17.8350 	 0.3561 
17.8400 	 0.3366 
17.8450 	 0.3097 
17.8500 	 0.2756 
17.8550 	 0.2344 
17.8600 	 0.1867 
17.8650 	 0.1333 
17.8700 	 0.0753 
17.8750 	 0.0139 
17.8800 	 -0.0493 
17.8850 	 -0.1126 
17.8900 	 -0.1738 
17.8950 	 -0.2306 
17.9000 	 -0.2808 
17.9050 	 -0.3223 
17.9100 	 -0.3531 
17.9150 	 -0.3719 
17.9200 	 -0.3776 
17.9250 	 -0.3701 
17.9300 	 -0.3494 
17.9350 	 -0.3165 
17.9400 	 -0.2731 
17.9450 	 -0.2210 
17.9500 	 -0.1629 
17.9550 	 -0.1018 
17.9600 	 -0.0408 
17.9650 	 0.0168 
17.9700 	 0.0675 
17.9750 	 0.1082 
17.9800 	 0.1360 
17.9850 	 0.1487 
17.9900 	 0.1445 
17.9950 	 0.1227 
18.0000 	 0.0837 
18.0050 	 0.0289 
18.0100 	 -0.0390 
18.0150 	 -0.1164 
18.0200 	 -0.1987 
18.0250 	 -0.2810 
18.0300 	 -0.3579 
18.0350 	 -0.4243 
18.0400 	 -0.4756 
18.0450 	 -0.5083 
18.0500 	 -0.5199 
18.0550 	 -0.5095 
18.0600 	 -0.4776 
18.0650 	 -0.4260 
18.0700 	 -0.3580 
18.0750 	 -0.2777 
18.0800 	 -0.1894 
18.0850 	 -0.0980 
18.0900 	 -0.0080 
18.0950 	 0.0766 
18.1000 	 0.1521 
18.1050 	 0.2162 
18.1100 	 0.2668 
18.1150 	 0.3031 
18.1200 	 0.3252 
18.1250 	 0.3337 
18.1300 	 0.3304 
18.1350 	 0.3175 
18.1400 	 0.2977 
18.1450 	 0.2743 
18.1500 	 0.2503 
18.1550 	 0.2288 
18.1600 	 0.2123 
18.1650 	 0.2028 
18.1700 	 0.2011 
18.1750 	 0.2076 
18.1800 	 0.2214 
18.1850 	 0.2407 
18.1900 	 0.2630 
18.1950 	 0.2854 
18.2000 	 0.3044 
18.2050 	 0.3171 
18.2100 	 0.3208 
18.2150 	 0.3134 
18.2200 	 0.2939 
18.2250 	 0.2624 
18.2300 	 0.2199 
18.2350 	 0.1687 
18.2400 	 0.1117 
18.2450 	 0.0525 
18.2500 	 -0.0050 
18.2550 	 -0.0570 
18.2600 	 -0.1002 
18.2650 	 -0.1322 
18.2700 	 -0.1515 
18.2750 	 -0.1579 
18.2800 	 -0.1524 
18.2850 	 -0.1373 
18.2900 	 -0.1156 
18.2950 	 -0.0908 
18.3000 	 -0.0666 
18.3050 	 -0.0463 
18.3100 	 -0.0325 
18.3150 	 -0.0269 
18.3200 	 -0.0301 
18.3250 	 -0.0420 
18.3300 	 -0.0612 
18.3350 	 -0.0857 
18.3400 	 -0.1129 
18.3450 	 -0.1402 
18.3500 	 -0.1647 
18.3550 	 -0.1840 
18.3600 	 -0.1964 
18.3650 	 -0.2008 
18.3700 	 -0.1968 
18.3750 	 -0.1849 
18.3800 	 -0.1661 
18.3850 	 -0.1419 
18.3900 	 -0.1143 
18.3950 	 -0.0853 
18.4000 	 -0.0571 
18.4050 	 -0.0319 
18.4100 	 -0.0116 
18.4150 	 0.0022 
18.4200 	 0.0083 
18.4250 	 0.0058 
18.4300 	 -0.0054 
18.4350 	 -0.0251 
18.4400 	 -0.0523 
18.4450 	 -0.0853 
18.4500 	 -0.1223 
18.4550 	 -0.1608 
18.4600 	 -0.1980 
18.4650 	 -0.2313 
18.4700 	 -0.2580 
18.4750 	 -0.2760 
18.4800 	 -0.2835 
18.4850 	 -0.2793 
18.4900 	 -0.2630 
18.4950 	 -0.2350 
18.5000 	 -0.1964 
18.5050 	 -0.1486 
18.5100 	 -0.0940 
18.5150 	 -0.0348 
18.5200 	 0.0262 
18.5250 	 0.0865 
18.5300 	 0.1435 
18.5350 	 0.1951 
18.5400 	 0.2393 
18.5450 	 0.2749 
18.5500 	 0.3010 
18.5550 	 0.3175 
18.5600 	 0.3249 
18.5650 	 0.3242 
18.5700 	 0.3171 
18.5750 	 0.3052 
18.5800 	 0.2907 
18.5850 	 0.2754 
18.5900 	 0.2612 
18.5950 	 0.2499 
18.6000 	 0.2426 
18.6050 	 0.2401 
18.6100 	 0.2425 
18.6150 	 0.2489 
18.6200 	 0.2577 
18.6250 	 0.2668 
18.6300 	 0.2732 
18.6350 	 0.2740 
18.6400 	 0.2662 
18.6450 	 0.2476 
18.6500 	 0.2163 
18.6550 	 0.1719 
18.6600 	 0.1149 
18.6650 	 0.0468 
18.6700 	 -0.0296 
18.6750 	 -0.1110 
18.6800 	 -0.1936 
18.6850 	 -0.2732 
18.6900 	 -0.3461 
18.6950 	 -0.4091 
18.7000 	 -0.4597 
18.7050 	 -0.4964 
18.7100 	 -0.5185 
18.7150 	 -0.5263 
18.7200 	 -0.5207 
18.7250 	 -0.5030 
18.7300 	 -0.4749 
18.7350 	 -0.4380 
18.7400 	 -0.3939 
18.7450 	 -0.3441 
18.7500 	 -0.2895 
18.7550 	 -0.2309 
18.7600 	 -0.1690 
18.7650 	 -0.1044 
18.7700 	 -0.0376 
18.7750 	 0.0303 
18.7800 	 0.0982 
18.7850 	 0.1644 
18.7900 	 0.2271 
18.7950 	 0.2843 
18.8000 	 0.3342 
18.8050 	 0.3749 
18.8100 	 0.4049 
18.8150 	 0.4230 
18.8200 	 0.4283 
18.8250 	 0.4204 
18.8300 	 0.3996 
18.8350 	 0.3665 
18.8400 	 0.3224 
18.8450 	 0.2690 
18.8500 	 0.2086 
18.8550 	 0.1437 
18.8600 	 0.0770 
18.8650 	 0.0115 
18.8700 	 -0.0501 
18.8750 	 -0.1049 
18.8800 	 -0.1510 
18.8850 	 -0.1867 
18.8900 	 -0.2111 
18.8950 	 -0.2241 
18.9000 	 -0.2263 
18.9050 	 -0.2187 
18.9100 	 -0.2027 
18.9150 	 -0.1796 
18.9200 	 -0.1508 
18.9250 	 -0.1176 
18.9300 	 -0.0809 
18.9350 	 -0.0419 
18.9400 	 -0.0016 
18.9450 	 0.0384 
18.9500 	 0.0766 
18.9550 	 0.1109 
18.9600 	 0.1395 
18.9650 	 0.1602 
18.9700 	 0.1716 
18.9750 	 0.1723 
18.9800 	 0.1618 
18.9850 	 0.1402 
18.9900 	 0.1083 
18.9950 	 0.0673 
19.0000 	 0.0192 
19.0050 	 -0.0339 
19.0100 	 -0.0895 
19.0150 	 -0.1452 
19.0200 	 -0.1985 
19.0250 	 -0.2470 
19.0300 	 -0.2888 
19.0350 	 -0.3219 
19.0400 	 -0.3450 
19.0450 	 -0.3573 
19.0500 	 -0.3585 
19.0550 	 -0.3486 
19.0600 	 -0.3284 
19.0650 	 -0.2986 
19.0700 	 -0.2602 
19.0750 	 -0.2144 
19.0800 	 -0.1622 
19.0850 	 -0.1046 
19.0900 	 -0.0427 
19.0950 	 0.0226 
19.1000 	 0.0902 
19.1050 	 0.1587 
19.1100 	 0.2267 
19.1150 	 0.2926 
19.1200 	 0.3544 
19.1250 	 0.4102 
19.1300 	 0.4583 
19.1350 	 0.4969 
19.1400 	 0.5248 
19.1450 	 0.5408 
19.1500 	 0.5443 
19.1550 	 0.5349 
19.1600 	 0.5126 
19.1650 	 0.4776 
19.1700 	 0.4305 
19.1750 	 0.3722 
19.1800 	 0.3038 
19.1850 	 0.2267 
19.1900 	 0.1426 
19.1950 	 0.0536 
19.2000 	 -0.0379 
19.2050 	 -0.1295 
19.2100 	 -0.2184 
19.2150 	 -0.3020 
19.2200 	 -0.3777 
19.2250 	 -0.4432 
19.2300 	 -0.4968 
19.2350 	 -0.5370 
19.2400 	 -0.5633 
19.2450 	 -0.5753 
19.2500 	 -0.5735 
19.2550 	 -0.5587 
19.2600 	 -0.5321 
19.2650 	 -0.4951 
19.2700 	 -0.4491 
19.2750 	 -0.3956 
19.2800 	 -0.3358 
19.2850 	 -0.2708 
19.2900 	 -0.2011 
19.2950 	 -0.1274 
19.3000 	 -0.0500 
19.3050 	 0.0304 
19.3100 	 0.1130 
19.3150 	 0.1965 
19.3200 	 0.2792 
19.3250 	 0.3587 
19.3300 	 0.4323 
19.3350 	 0.4970 
19.3400 	 0.5497 
19.3450 	 0.5875 
19.3500 	 0.6079 
19.3550 	 0.6089 
19.3600 	 0.5894 
19.3650 	 0.5491 
19.3700 	 0.4888 
19.3750 	 0.4101 
19.3800 	 0.3158 
19.3850 	 0.2093 
19.3900 	 0.0949 
19.3950 	 -0.0224 
19.4000 	 -0.1373 
19.4050 	 -0.2446 
19.4100 	 -0.3390 
19.4150 	 -0.4162 
19.4200 	 -0.4727 
19.4250 	 -0.5063 
19.4300 	 -0.5162 
19.4350 	 -0.5031 
19.4400 	 -0.4689 
19.4450 	 -0.4165 
19.4500 	 -0.3496 
19.4550 	 -0.2724 
19.4600 	 -0.1892 
19.4650 	 -0.1042 
19.4700 	 -0.0210 
19.4750 	 0.0570 
19.4800 	 0.1272 
19.4850 	 0.1877 
19.4900 	 0.2371 
19.4950 	 0.2749 
19.5000 	 0.3008 
19.5050 	 0.3151 
19.5100 	 0.3181 
19.5150 	 0.3105 
19.5200 	 0.2931 
19.5250 	 0.2670 
19.5300 	 0.2335 
19.5350 	 0.1940 
19.5400 	 0.1503 
19.5450 	 0.1041 
19.5500 	 0.0570 
19.5550 	 0.0104 
19.5600 	 -0.0344 
19.5650 	 -0.0763 
19.5700 	 -0.1148 
19.5750 	 -0.1491 
19.5800 	 -0.1791 
19.5850 	 -0.2046 
19.5900 	 -0.2255 
19.5950 	 -0.2421 
19.6000 	 -0.2545 
19.6050 	 -0.2633 
19.6100 	 -0.2685 
19.6150 	 -0.2704 
19.6200 	 -0.2689 
19.6250 	 -0.2635 
19.6300 	 -0.2539 
19.6350 	 -0.2394 
19.6400 	 -0.2191 
19.6450 	 -0.1926 
19.6500 	 -0.1595 
19.6550 	 -0.1198 
19.6600 	 -0.0741 
19.6650 	 -0.0235 
19.6700 	 0.0302 
19.6750 	 0.0845 
19.6800 	 0.1368 
19.6850 	 0.1839 
19.6900 	 0.2230 
19.6950 	 0.2512 
19.7000 	 0.2663 
19.7050 	 0.2669 
19.7100 	 0.2523 
19.7150 	 0.2229 
19.7200 	 0.1800 
19.7250 	 0.1256 
19.7300 	 0.0627 
19.7350 	 -0.0054 
19.7400 	 -0.0748 
19.7450 	 -0.1417 
19.7500 	 -0.2020 
19.7550 	 -0.2523 
19.7600 	 -0.2890 
19.7650 	 -0.3095 
19.7700 	 -0.3115 
19.7750 	 -0.2939 
19.7800 	 -0.2563 
19.7850 	 -0.1995 
19.7900 	 -0.1253 
19.7950 	 -0.0363 
19.8000 	 0.0638 
19.8050 	 0.1709 
19.8100 	 0.2801 
19.8150 	 0.3869 
19.8200 	 0.4862 
19.8250 	 0.5739 
19.8300 	 0.6459 
19.8350 	 0.6989 
19.8400 	 0.7305 
19.8450 	 0.7389 
19.8500 	 0.7231 
19.8550 	 0.6832 
19.8600 	 0.6202 
19.8650 	 0.5357 
19.8700 	 0.4325 
19.8750 	 0.3143 
19.8800 	 0.1854 
19.8850 	 0.0508 
19.8900 	 -0.0843 
19.8950 	 -0.2141 
19.9000 	 -0.3331 
19.9050 	 -0.4362 
19.9100 	 -0.5189 
19.9150 	 -0.5775 
19.9200 	 -0.6099 
19.9250 	 -0.6155 
19.9300 	 -0.5949 
19.9350 	 -0.5506 
19.9400 	 -0.4863 
19.9450 	 -0.4070 
19.9500 	 -0.3183 
19.9550 	 -0.2260 
19.9600 	 -0.1362 
19.9650 	 -0.0544 
19.9700 	 0.0146 
19.9750 	 0.0667 
19.9800 	 0.0992 
19.9850 	 0.1104 
19.9900 	 0.0999 
19.9950 	 0.0690 
20.0000 	 0.0201 
20.0050 	 -0.0430 
20.0100 	 -0.1153 
20.0150 	 -0.1912 
20.0200 	 -0.2649 
20.0250 	 -0.3307 
20.0300 	 -0.3837 
20.0350 	 -0.4203 
20.0400 	 -0.4380 
20.0450 	 -0.4363 
20.0500 	 -0.4157 
20.0550 	 -0.3783 
20.0600 	 -0.3270 
20.0650 	 -0.2654 
20.0700 	 -0.1974 
20.0750 	 -0.1267 
20.0800 	 -0.0564 
20.0850 	 0.0108 
20.0900 	 0.0733 
20.0950 	 0.1302 
20.1000 	 0.1810 
20.1050 	 0.2262 
20.1100 	 0.2661 
20.1150 	 0.3017 
20.1200 	 0.3337 
20.1250 	 0.3627 
20.1300 	 0.3893 
20.1350 	 0.4134 
20.1400 	 0.4347 
20.1450 	 0.4524 
20.1500 	 0.4651 
20.1550 	 0.4714 
20.1600 	 0.4695 
20.1650 	 0.4579 
20.1700 	 0.4352 
20.1750 	 0.4004 
20.1800 	 0.3532 
20.1850 	 0.2940 
20.1900 	 0.2241 
20.1950 	 0.1454 
20.2000 	 0.0609 
20.2050 	 -0.0260 
20.2100 	 -0.1111 
20.2150 	 -0.1900 
20.2200 	 -0.2587 
20.2250 	 -0.3131 
20.2300 	 -0.3505 
20.2350 	 -0.3691 
20.2400 	 -0.3682 
20.2450 	 -0.3487 
20.2500 	 -0.3130 
20.2550 	 -0.2644 
20.2600 	 -0.2071 
20.2650 	 -0.1461 
20.2700 	 -0.0862 
20.2750 	 -0.0318 
20.2800 	 0.0133 
20.2850 	 0.0466 
20.2900 	 0.0667 
20.2950 	 0.0738 
20.3000 	 0.0691 
20.3050 	 0.0553 
20.3100 	 0.0356 
20.3150 	 0.0138 
20.3200 	 -0.0063 
20.3250 	 -0.0211 
20.3300 	 -0.0278 
20.3350 	 -0.0245 
20.3400 	 -0.0104 
20.3450 	 0.0144 
20.3500 	 0.0484 
20.3550 	 0.0896 
20.3600 	 0.1348 
20.3650 	 0.1803 
20.3700 	 0.2224 
20.3750 	 0.2573 
20.3800 	 0.2813 
20.3850 	 0.2915 
20.3900 	 0.2859 
20.3950 	 0.2633 
20.4000 	 0.2237 
20.4050 	 0.1685 
20.4100 	 0.1000 
20.4150 	 0.0214 
20.4200 	 -0.0632 
20.4250 	 -0.1495 
20.4300 	 -0.2333 
20.4350 	 -0.3107 
20.4400 	 -0.3784 
20.4450 	 -0.4338 
20.4500 	 -0.4753 
20.4550 	 -0.5019 
20.4600 	 -0.5134 
20.4650 	 -0.5099 
20.4700 	 -0.4920 
20.4750 	 -0.4605 
20.4800 	 -0.4162 
20.4850 	 -0.3602 
20.4900 	 -0.2938 
20.4950 	 -0.2186 
20.5000 	 -0.1364 
20.5050 	 -0.0497 
20.5100 	 0.0391 
20.5150 	 0.1273 
20.5200 	 0.2125 
20.5250 	 0.2920 
20.5300 	 0.3636 
20.5350 	 0.4251 
20.5400 	 0.4748 
20.5450 	 0.5109 
20.5500 	 0.5319 
20.5550 	 0.5366 
20.5600 	 0.5242 
20.5650 	 0.4943 
20.5700 	 0.4469 
20.5750 	 0.3829 
20.5800 	 0.3038 
20.5850 	 0.2124 
20.5900 	 0.1119 
20.5950 	 0.0069 
20.6000 	 -0.0975 
20.6050 	 -0.1960 
20.6100 	 -0.2831 
20.6150 	 -0.3539 
20.6200 	 -0.4046 
20.6250 	 -0.4327 
20.6300 	 -0.4375 
20.6350 	 -0.4201 
20.6400 	 -0.3829 
20.6450 	 -0.3300 
20.6500 	 -0.2662 
20.6550 	 -0.1967 
20.6600 	 -0.1267 
20.6650 	 -0.0611 
20.6700 	 -0.0039 
20.6750 	 0.0421 
20.6800 	 0.0749 
20.6850 	 0.0942 
20.6900 	 0.1008 
20.6950 	 0.0966 
20.7000 	 0.0842 
20.7050 	 0.0671 
20.7100 	 0.0489 
20.7150 	 0.0331 
20.7200 	 0.0226 
20.7250 	 0.0201 
20.7300 	 0.0270 
20.7350 	 0.0438 
20.7400 	 0.0697 
20.7450 	 0.1028 
20.7500 	 0.1401 
20.7550 	 0.1777 
20.7600 	 0.2113 
20.7650 	 0.2365 
20.7700 	 0.2492 
20.7750 	 0.2463 
20.7800 	 0.2256 
20.7850 	 0.1867 
20.7900 	 0.1307 
20.7950 	 0.0602 
20.8000 	 -0.0207 
20.8050 	 -0.1065 
20.8100 	 -0.1913 
20.8150 	 -0.2691 
20.8200 	 -0.3339 
20.8250 	 -0.3809 
20.8300 	 -0.4063 
20.8350 	 -0.4078 
20.8400 	 -0.3850 
20.8450 	 -0.3388 
20.8500 	 -0.2720 
20.8550 	 -0.1889 
20.8600 	 -0.0946 
20.8650 	 0.0049 
20.8700 	 0.1033 
20.8750 	 0.1948 
20.8800 	 0.2739 
20.8850 	 0.3364 
20.8900 	 0.3791 
20.8950 	 0.4007 
20.9000 	 0.4010 
20.9050 	 0.3817 
20.9100 	 0.3455 
20.9150 	 0.2960 
20.9200 	 0.2373 
20.9250 	 0.1738 
20.9300 	 0.1096 
20.9350 	 0.0484 
20.9400 	 -0.0065 
20.9450 	 -0.0528 
20.9500 	 -0.0889 
20.9550 	 -0.1141 
20.9600 	 -0.1287 
20.9650 	 -0.1341 
20.9700 	 -0.1323 
20.9750 	 -0.1258 
20.9800 	 -0.1175 
20.9850 	 -0.1102 
20.9900 	 -0.1061 
20.9950 	 -0.1070 
21.0000 	 -0.1138 
21.0050 	 -0.1264 
21.0100 	 -0.1438 
21.0150 	 -0.1640 
21.0200 	 -0.1846 
21.0250 	 -0.2026 
21.0300 	 -0.2151 
21.0350 	 -0.2189 
21.0400 	 -0.2115 
21.0450 	 -0.1907 
21.0500 	 -0.1551 
21.0550 	 -0.1045 
21.0600 	 -0.0393 
21.0650 	 0.0382 
21.0700 	 0.1247 
21.0750 	 0.2157 
21.0800 	 0.3056 
21.0850 	 0.3882 
21.0900 	 0.4569 
21.0950 	 0.5059 
21.1000 	 0.5301 
21.1050 	 0.5258 
21.1100 	 0.4912 
21.1150 	 0.4267 
21.1200 	 0.3348 
21.1250 	 0.2199 
21.1300 	 0.0882 
21.1350 	 -0.0526 
21.1400 	 -0.1942 
21.1450 	 -0.3279 
21.1500 	 -0.4455 
21.1550 	 -0.5395 
21.1600 	 -0.6040 
21.1650 	 -0.6350 
21.1700 	 -0.6307 
21.1750 	 -0.5914 
21.1800 	 -0.5203 
21.1850 	 -0.4223 
21.1900 	 -0.3045 
21.1950 	 -0.1751 
21.2000 	 -0.0431 
21.2050 	 0.0826 
21.2100 	 0.1937 
21.2150 	 0.2831 
21.2200 	 0.3456 
21.2250 	 0.3777 
21.2300 	 0.3785 
21.2350 	 0.3489 
21.2400 	 0.2923 
21.2450 	 0.2139 
21.2500 	 0.1206 
21.2550 	 0.0203 
21.2600 	 -0.0786 
21.2650 	 -0.1676 
21.2700 	 -0.2393 
21.2750 	 -0.2872 
21.2800 	 -0.3070 
21.2850 	 -0.2962 
21.2900 	 -0.2548 
21.2950 	 -0.1853 
21.3000 	 -0.0923 
21.3050 	 0.0175 
21.3100 	 0.1362 
21.3150 	 0.2551 
21.3200 	 0.3653 
21.3250 	 0.4585 
21.3300 	 0.5277 
21.3350 	 0.5677 
21.3400 	 0.5754 
21.3450 	 0.5500 
21.3500 	 0.4933 
21.3550 	 0.4089 
21.3600 	 0.3025 
21.3650 	 0.1809 
21.3700 	 0.0515 
21.3750 	 -0.0780 
21.3800 	 -0.2007 
21.3850 	 -0.3104 
21.3900 	 -0.4023 
21.3950 	 -0.4728 
21.4000 	 -0.5199 
21.4050 	 -0.5428 
21.4100 	 -0.5419 
21.4150 	 -0.5188 
21.4200 	 -0.4759 
21.4250 	 -0.4162 
21.4300 	 -0.3433 
21.4350 	 -0.2614 
21.4400 	 -0.1745 
21.4450 	 -0.0869 
21.4500 	 -0.0029 
21.4550 	 0.0739 
21.4600 	 0.1402 
21.4650 	 0.1938 
21.4700 	 0.2338 
21.4750 	 0.2601 
21.4800 	 0.2740 
21.4850 	 0.2777 
21.4900 	 0.2739 
21.4950 	 0.2653 
21.5000 	 0.2544 
21.5050 	 0.2430 
21.5100 	 0.2321 
21.5150 	 0.2218 
21.5200 	 0.2111 
21.5250 	 0.1985 
21.5300 	 0.1822 
21.5350 	 0.1600 
21.5400 	 0.1302 
21.5450 	 0.0918 
21.5500 	 0.0443 
21.5550 	 -0.0114 
21.5600 	 -0.0735 
21.5650 	 -0.1394 
21.5700 	 -0.2053 
21.5750 	 -0.2671 
21.5800 	 -0.3202 
21.5850 	 -0.3603 
21.5900 	 -0.3835 
21.5950 	 -0.3867 
21.6000 	 -0.3682 
21.6050 	 -0.3276 
21.6100 	 -0.2663 
21.6150 	 -0.1873 
21.6200 	 -0.0950 
21.6250 	 0.0047 
21.6300 	 0.1053 
21.6350 	 0.2000 
21.6400 	 0.2822 
21.6450 	 0.3461 
21.6500 	 0.3872 
21.6550 	 0.4028 
21.6600 	 0.3922 
21.6650 	 0.3567 
21.6700 	 0.2996 
21.6750 	 0.2257 
21.6800 	 0.1409 
21.6850 	 0.0514 
21.6900 	 -0.0367 
21.6950 	 -0.1179 
21.7000 	 -0.1882 
21.7050 	 -0.2446 
21.7100 	 -0.2855 
21.7150 	 -0.3107 
21.7200 	 -0.3210 
21.7250 	 -0.3179 
21.7300 	 -0.3035 
21.7350 	 -0.2800 
21.7400 	 -0.2503 
21.7450 	 -0.2169 
21.7500 	 -0.1826 
21.7550 	 -0.1499 
21.7600 	 -0.1212 
21.7650 	 -0.0980 
21.7700 	 -0.0812 
21.7750 	 -0.0711 
21.7800 	 -0.0669 
21.7850 	 -0.0673 
21.7900 	 -0.0704 
21.7950 	 -0.0739 
21.8000 	 -0.0751 
21.8050 	 -0.0714 
21.8100 	 -0.0602 
21.8150 	 -0.0393 
21.8200 	 -0.0072 
21.8250 	 0.0370 
21.8300 	 0.0933 
21.8350 	 0.1606 
21.8400 	 0.2367 
21.8450 	 0.3187 
21.8500 	 0.4024 
21.8550 	 0.4834 
21.8600 	 0.5566 
21.8650 	 0.6168 
21.8700 	 0.6590 
21.8750 	 0.6789 
21.8800 	 0.6728 
21.8850 	 0.6385 
21.8900 	 0.5752 
21.8950 	 0.4837 
21.9000 	 0.3666 
21.9050 	 0.2281 
21.9100 	 0.0741 
21.9150 	 -0.0887 
21.9200 	 -0.2524 
21.9250 	 -0.4088 
21.9300 	 -0.5501 
21.9350 	 -0.6687 
21.9400 	 -0.7583 
21.9450 	 -0.8138 
21.9500 	 -0.8318 
21.9550 	 -0.8106 
21.9600 	 -0.7500 
21.9650 	 -0.6520 
21.9700 	 -0.5201 
21.9750 	 -0.3600 
21.9800 	 -0.1785 
21.9850 	 0.0162 
21.9900 	 0.2151 
21.9950 	 0.4087 
22.0000 	 0.5880 
22.0050 	 0.7444 
22.0100 	 0.8707 
22.0150 	 0.9609 
22.0200 	 1.0113 
22.0250 	 1.0200 
22.0300 	 0.9873 
22.0350 	 0.9152 
22.0400 	 0.8075 
22.0450 	 0.6691 
22.0500 	 0.5052 
22.0550 	 0.3215 
22.0600 	 0.1238 
22.0650 	 -0.0823 
22.0700 	 -0.2913 
22.0750 	 -0.4977 
22.0800 	 -0.6962 
22.0850 	 -0.8816 
22.0900 	 -1.0484 
22.0950 	 -1.1915 
22.1000 	 -1.3057 
22.1050 	 -1.3864 
22.1100 	 -1.4296 
22.1150 	 -1.4323 
22.1200 	 -1.3928 
22.1250 	 -1.3110 
22.1300 	 -1.1885 
22.1350 	 -1.0287 
22.1400 	 -0.8368 
22.1450 	 -0.6199 
22.1500 	 -0.3862 
22.1550 	 -0.1447 
22.1600 	 0.0952 
22.1650 	 0.3247 
22.1700 	 0.5353 
22.1750 	 0.7200 
22.1800 	 0.8733 
22.1850 	 0.9914 
22.1900 	 1.0723 
22.1950 	 1.1156 
22.2000 	 1.1226 
22.2050 	 1.0955 
22.2100 	 1.0377 
22.2150 	 0.9533 
22.2200 	 0.8471 
22.2250 	 0.7245 
22.2300 	 0.5910 
22.2350 	 0.4523 
22.2400 	 0.3137 
22.2450 	 0.1804 
22.2500 	 0.0569 
22.2550 	 -0.0525 
22.2600 	 -0.1442 
22.2650 	 -0.2152 
22.2700 	 -0.2631 
22.2750 	 -0.2867 
22.2800 	 -0.2860 
22.2850 	 -0.2620 
22.2900 	 -0.2172 
22.2950 	 -0.1554 
22.3000 	 -0.0813 
22.3050 	 -0.0005 
22.3100 	 0.0811 
22.3150 	 0.1578 
22.3200 	 0.2241 
22.3250 	 0.2753 
22.3300 	 0.3074 
22.3350 	 0.3178 
22.3400 	 0.3050 
22.3450 	 0.2694 
22.3500 	 0.2128 
22.3550 	 0.1386 
22.3600 	 0.0517 
22.3650 	 -0.0422 
22.3700 	 -0.1365 
22.3750 	 -0.2250 
22.3800 	 -0.3019 
22.3850 	 -0.3626 
22.3900 	 -0.4041 
22.3950 	 -0.4249 
22.4000 	 -0.4252 
22.4050 	 -0.4067 
22.4100 	 -0.3725 
22.4150 	 -0.3263 
22.4200 	 -0.2724 
22.4250 	 -0.2153 
22.4300 	 -0.1593 
22.4350 	 -0.1081 
22.4400 	 -0.0649 
22.4450 	 -0.0319 
22.4500 	 -0.0102 
22.4550 	 0.0003 
22.4600 	 0.0010 
22.4650 	 -0.0058 
22.4700 	 -0.0164 
22.4750 	 -0.0272 
22.4800 	 -0.0343 
22.4850 	 -0.0346 
22.4900 	 -0.0257 
22.4950 	 -0.0071 
22.5000 	 0.0209 
22.5050 	 0.0563 
22.5100 	 0.0961 
22.5150 	 0.1367 
22.5200 	 0.1735 
22.5250 	 0.2021 
22.5300 	 0.2179 
22.5350 	 0.2165 
22.5400 	 0.1944 
22.5450 	 0.1492 
22.5500 	 0.0798 
22.5550 	 -0.0132 
22.5600 	 -0.1269 
22.5650 	 -0.2563 
22.5700 	 -0.3941 
22.5750 	 -0.5313 
22.5800 	 -0.6581 
22.5850 	 -0.7641 
22.5900 	 -0.8398 
22.5950 	 -0.8772 
22.6000 	 -0.8702 
22.6050 	 -0.8155 
22.6100 	 -0.7130 
22.6150 	 -0.5653 
22.6200 	 -0.3781 
22.6250 	 -0.1595 
22.6300 	 0.0807 
22.6350 	 0.3310 
22.6400 	 0.5797 
22.6450 	 0.8148 
22.6500 	 1.0253 
22.6550 	 1.2011 
22.6600 	 1.3342 
22.6650 	 1.4186 
22.6700 	 1.4507 
22.6750 	 1.4296 
22.6800 	 1.3570 
22.6850 	 1.2370 
22.6900 	 1.0757 
22.6950 	 0.8809 
22.7000 	 0.6614 
22.7050 	 0.4271 
22.7100 	 0.1880 
22.7150 	 -0.0458 
22.7200 	 -0.2647 
22.7250 	 -0.4600 
22.7300 	 -0.6246 
22.7350 	 -0.7531 
22.7400 	 -0.8423 
22.7450 	 -0.8910 
22.7500 	 -0.9002 
22.7550 	 -0.8732 
22.7600 	 -0.8148 
22.7650 	 -0.7313 
22.7700 	 -0.6300 
22.7750 	 -0.5185 
22.7800 	 -0.4043 
22.7850 	 -0.2940 
22.7900 	 -0.1931 
22.7950 	 -0.1053 
22.8000 	 -0.0329 
22.8050 	 0.0235 
22.8100 	 0.0641 
22.8150 	 0.0898 
22.8200 	 0.1022 
22.8250 	 0.1031 
22.8300 	 0.0943 
22.8350 	 0.0774 
22.8400 	 0.0541 
22.8450 	 0.0258 
22.8500 	 -0.0059 
22.8550 	 -0.0395 
22.8600 	 -0.0732 
22.8650 	 -0.1052 
22.8700 	 -0.1340 
22.8750 	 -0.1581 
22.8800 	 -0.1761 
22.8850 	 -0.1871 
22.8900 	 -0.1904 
22.8950 	 -0.1854 
22.9000 	 -0.1719 
22.9050 	 -0.1501 
22.9100 	 -0.1204 
22.9150 	 -0.0834 
22.9200 	 -0.0403 
22.9250 	 0.0075 
22.9300 	 0.0580 
22.9350 	 0.1091 
22.9400 	 0.1581 
22.9450 	 0.2025 
22.9500 	 0.2399 
22.9550 	 0.2684 
22.9600 	 0.2869 
22.9650 	 0.2949 
22.9700 	 0.2930 
22.9750 	 0.2826 
22.9800 	 0.2654 
22.9850 	 0.2436 
22.9900 	 0.2190 
22.9950 	 0.1929 
23.0000 	 0.1662 
23.0050 	 0.1388 
23.0100 	 0.1103 
23.0150 	 0.0797 
23.0200 	 0.0462 
23.0250 	 0.0092 
23.0300 	 -0.0317 
23.0350 	 -0.0758 
23.0400 	 -0.1219 
23.0450 	 -0.1681 
23.0500 	 -0.2116 
23.0550 	 -0.2492 
23.0600 	 -0.2775 
23.0650 	 -0.2933 
23.0700 	 -0.2940 
23.0750 	 -0.2777 
23.0800 	 -0.2440 
23.0850 	 -0.1938 
23.0900 	 -0.1293 
23.0950 	 -0.0537 
23.1000 	 0.0289 
23.1050 	 0.1138 
23.1100 	 0.1963 
23.1150 	 0.2716 
23.1200 	 0.3351 
23.1250 	 0.3830 
23.1300 	 0.4121 
23.1350 	 0.4200 
23.1400 	 0.4052 
23.1450 	 0.3671 
23.1500 	 0.3057 
23.1550 	 0.2222 
23.1600 	 0.1189 
23.1650 	 -0.0009 
23.1700 	 -0.1327 
23.1750 	 -0.2704 
23.1800 	 -0.4067 
23.1850 	 -0.5335 
23.1900 	 -0.6420 
23.1950 	 -0.7241 
23.2000 	 -0.7725 
23.2050 	 -0.7818 
23.2100 	 -0.7488 
23.2150 	 -0.6733 
23.2200 	 -0.5578 
23.2250 	 -0.4081 
23.2300 	 -0.2324 
23.2350 	 -0.0413 
23.2400 	 0.1538 
23.2450 	 0.3408 
23.2500 	 0.5090 
23.2550 	 0.6490 
23.2600 	 0.7539 
23.2650 	 0.8198 
23.2700 	 0.8455 
23.2750 	 0.8329 
23.2800 	 0.7864 
23.2850 	 0.7124 
23.2900 	 0.6187 
23.2950 	 0.5134 
23.3000 	 0.4044 
23.3050 	 0.2984 
23.3100 	 0.2010 
23.3150 	 0.1159 
23.3200 	 0.0451 
23.3250 	 -0.0110 
23.3300 	 -0.0537 
23.3350 	 -0.0852 
23.3400 	 -0.1089 
23.3450 	 -0.1286 
23.3500 	 -0.1479 
23.3550 	 -0.1704 
23.3600 	 -0.1987 
23.3650 	 -0.2351 
23.3700 	 -0.2805 
23.3750 	 -0.3348 
23.3800 	 -0.3967 
23.3850 	 -0.4634 
23.3900 	 -0.5310 
23.3950 	 -0.5946 
23.4000 	 -0.6488 
23.4050 	 -0.6882 
23.4100 	 -0.7078 
23.4150 	 -0.7034 
23.4200 	 -0.6721 
23.4250 	 -0.6124 
23.4300 	 -0.5244 
23.4350 	 -0.4096 
23.4400 	 -0.2714 
23.4450 	 -0.1144 
23.4500 	 0.0555 
23.4550 	 0.2315 
23.4600 	 0.4059 
23.4650 	 0.5712 
23.4700 	 0.7193 
23.4750 	 0.8425 
23.4800 	 0.9333 
23.4850 	 0.9853 
23.4900 	 0.9929 
23.4950 	 0.9529 
23.5000 	 0.8639 
23.5050 	 0.7273 
23.5100 	 0.5471 
23.5150 	 0.3304 
23.5200 	 0.0868 
23.5250 	 -0.1719 
23.5300 	 -0.4320 
23.5350 	 -0.6792 
23.5400 	 -0.8995 
23.5450 	 -1.0800 
23.5500 	 -1.2101 
23.5550 	 -1.2820 
23.5600 	 -1.2914 
23.5650 	 -1.2378 
23.5700 	 -1.1242 
23.5750 	 -0.9569 
23.5800 	 -0.7449 
23.5850 	 -0.4993 
23.5900 	 -0.2323 
23.5950 	 0.0439 
23.6000 	 0.3171 
23.6050 	 0.5760 
23.6100 	 0.8104 
23.6150 	 1.0113 
23.6200 	 1.1714 
23.6250 	 1.2853 
23.6300 	 1.3494 
23.6350 	 1.3624 
23.6400 	 1.3251 
23.6450 	 1.2405 
23.6500 	 1.1134 
23.6550 	 0.9505 
23.6600 	 0.7601 
23.6650 	 0.5517 
23.6700 	 0.3355 
23.6750 	 0.1217 
23.6800 	 -0.0801 
23.6850 	 -0.2608 
23.6900 	 -0.4131 
23.6950 	 -0.5314 
23.7000 	 -0.6122 
23.7050 	 -0.6541 
23.7100 	 -0.6582 
23.7150 	 -0.6272 
23.7200 	 -0.5658 
23.7250 	 -0.4801 
23.7300 	 -0.3770 
23.7350 	 -0.2642 
23.7400 	 -0.1491 
23.7450 	 -0.0391 
23.7500 	 0.0596 
23.7550 	 0.1420 
23.7600 	 0.2045 
23.7650 	 0.2455 
23.7700 	 0.2649 
23.7750 	 0.2641 
23.7800 	 0.2452 
23.7850 	 0.2112 
23.7900 	 0.1647 
23.7950 	 0.1087 
23.8000 	 0.0459 
23.8050 	 -0.0210 
23.8100 	 -0.0894 
23.8150 	 -0.1571 
23.8200 	 -0.2218 
23.8250 	 -0.2818 
23.8300 	 -0.3359 
23.8350 	 -0.3831 
23.8400 	 -0.4226 
23.8450 	 -0.4536 
23.8500 	 -0.4753 
23.8550 	 -0.4871 
23.8600 	 -0.4882 
23.8650 	 -0.4785 
23.8700 	 -0.4584 
23.8750 	 -0.4290 
23.8800 	 -0.3919 
23.8850 	 -0.3491 
23.8900 	 -0.3027 
23.8950 	 -0.2547 
23.9000 	 -0.2069 
23.9050 	 -0.1609 
23.9100 	 -0.1181 
23.9150 	 -0.0796 
23.9200 	 -0.0462 
23.9250 	 -0.0179 
23.9300 	 0.0058 
23.9350 	 0.0260 
23.9400 	 0.0445 
23.9450 	 0.0629 
23.9500 	 0.0825 
23.9550 	 0.1043 
23.9600 	 0.1287 
23.9650 	 0.1558 
23.9700 	 0.1851 
23.9750 	 0.2164 
23.9800 	 0.2488 
23.9850 	 0.2813 
23.9900 	 0.3122 
23.9950 	 0.3392 
24.0000 	 0.3599 
24.0050 	 0.3720 
24.0100 	 0.3737 
24.0150 	 0.3647 
24.0200 	 0.3455 
24.0250 	 0.3178 
24.0300 	 0.2844 
24.0350 	 0.2483 
24.0400 	 0.2133 
24.0450 	 0.1828 
24.0500 	 0.1601 
24.0550 	 0.1478 
24.0600 	 0.1468 
24.0650 	 0.1569 
24.0700 	 0.1762 
24.0750 	 0.2015 
24.0800 	 0.2282 
24.0850 	 0.2515 
24.0900 	 0.2659 
24.0950 	 0.2666 
24.1000 	 0.2499 
24.1050 	 0.2136 
24.1100 	 0.1575 
24.1150 	 0.0838 
24.1200 	 -0.0035 
24.1250 	 -0.0987 
24.1300 	 -0.1949 
24.1350 	 -0.2851 
24.1400 	 -0.3620 
24.1450 	 -0.4196 
24.1500 	 -0.4528 
24.1550 	 -0.4583 
24.1600 	 -0.4350 
24.1650 	 -0.3839 
24.1700 	 -0.3084 
24.1750 	 -0.2135 
24.1800 	 -0.1062 
24.1850 	 0.0061 
24.1900 	 0.1155 
24.1950 	 0.2145 
24.2000 	 0.2964 
24.2050 	 0.3556 
24.2100 	 0.3882 
24.2150 	 0.3920 
24.2200 	 0.3668 
24.2250 	 0.3139 
24.2300 	 0.2363 
24.2350 	 0.1376 
24.2400 	 0.0221 
24.2450 	 -0.1055 
24.2500 	 -0.2405 
24.2550 	 -0.3778 
24.2600 	 -0.5121 
24.2650 	 -0.6378 
24.2700 	 -0.7486 
24.2750 	 -0.8386 
24.2800 	 -0.9020 
24.2850 	 -0.9338 
24.2900 	 -0.9300 
24.2950 	 -0.8886 
24.3000 	 -0.8095 
24.3050 	 -0.6951 
24.3100 	 -0.5498 
24.3150 	 -0.3804 
24.3200 	 -0.1944 
24.3250 	 0.0000 
24.3300 	 0.1950 
24.3350 	 0.3829 
24.3400 	 0.5571 
24.3450 	 0.7116 
24.3500 	 0.8410 
24.3550 	 0.9412 
24.3600 	 1.0088 
24.3650 	 1.0419 
24.3700 	 1.0394 
24.3750 	 1.0012 
24.3800 	 0.9284 
24.3850 	 0.8236 
24.3900 	 0.6906 
24.3950 	 0.5353 
24.4000 	 0.3646 
24.4050 	 0.1869 
24.4100 	 0.0107 
24.4150 	 -0.1552 
24.4200 	 -0.3029 
24.4250 	 -0.4251 
24.4300 	 -0.5166 
24.4350 	 -0.5737 
24.4400 	 -0.5953 
24.4450 	 -0.5824 
24.4500 	 -0.5382 
24.4550 	 -0.4677 
24.4600 	 -0.3771 
24.4650 	 -0.2734 
24.4700 	 -0.1634 
24.4750 	 -0.0531 
24.4800 	 0.0527 
24.4850 	 0.1503 
24.4900 	 0.2370 
24.4950 	 0.3109 
24.5000 	 0.3703 
24.5050 	 0.4139 
24.5100 	 0.4409 
24.5150 	 0.4505 
24.5200 	 0.4426 
24.5250 	 0.4172 
24.5300 	 0.3747 
24.5350 	 0.3159 
24.5400 	 0.2419 
24.5450 	 0.1544 
24.5500 	 0.0553 
24.5550 	 -0.0532 
24.5600 	 -0.1688 
24.5650 	 -0.2899 
24.5700 	 -0.4148 
24.5750 	 -0.5423 
24.5800 	 -0.6704 
24.5850 	 -0.7964 
24.5900 	 -0.9163 
24.5950 	 -1.0243 
24.6000 	 -1.1136 
24.6050 	 -1.1761 
24.6100 	 -1.2032 
24.6150 	 -1.1867 
24.6200 	 -1.1193 
24.6250 	 -0.9958 
24.6300 	 -0.8146 
24.6350 	 -0.5784 
24.6400 	 -0.2950 
24.6450 	 0.0233 
24.6500 	 0.3609 
24.6550 	 0.7000 
24.6600 	 1.0219 
24.6650 	 1.3086 
24.6700 	 1.5443 
24.6750 	 1.7166 
24.6800 	 1.8172 
24.6850 	 1.8430 
24.6900 	 1.7954 
24.6950 	 1.6804 
24.7000 	 1.5073 
24.7050 	 1.2879 
24.7100 	 1.0359 
24.7150 	 0.7661 
24.7200 	 0.4939 
24.7250 	 0.2345 
24.7300 	 0.0020 
24.7350 	 -0.1922 
24.7400 	 -0.3403 
24.7450 	 -0.4383 
24.7500 	 -0.4860 
24.7550 	 -0.4869 
24.7600 	 -0.4478 
24.7650 	 -0.3783 
24.7700 	 -0.2913 
24.7750 	 -0.2011 
24.7800 	 -0.1231 
24.7850 	 -0.0718 
24.7900 	 -0.0594 
24.7950 	 -0.0945 
24.8000 	 -0.1804 
24.8050 	 -0.3143 
24.8100 	 -0.4869 
24.8150 	 -0.6830 
24.8200 	 -0.8833 
24.8250 	 -1.0674 
24.8300 	 -1.2161 
24.8350 	 -1.3139 
24.8400 	 -1.3509 
24.8450 	 -1.3226 
24.8500 	 -1.2308 
24.8550 	 -1.0832 
24.8600 	 -0.8915 
24.8650 	 -0.6704 
24.8700 	 -0.4348 
24.8750 	 -0.1990 
24.8800 	 0.0257 
24.8850 	 0.2317 
24.8900 	 0.4153 
24.8950 	 0.5756 
24.9000 	 0.7120 
24.9050 	 0.8228 
24.9100 	 0.9033 
24.9150 	 0.9452 
24.9200 	 0.9372 
24.9250 	 0.8671 
24.9300 	 0.7245 
24.9350 	 0.5032 
24.9400 	 0.2028 
24.9450 	 -0.1711 
24.9500 	 -0.6063 
24.9550 	 -1.0854 
24.9600 	 -1.5876 
24.9650 	 -2.0905 
24.9700 	 -2.5717 
24.9750 	 -3.0101 
24.9800 	 -3.3871 
24.9850 	 -3.6879 
24.9900 	 -3.9034 
24.9950 	 -4.0310 
25.0000 	 -4.0738 
