0.0000 	 -807.5452 	 0.0000 	 -807.5452 
0.0010 	 -807.7647 	 0.2191 	 -807.5456 
0.0020 	 -808.4167 	 0.8701 	 -807.5466 
0.0030 	 -809.4829 	 1.9345 	 -807.5485 
0.0040 	 -810.9334 	 3.3825 	 -807.5509 
0.0050 	 -812.7288 	 5.1750 	 -807.5539 
0.0060 	 -814.8220 	 7.2650 	 -807.5570 
0.0070 	 -817.1619 	 9.6008 	 -807.5611 
0.0080 	 -819.6929 	 12.1275 	 -807.5655 
0.0090 	 -822.3593 	 14.7901 	 -807.5693 
0.0100 	 -825.1078 	 17.5350 	 -807.5727 
0.0110 	 -827.8879 	 20.3122 	 -807.5757 
0.0120 	 -830.6539 	 23.0757 	 -807.5782 
0.0130 	 -833.3662 	 25.7840 	 -807.5821 
0.0140 	 -835.9845 	 28.4000 	 -807.5845 
0.0150 	 -838.4785 	 30.8908 	 -807.5877 
0.0160 	 -840.8182 	 33.2285 	 -807.5897 
0.0170 	 -842.9819 	 35.3905 	 -807.5915 
0.0180 	 -844.9528 	 37.3601 	 -807.5927 
0.0190 	 -846.7196 	 39.1256 	 -807.5940 
0.0200 	 -848.2743 	 40.6794 	 -807.5949 
0.0210 	 -849.6120 	 42.0165 	 -807.5954 
0.0220 	 -850.7305 	 43.1339 	 -807.5965 
0.0230 	 -851.6269 	 44.0307 	 -807.5962 
0.0240 	 -852.3058 	 44.7084 	 -807.5975 
0.0250 	 -852.7691 	 45.1708 	 -807.5983 
0.0260 	 -853.0212 	 45.4237 	 -807.5975 
0.0270 	 -853.0717 	 45.4736 	 -807.5981 
0.0280 	 -852.9245 	 45.3277 	 -807.5968 
0.0290 	 -852.5906 	 44.9942 	 -807.5964 
0.0300 	 -852.0781 	 44.4821 	 -807.5959 
0.0310 	 -851.3969 	 43.8015 	 -807.5953 
0.0320 	 -850.5575 	 42.9634 	 -807.5941 
0.0330 	 -849.5728 	 41.9802 	 -807.5927 
0.0340 	 -848.4579 	 40.8658 	 -807.5921 
0.0350 	 -847.2265 	 39.6361 	 -807.5904 
0.0360 	 -845.8966 	 38.3083 	 -807.5883 
0.0370 	 -844.4880 	 36.9013 	 -807.5868 
0.0380 	 -843.0213 	 35.4355 	 -807.5858 
0.0390 	 -841.5155 	 33.9320 	 -807.5834 
0.0400 	 -839.9933 	 32.4126 	 -807.5807 
0.0410 	 -838.4778 	 30.8989 	 -807.5789 
0.0420 	 -836.9891 	 29.4125 	 -807.5766 
0.0430 	 -835.5493 	 27.9742 	 -807.5751 
0.0440 	 -834.1773 	 26.6038 	 -807.5735 
0.0450 	 -832.8904 	 25.3194 	 -807.5710 
0.0460 	 -831.7065 	 24.1372 	 -807.5693 
0.0470 	 -830.6390 	 23.0709 	 -807.5681 
0.0480 	 -829.6991 	 22.1318 	 -807.5673 
0.0490 	 -828.8945 	 21.3282 	 -807.5663 
0.0500 	 -828.2320 	 20.6657 	 -807.5663 
0.0510 	 -827.7133 	 20.1470 	 -807.5664 
0.0520 	 -827.3374 	 19.7716 	 -807.5658 
0.0530 	 -827.1032 	 19.5368 	 -807.5664 
0.0540 	 -827.0036 	 19.4370 	 -807.5666 
0.0550 	 -827.0318 	 19.4647 	 -807.5671 
0.0560 	 -827.1775 	 19.6103 	 -807.5673 
0.0570 	 -827.4300 	 19.8625 	 -807.5675 
0.0580 	 -827.7769 	 20.2091 	 -807.5678 
0.0590 	 -828.2043 	 20.6370 	 -807.5674 
0.0600 	 -828.7026 	 21.1327 	 -807.5699 
0.0610 	 -829.2537 	 21.6825 	 -807.5712 
0.0620 	 -829.8446 	 22.2730 	 -807.5716 
0.0630 	 -830.4631 	 22.8904 	 -807.5726 
0.0640 	 -831.0952 	 23.5220 	 -807.5732 
0.0650 	 -831.7296 	 24.1557 	 -807.5739 
0.0660 	 -832.3554 	 24.7801 	 -807.5752 
0.0670 	 -832.9607 	 25.3852 	 -807.5755 
0.0680 	 -833.5380 	 25.9618 	 -807.5762 
0.0690 	 -834.0792 	 26.5018 	 -807.5775 
0.0700 	 -834.5758 	 26.9983 	 -807.5775 
0.0710 	 -835.0226 	 27.4455 	 -807.5771 
0.0720 	 -835.4155 	 27.8386 	 -807.5769 
0.0730 	 -835.7508 	 28.1740 	 -807.5768 
0.0740 	 -836.0264 	 28.4490 	 -807.5774 
0.0750 	 -836.2404 	 28.6617 	 -807.5787 
0.0760 	 -836.3902 	 28.8111 	 -807.5791 
0.0770 	 -836.4763 	 28.8969 	 -807.5794 
0.0780 	 -836.4993 	 28.9193 	 -807.5799 
0.0790 	 -836.4587 	 28.8794 	 -807.5794 
0.0800 	 -836.3571 	 28.7787 	 -807.5784 
0.0810 	 -836.1989 	 28.6199 	 -807.5790 
0.0820 	 -835.9848 	 28.4062 	 -807.5785 
0.0830 	 -835.7188 	 28.1415 	 -807.5772 
0.0840 	 -835.4083 	 27.8304 	 -807.5779 
0.0850 	 -835.0550 	 27.4778 	 -807.5771 
0.0860 	 -834.6657 	 27.0893 	 -807.5764 
0.0870 	 -834.2455 	 26.6706 	 -807.5749 
0.0880 	 -833.8020 	 26.2284 	 -807.5735 
0.0890 	 -833.3424 	 25.7697 	 -807.5727 
0.0900 	 -832.8734 	 25.3019 	 -807.5715 
0.0910 	 -832.4027 	 24.8323 	 -807.5704 
0.0920 	 -831.9393 	 24.3685 	 -807.5709 
0.0930 	 -831.4880 	 23.9179 	 -807.5700 
0.0940 	 -831.0573 	 23.4882 	 -807.5691 
0.0950 	 -830.6552 	 23.0865 	 -807.5687 
0.0960 	 -830.2864 	 22.7195 	 -807.5669 
0.0970 	 -829.9609 	 22.3939 	 -807.5671 
0.0980 	 -829.6816 	 22.1153 	 -807.5663 
0.0990 	 -829.4551 	 21.8892 	 -807.5659 
0.1000 	 -829.2848 	 21.7197 	 -807.5651 
0.1010 	 -829.1752 	 21.6106 	 -807.5646 
0.1020 	 -829.1295 	 21.5643 	 -807.5652 
0.1030 	 -829.1476 	 21.5825 	 -807.5651 
0.1040 	 -829.2296 	 21.6655 	 -807.5642 
0.1050 	 -829.3777 	 21.8126 	 -807.5651 
0.1060 	 -829.5876 	 22.0223 	 -807.5653 
0.1070 	 -829.8575 	 22.2916 	 -807.5659 
0.1080 	 -830.1828 	 22.6170 	 -807.5658 
0.1090 	 -830.5603 	 22.9938 	 -807.5666 
0.1100 	 -830.9839 	 23.4163 	 -807.5676 
0.1110 	 -831.4462 	 23.8785 	 -807.5678 
0.1120 	 -831.9419 	 24.3738 	 -807.5681 
0.1130 	 -832.4622 	 24.8954 	 -807.5669 
0.1140 	 -833.0043 	 25.4363 	 -807.5680 
0.1150 	 -833.5578 	 25.9892 	 -807.5686 
0.1160 	 -834.1159 	 26.5468 	 -807.5691 
0.1170 	 -834.6717 	 27.1018 	 -807.5699 
0.1180 	 -835.2191 	 27.6474 	 -807.5717 
0.1190 	 -835.7488 	 28.1766 	 -807.5722 
0.1200 	 -836.2555 	 28.6830 	 -807.5726 
0.1210 	 -836.7342 	 29.1604 	 -807.5737 
0.1220 	 -837.1774 	 29.6037 	 -807.5737 
0.1230 	 -837.5820 	 30.0078 	 -807.5742 
0.1240 	 -837.9436 	 30.3682 	 -807.5753 
0.1250 	 -838.2572 	 30.6812 	 -807.5760 
0.1260 	 -838.5195 	 30.9436 	 -807.5760 
0.1270 	 -838.7287 	 31.1525 	 -807.5762 
0.1280 	 -838.8824 	 31.3061 	 -807.5763 
0.1290 	 -838.9799 	 31.4030 	 -807.5769 
0.1300 	 -839.0197 	 31.4425 	 -807.5772 
0.1310 	 -839.0016 	 31.4247 	 -807.5769 
0.1320 	 -838.9282 	 31.3504 	 -807.5778 
0.1330 	 -838.7988 	 31.2213 	 -807.5775 
0.1340 	 -838.6174 	 31.0401 	 -807.5774 
0.1350 	 -838.3870 	 30.8100 	 -807.5771 
0.1360 	 -838.1119 	 30.5351 	 -807.5768 
0.1370 	 -837.7966 	 30.2200 	 -807.5765 
0.1380 	 -837.4449 	 29.8698 	 -807.5751 
0.1390 	 -837.0655 	 29.4898 	 -807.5757 
0.1400 	 -836.6619 	 29.0857 	 -807.5762 
0.1410 	 -836.2393 	 28.6636 	 -807.5758 
0.1420 	 -835.8057 	 28.2299 	 -807.5758 
0.1430 	 -835.3665 	 27.7912 	 -807.5753 
0.1440 	 -834.9298 	 27.3544 	 -807.5754 
0.1450 	 -834.4995 	 26.9258 	 -807.5737 
0.1460 	 -834.0849 	 26.5118 	 -807.5730 
0.1470 	 -833.6902 	 26.1183 	 -807.5719 
0.1480 	 -833.3222 	 25.7508 	 -807.5714 
0.1490 	 -832.9848 	 25.4141 	 -807.5707 
0.1500 	 -832.6823 	 25.1128 	 -807.5696 
0.1510 	 -832.4205 	 24.8505 	 -807.5700 
0.1520 	 -832.1997 	 24.6303 	 -807.5693 
0.1530 	 -832.0233 	 24.4544 	 -807.5689 
0.1540 	 -831.8930 	 24.3238 	 -807.5692 
0.1550 	 -831.8080 	 24.2389 	 -807.5692 
0.1560 	 -831.7678 	 24.1989 	 -807.5689 
0.1570 	 -831.7724 	 24.2023 	 -807.5701 
0.1580 	 -831.8182 	 24.2467 	 -807.5715 
0.1590 	 -831.9007 	 24.3291 	 -807.5716 
0.1600 	 -832.0164 	 24.4455 	 -807.5709 
0.1610 	 -832.1631 	 24.5919 	 -807.5712 
0.1620 	 -832.3355 	 24.7635 	 -807.5720 
0.1630 	 -832.5276 	 24.9556 	 -807.5720 
0.1640 	 -832.7356 	 25.1632 	 -807.5724 
0.1650 	 -832.9543 	 25.3815 	 -807.5728 
0.1660 	 -833.1795 	 25.6060 	 -807.5735 
0.1670 	 -833.4065 	 25.8327 	 -807.5738 
0.1680 	 -833.6315 	 26.0576 	 -807.5738 
0.1690 	 -833.8514 	 26.2774 	 -807.5740 
0.1700 	 -834.0627 	 26.4888 	 -807.5739 
0.1710 	 -834.2625 	 26.6891 	 -807.5733 
0.1720 	 -834.4495 	 26.8761 	 -807.5734 
0.1730 	 -834.6224 	 27.0481 	 -807.5743 
0.1740 	 -834.7771 	 27.2036 	 -807.5735 
0.1750 	 -834.9151 	 27.3417 	 -807.5733 
0.1760 	 -835.0355 	 27.4620 	 -807.5735 
0.1770 	 -835.1385 	 27.5640 	 -807.5744 
0.1780 	 -835.2222 	 27.6477 	 -807.5745 
0.1790 	 -835.2870 	 27.7131 	 -807.5739 
0.1800 	 -835.3348 	 27.7607 	 -807.5741 
0.1810 	 -835.3648 	 27.7910 	 -807.5738 
0.1820 	 -835.3777 	 27.8046 	 -807.5731 
0.1830 	 -835.3753 	 27.8022 	 -807.5731 
0.1840 	 -835.3582 	 27.7848 	 -807.5734 
0.1850 	 -835.3257 	 27.7531 	 -807.5726 
0.1860 	 -835.2808 	 27.7078 	 -807.5730 
0.1870 	 -835.2227 	 27.6498 	 -807.5730 
0.1880 	 -835.1526 	 27.5796 	 -807.5729 
0.1890 	 -835.0708 	 27.4983 	 -807.5725 
0.1900 	 -834.9798 	 27.4068 	 -807.5730 
0.1910 	 -834.8788 	 27.3062 	 -807.5726 
0.1920 	 -834.7702 	 27.1977 	 -807.5725 
0.1930 	 -834.6546 	 27.0827 	 -807.5719 
0.1940 	 -834.5351 	 26.9629 	 -807.5722 
0.1950 	 -834.4120 	 26.8398 	 -807.5723 
0.1960 	 -834.2875 	 26.7151 	 -807.5724 
0.1970 	 -834.1626 	 26.5907 	 -807.5720 
0.1980 	 -834.0392 	 26.4684 	 -807.5708 
0.1990 	 -833.9224 	 26.3502 	 -807.5721 
0.2000 	 -833.8099 	 26.2378 	 -807.5721 
0.2010 	 -833.7052 	 26.1326 	 -807.5726 
0.2020 	 -833.6074 	 26.0358 	 -807.5716 
0.2030 	 -833.5206 	 25.9487 	 -807.5719 
0.2040 	 -833.4446 	 25.8721 	 -807.5725 
0.2050 	 -833.3795 	 25.8071 	 -807.5725 
0.2060 	 -833.3262 	 25.7543 	 -807.5719 
0.2070 	 -833.2865 	 25.7144 	 -807.5721 
0.2080 	 -833.2601 	 25.6878 	 -807.5723 
0.2090 	 -833.2466 	 25.6748 	 -807.5718 
0.2100 	 -833.2468 	 25.6755 	 -807.5712 
0.2110 	 -833.2615 	 25.6902 	 -807.5712 
0.2120 	 -833.2909 	 25.7191 	 -807.5718 
0.2130 	 -833.3332 	 25.7622 	 -807.5710 
0.2140 	 -833.3916 	 25.8194 	 -807.5722 
0.2150 	 -833.4620 	 25.8900 	 -807.5721 
0.2160 	 -833.5451 	 25.9733 	 -807.5718 
0.2170 	 -833.6395 	 26.0685 	 -807.5710 
0.2180 	 -833.7457 	 26.1744 	 -807.5712 
0.2190 	 -833.8607 	 26.2897 	 -807.5710 
0.2200 	 -833.9838 	 26.4125 	 -807.5713 
0.2210 	 -834.1124 	 26.5409 	 -807.5715 
0.2220 	 -834.2441 	 26.6725 	 -807.5715 
0.2230 	 -834.3776 	 26.8050 	 -807.5726 
0.2240 	 -834.5091 	 26.9357 	 -807.5734 
0.2250 	 -834.6356 	 27.0620 	 -807.5737 
0.2260 	 -834.7544 	 27.1812 	 -807.5732 
0.2270 	 -834.8641 	 27.2909 	 -807.5732 
0.2280 	 -834.9620 	 27.3887 	 -807.5734 
0.2290 	 -835.0461 	 27.4724 	 -807.5738 
0.2300 	 -835.1134 	 27.5401 	 -807.5733 
0.2310 	 -835.1649 	 27.5906 	 -807.5743 
0.2320 	 -835.1978 	 27.6229 	 -807.5749 
0.2330 	 -835.2116 	 27.6366 	 -807.5750 
0.2340 	 -835.2065 	 27.6313 	 -807.5752 
0.2350 	 -835.1812 	 27.6072 	 -807.5741 
0.2360 	 -835.1386 	 27.5646 	 -807.5740 
0.2370 	 -835.0800 	 27.5044 	 -807.5756 
0.2380 	 -835.0047 	 27.4277 	 -807.5771 
0.2390 	 -834.9130 	 27.3361 	 -807.5769 
0.2400 	 -834.8075 	 27.2315 	 -807.5760 
0.2410 	 -834.6910 	 27.1159 	 -807.5751 
0.2420 	 -834.5660 	 26.9915 	 -807.5745 
0.2430 	 -834.4353 	 26.8607 	 -807.5746 
0.2440 	 -834.2999 	 26.7262 	 -807.5737 
0.2450 	 -834.1644 	 26.5906 	 -807.5738 
0.2460 	 -834.0308 	 26.4567 	 -807.5741 
0.2470 	 -833.9012 	 26.3272 	 -807.5740 
0.2480 	 -833.7779 	 26.2046 	 -807.5733 
0.2490 	 -833.6648 	 26.0915 	 -807.5733 
0.2500 	 -833.5625 	 25.9899 	 -807.5726 
0.2510 	 -833.4731 	 25.9020 	 -807.5712 
0.2520 	 -833.4000 	 25.8292 	 -807.5708 
0.2530 	 -833.3440 	 25.7729 	 -807.5710 
0.2540 	 -833.3039 	 25.7341 	 -807.5698 
0.2550 	 -833.2817 	 25.7132 	 -807.5685 
0.2560 	 -833.2791 	 25.7103 	 -807.5687 
0.2570 	 -833.2948 	 25.7254 	 -807.5694 
0.2580 	 -833.3273 	 25.7580 	 -807.5694 
0.2590 	 -833.3773 	 25.8075 	 -807.5698 
0.2600 	 -833.4422 	 25.8733 	 -807.5690 
0.2610 	 -833.5231 	 25.9542 	 -807.5689 
0.2620 	 -833.6167 	 26.0489 	 -807.5679 
0.2630 	 -833.7245 	 26.1558 	 -807.5686 
0.2640 	 -833.8420 	 26.2734 	 -807.5687 
0.2650 	 -833.9682 	 26.3996 	 -807.5686 
0.2660 	 -834.1031 	 26.5326 	 -807.5705 
0.2670 	 -834.2404 	 26.6703 	 -807.5701 
0.2680 	 -834.3810 	 26.8107 	 -807.5703 
0.2690 	 -834.5223 	 26.9517 	 -807.5706 
0.2700 	 -834.6620 	 27.0911 	 -807.5710 
0.2710 	 -834.7984 	 27.2267 	 -807.5717 
0.2720 	 -834.9272 	 27.3561 	 -807.5711 
0.2730 	 -835.0477 	 27.4769 	 -807.5708 
0.2740 	 -835.1559 	 27.5863 	 -807.5696 
0.2750 	 -835.2517 	 27.6819 	 -807.5698 
0.2760 	 -835.3310 	 27.7615 	 -807.5696 
0.2770 	 -835.3932 	 27.8231 	 -807.5700 
0.2780 	 -835.4350 	 27.8654 	 -807.5696 
0.2790 	 -835.4576 	 27.8869 	 -807.5707 
0.2800 	 -835.4590 	 27.8870 	 -807.5720 
0.2810 	 -835.4367 	 27.8652 	 -807.5715 
0.2820 	 -835.3926 	 27.8217 	 -807.5709 
0.2830 	 -835.3285 	 27.7570 	 -807.5715 
0.2840 	 -835.2427 	 27.6721 	 -807.5706 
0.2850 	 -835.1385 	 27.5682 	 -807.5703 
0.2860 	 -835.0168 	 27.4473 	 -807.5695 
0.2870 	 -834.8808 	 27.3114 	 -807.5694 
0.2880 	 -834.7322 	 27.1629 	 -807.5693 
0.2890 	 -834.5740 	 27.0045 	 -807.5696 
0.2900 	 -834.4080 	 26.8386 	 -807.5694 
0.2910 	 -834.2376 	 26.6683 	 -807.5693 
0.2920 	 -834.0654 	 26.4964 	 -807.5690 
0.2930 	 -833.8958 	 26.3257 	 -807.5701 
0.2940 	 -833.7290 	 26.1590 	 -807.5700 
0.2950 	 -833.5686 	 25.9990 	 -807.5696 
0.2960 	 -833.4175 	 25.8478 	 -807.5697 
0.2970 	 -833.2763 	 25.7074 	 -807.5688 
0.2980 	 -833.1482 	 25.5797 	 -807.5684 
0.2990 	 -833.0343 	 25.4663 	 -807.5680 
0.3000 	 -832.9375 	 25.3684 	 -807.5690 
0.3010 	 -832.8562 	 25.2873 	 -807.5689 
0.3020 	 -832.7923 	 25.2234 	 -807.5689 
0.3030 	 -832.7467 	 25.1773 	 -807.5694 
0.3040 	 -832.7179 	 25.1491 	 -807.5688 
0.3050 	 -832.7078 	 25.1389 	 -807.5689 
0.3060 	 -832.7154 	 25.1465 	 -807.5689 
0.3070 	 -832.7407 	 25.1717 	 -807.5690 
0.3080 	 -832.7827 	 25.2140 	 -807.5687 
0.3090 	 -832.8427 	 25.2732 	 -807.5695 
0.3100 	 -832.9181 	 25.3488 	 -807.5693 
0.3110 	 -833.0099 	 25.4403 	 -807.5696 
0.3120 	 -833.1168 	 25.5472 	 -807.5696 
0.3130 	 -833.2387 	 25.6686 	 -807.5701 
0.3140 	 -833.3737 	 25.8037 	 -807.5700 
0.3150 	 -833.5211 	 25.9514 	 -807.5697 
0.3160 	 -833.6805 	 26.1105 	 -807.5700 
0.3170 	 -833.8506 	 26.2798 	 -807.5708 
0.3180 	 -834.0281 	 26.4578 	 -807.5702 
0.3190 	 -834.2133 	 26.6431 	 -807.5701 
0.3200 	 -834.4054 	 26.8341 	 -807.5713 
0.3210 	 -834.6002 	 27.0288 	 -807.5714 
0.3220 	 -834.7974 	 27.2251 	 -807.5722 
0.3230 	 -834.9935 	 27.4210 	 -807.5725 
0.3240 	 -835.1863 	 27.6145 	 -807.5718 
0.3250 	 -835.3749 	 27.8037 	 -807.5712 
0.3260 	 -835.5579 	 27.9866 	 -807.5712 
0.3270 	 -835.7326 	 28.1615 	 -807.5712 
0.3280 	 -835.8979 	 28.3263 	 -807.5716 
0.3290 	 -836.0507 	 28.4794 	 -807.5713 
0.3300 	 -836.1893 	 28.6193 	 -807.5700 
0.3310 	 -836.3153 	 28.7447 	 -807.5706 
0.3320 	 -836.4259 	 28.8543 	 -807.5716 
0.3330 	 -836.5198 	 28.9470 	 -807.5728 
0.3340 	 -836.5935 	 29.0219 	 -807.5716 
0.3350 	 -836.6501 	 29.0783 	 -807.5718 
0.3360 	 -836.6862 	 29.1158 	 -807.5704 
0.3370 	 -836.7036 	 29.1339 	 -807.5698 
0.3380 	 -836.7026 	 29.1325 	 -807.5700 
0.3390 	 -836.6820 	 29.1117 	 -807.5703 
0.3400 	 -836.6425 	 29.0715 	 -807.5710 
0.3410 	 -836.5825 	 29.0117 	 -807.5708 
0.3420 	 -836.5038 	 28.9325 	 -807.5713 
0.3430 	 -836.4060 	 28.8338 	 -807.5722 
0.3440 	 -836.2879 	 28.7159 	 -807.5720 
0.3450 	 -836.1519 	 28.5790 	 -807.5729 
0.3460 	 -835.9967 	 28.4237 	 -807.5730 
0.3470 	 -835.8239 	 28.2508 	 -807.5732 
0.3480 	 -835.6342 	 28.0611 	 -807.5731 
0.3490 	 -835.4280 	 27.8557 	 -807.5723 
0.3500 	 -835.2085 	 27.6362 	 -807.5723 
0.3510 	 -834.9768 	 27.4040 	 -807.5727 
0.3520 	 -834.7328 	 27.1613 	 -807.5716 
0.3530 	 -834.4810 	 26.9099 	 -807.5712 
0.3540 	 -834.2232 	 26.6523 	 -807.5710 
0.3550 	 -833.9619 	 26.3908 	 -807.5711 
0.3560 	 -833.6988 	 26.1281 	 -807.5707 
0.3570 	 -833.4366 	 25.8666 	 -807.5700 
0.3580 	 -833.1794 	 25.6090 	 -807.5704 
0.3590 	 -832.9276 	 25.3580 	 -807.5696 
0.3600 	 -832.6847 	 25.1161 	 -807.5686 
0.3610 	 -832.4540 	 24.8860 	 -807.5680 
0.3620 	 -832.2376 	 24.6701 	 -807.5675 
0.3630 	 -832.0384 	 24.4706 	 -807.5679 
0.3640 	 -831.8558 	 24.2895 	 -807.5662 
0.3650 	 -831.6937 	 24.1288 	 -807.5650 
0.3660 	 -831.5554 	 23.9898 	 -807.5656 
0.3670 	 -831.4390 	 23.8737 	 -807.5653 
0.3680 	 -831.3473 	 23.7815 	 -807.5658 
0.3690 	 -831.2785 	 23.7135 	 -807.5651 
0.3700 	 -831.2345 	 23.6698 	 -807.5648 
0.3710 	 -831.2144 	 23.6501 	 -807.5642 
0.3720 	 -831.2195 	 23.6538 	 -807.5657 
0.3730 	 -831.2458 	 23.6797 	 -807.5661 
0.3740 	 -831.2917 	 23.7262 	 -807.5655 
0.3750 	 -831.3585 	 23.7916 	 -807.5669 
0.3760 	 -831.4416 	 23.8737 	 -807.5679 
0.3770 	 -831.5382 	 23.9703 	 -807.5680 
0.3780 	 -831.6463 	 24.0789 	 -807.5674 
0.3790 	 -831.7655 	 24.1974 	 -807.5681 
0.3800 	 -831.8917 	 24.3231 	 -807.5686 
0.3810 	 -832.0223 	 24.4538 	 -807.5685 
0.3820 	 -832.1556 	 24.5870 	 -807.5686 
0.3830 	 -832.2888 	 24.7204 	 -807.5684 
0.3840 	 -832.4202 	 24.8521 	 -807.5681 
0.3850 	 -832.5480 	 24.9800 	 -807.5681 
0.3860 	 -832.6704 	 25.1022 	 -807.5682 
0.3870 	 -832.7855 	 25.2173 	 -807.5682 
0.3880 	 -832.8908 	 25.3240 	 -807.5668 
0.3890 	 -832.9876 	 25.4214 	 -807.5663 
0.3900 	 -833.0753 	 25.5089 	 -807.5664 
0.3910 	 -833.1516 	 25.5861 	 -807.5655 
0.3920 	 -833.2189 	 25.6531 	 -807.5657 
0.3930 	 -833.2762 	 25.7105 	 -807.5657 
0.3940 	 -833.3255 	 25.7588 	 -807.5667 
0.3950 	 -833.3656 	 25.7993 	 -807.5663 
0.3960 	 -833.4004 	 25.8332 	 -807.5671 
0.3970 	 -833.4297 	 25.8623 	 -807.5674 
0.3980 	 -833.4559 	 25.8882 	 -807.5677 
0.3990 	 -833.4804 	 25.9132 	 -807.5672 
0.4000 	 -833.5068 	 25.9395 	 -807.5673 
0.4010 	 -833.5372 	 25.9696 	 -807.5677 
0.4020 	 -833.5733 	 26.0059 	 -807.5673 
0.4030 	 -833.6181 	 26.0508 	 -807.5673 
0.4040 	 -833.6733 	 26.1061 	 -807.5672 
0.4050 	 -833.7408 	 26.1733 	 -807.5675 
0.4060 	 -833.8205 	 26.2535 	 -807.5670 
0.4070 	 -833.9149 	 26.3475 	 -807.5674 
0.4080 	 -834.0226 	 26.4556 	 -807.5671 
0.4090 	 -834.1441 	 26.5775 	 -807.5665 
0.4100 	 -834.2790 	 26.7127 	 -807.5663 
0.4110 	 -834.4261 	 26.8597 	 -807.5664 
0.4120 	 -834.5831 	 27.0170 	 -807.5661 
0.4130 	 -834.7480 	 27.1824 	 -807.5656 
0.4140 	 -834.9185 	 27.3532 	 -807.5653 
0.4150 	 -835.0917 	 27.5263 	 -807.5654 
0.4160 	 -835.2632 	 27.6977 	 -807.5654 
0.4170 	 -835.4292 	 27.8637 	 -807.5656 
0.4180 	 -835.5857 	 28.0203 	 -807.5654 
0.4190 	 -835.7285 	 28.1640 	 -807.5646 
0.4200 	 -835.8562 	 28.2912 	 -807.5650 
0.4210 	 -835.9636 	 28.3987 	 -807.5649 
0.4220 	 -836.0493 	 28.4837 	 -807.5656 
0.4230 	 -836.1088 	 28.5437 	 -807.5651 
0.4240 	 -836.1429 	 28.5770 	 -807.5659 
0.4250 	 -836.1491 	 28.5825 	 -807.5666 
0.4260 	 -836.1282 	 28.5597 	 -807.5686 
0.4270 	 -836.0765 	 28.5087 	 -807.5678 
0.4280 	 -835.9976 	 28.4305 	 -807.5671 
0.4290 	 -835.8945 	 28.3266 	 -807.5679 
0.4300 	 -835.7660 	 28.1989 	 -807.5671 
0.4310 	 -835.6174 	 28.0501 	 -807.5673 
0.4320 	 -835.4502 	 27.8833 	 -807.5669 
0.4330 	 -835.2693 	 27.7019 	 -807.5674 
0.4340 	 -835.0762 	 27.5095 	 -807.5667 
0.4350 	 -834.8762 	 27.3098 	 -807.5665 
0.4360 	 -834.6723 	 27.1063 	 -807.5660 
0.4370 	 -834.4697 	 26.9027 	 -807.5670 
0.4380 	 -834.2691 	 26.7022 	 -807.5668 
0.4390 	 -834.0763 	 26.5080 	 -807.5682 
0.4400 	 -833.8913 	 26.3229 	 -807.5683 
0.4410 	 -833.7184 	 26.1493 	 -807.5691 
0.4420 	 -833.5573 	 25.9893 	 -807.5680 
0.4430 	 -833.4133 	 25.8446 	 -807.5686 
0.4440 	 -833.2851 	 25.7166 	 -807.5685 
0.4450 	 -833.1756 	 25.6063 	 -807.5694 
0.4460 	 -833.0833 	 25.5141 	 -807.5692 
0.4470 	 -833.0094 	 25.4406 	 -807.5688 
0.4480 	 -832.9547 	 25.3856 	 -807.5691 
0.4490 	 -832.9186 	 25.3490 	 -807.5696 
0.4500 	 -832.9004 	 25.3304 	 -807.5699 
0.4510 	 -832.8987 	 25.3293 	 -807.5695 
0.4520 	 -832.9151 	 25.3447 	 -807.5704 
0.4530 	 -832.9463 	 25.3759 	 -807.5705 
0.4540 	 -832.9929 	 25.4216 	 -807.5712 
0.4550 	 -833.0507 	 25.4806 	 -807.5701 
0.4560 	 -833.1215 	 25.5514 	 -807.5700 
0.4570 	 -833.2032 	 25.6326 	 -807.5706 
0.4580 	 -833.2941 	 25.7225 	 -807.5717 
0.4590 	 -833.3916 	 25.8192 	 -807.5723 
0.4600 	 -833.4943 	 25.9210 	 -807.5733 
0.4610 	 -833.5977 	 26.0255 	 -807.5722 
0.4620 	 -833.7035 	 26.1310 	 -807.5724 
0.4630 	 -833.8083 	 26.2357 	 -807.5726 
0.4640 	 -833.9101 	 26.3379 	 -807.5722 
0.4650 	 -834.0083 	 26.4356 	 -807.5726 
0.4660 	 -834.0995 	 26.5274 	 -807.5721 
0.4670 	 -834.1839 	 26.6117 	 -807.5723 
0.4680 	 -834.2594 	 26.6871 	 -807.5723 
0.4690 	 -834.3247 	 26.7527 	 -807.5720 
0.4700 	 -834.3797 	 26.8074 	 -807.5723 
0.4710 	 -834.4215 	 26.8507 	 -807.5707 
0.4720 	 -834.4529 	 26.8823 	 -807.5706 
0.4730 	 -834.4717 	 26.9022 	 -807.5694 
0.4740 	 -834.4801 	 26.9112 	 -807.5690 
0.4750 	 -834.4794 	 26.9099 	 -807.5695 
0.4760 	 -834.4692 	 26.8996 	 -807.5696 
0.4770 	 -834.4514 	 26.8814 	 -807.5699 
0.4780 	 -834.4256 	 26.8569 	 -807.5687 
0.4790 	 -834.3962 	 26.8275 	 -807.5687 
0.4800 	 -834.3627 	 26.7946 	 -807.5681 
0.4810 	 -834.3276 	 26.7598 	 -807.5678 
0.4820 	 -834.2935 	 26.7243 	 -807.5691 
0.4830 	 -834.2571 	 26.6895 	 -807.5676 
0.4840 	 -834.2244 	 26.6564 	 -807.5680 
0.4850 	 -834.1941 	 26.6260 	 -807.5681 
0.4860 	 -834.1672 	 26.5994 	 -807.5678 
0.4870 	 -834.1457 	 26.5772 	 -807.5685 
0.4880 	 -834.1291 	 26.5603 	 -807.5688 
0.4890 	 -834.1182 	 26.5496 	 -807.5686 
0.4900 	 -834.1142 	 26.5458 	 -807.5684 
0.4910 	 -834.1183 	 26.5492 	 -807.5691 
0.4920 	 -834.1284 	 26.5600 	 -807.5685 
0.4930 	 -834.1462 	 26.5780 	 -807.5682 
0.4940 	 -834.1718 	 26.6032 	 -807.5686 
0.4950 	 -834.2038 	 26.6354 	 -807.5685 
0.4960 	 -834.2424 	 26.6742 	 -807.5682 
0.4970 	 -834.2869 	 26.7193 	 -807.5676 
0.4980 	 -834.3382 	 26.7704 	 -807.5678 
0.4990 	 -834.3955 	 26.8269 	 -807.5686 
0.5000 	 -834.4565 	 26.8880 	 -807.5685 
0.5010 	 -834.5223 	 26.9527 	 -807.5697 
0.5020 	 -834.5891 	 27.0196 	 -807.5695 
0.5030 	 -834.6581 	 27.0878 	 -807.5703 
0.5040 	 -834.7267 	 27.1561 	 -807.5706 
0.5050 	 -834.7947 	 27.2239 	 -807.5707 
0.5060 	 -834.8613 	 27.2906 	 -807.5707 
0.5070 	 -834.9268 	 27.3558 	 -807.5710 
0.5080 	 -834.9899 	 27.4190 	 -807.5709 
0.5090 	 -835.0510 	 27.4799 	 -807.5710 
0.5100 	 -835.1107 	 27.5381 	 -807.5726 
0.5110 	 -835.1652 	 27.5930 	 -807.5722 
0.5120 	 -835.2157 	 27.6443 	 -807.5714 
0.5130 	 -835.2630 	 27.6918 	 -807.5712 
0.5140 	 -835.3065 	 27.7354 	 -807.5711 
0.5150 	 -835.3461 	 27.7749 	 -807.5712 
0.5160 	 -835.3809 	 27.8101 	 -807.5708 
0.5170 	 -835.4109 	 27.8406 	 -807.5703 
0.5180 	 -835.4367 	 27.8662 	 -807.5705 
0.5190 	 -835.4584 	 27.8865 	 -807.5719 
0.5200 	 -835.4729 	 27.9013 	 -807.5716 
0.5210 	 -835.4820 	 27.9100 	 -807.5720 
0.5220 	 -835.4852 	 27.9123 	 -807.5729 
0.5230 	 -835.4804 	 27.9073 	 -807.5731 
0.5240 	 -835.4677 	 27.8944 	 -807.5733 
0.5250 	 -835.4455 	 27.8729 	 -807.5726 
0.5260 	 -835.4159 	 27.8423 	 -807.5736 
0.5270 	 -835.3757 	 27.8018 	 -807.5740 
0.5280 	 -835.3233 	 27.7507 	 -807.5726 
0.5290 	 -835.2606 	 27.6884 	 -807.5721 
0.5300 	 -835.1863 	 27.6143 	 -807.5719 
0.5310 	 -835.0999 	 27.5280 	 -807.5719 
0.5320 	 -835.0001 	 27.4291 	 -807.5710 
0.5330 	 -834.8883 	 27.3172 	 -807.5712 
0.5340 	 -834.7637 	 27.1923 	 -807.5715 
0.5350 	 -834.6249 	 27.0545 	 -807.5704 
0.5360 	 -834.4735 	 26.9041 	 -807.5694 
0.5370 	 -834.3109 	 26.7418 	 -807.5691 
0.5380 	 -834.1379 	 26.5684 	 -807.5694 
0.5390 	 -833.9537 	 26.3853 	 -807.5684 
0.5400 	 -833.7622 	 26.1938 	 -807.5685 
0.5410 	 -833.5640 	 25.9958 	 -807.5682 
0.5420 	 -833.3619 	 25.7933 	 -807.5686 
0.5430 	 -833.1585 	 25.5888 	 -807.5696 
0.5440 	 -832.9540 	 25.3849 	 -807.5691 
0.5450 	 -832.7545 	 25.1843 	 -807.5702 
0.5460 	 -832.5595 	 24.9905 	 -807.5690 
0.5470 	 -832.3752 	 24.8068 	 -807.5684 
0.5480 	 -832.2055 	 24.6369 	 -807.5686 
0.5490 	 -832.0530 	 24.4842 	 -807.5688 
0.5500 	 -831.9206 	 24.3521 	 -807.5685 
0.5510 	 -831.8128 	 24.2437 	 -807.5691 
0.5520 	 -831.7311 	 24.1615 	 -807.5696 
0.5530 	 -831.6761 	 24.1076 	 -807.5685 
0.5540 	 -831.6530 	 24.0838 	 -807.5692 
0.5550 	 -831.6591 	 24.0912 	 -807.5678 
0.5560 	 -831.6986 	 24.1306 	 -807.5680 
0.5570 	 -831.7693 	 24.2019 	 -807.5674 
0.5580 	 -831.8731 	 24.3047 	 -807.5684 
0.5590 	 -832.0064 	 24.4381 	 -807.5683 
0.5600 	 -832.1690 	 24.6005 	 -807.5685 
0.5610 	 -832.3585 	 24.7899 	 -807.5685 
0.5620 	 -832.5726 	 25.0039 	 -807.5687 
0.5630 	 -832.8081 	 25.2395 	 -807.5686 
0.5640 	 -833.0626 	 25.4935 	 -807.5691 
0.5650 	 -833.3314 	 25.7625 	 -807.5689 
0.5660 	 -833.6119 	 26.0430 	 -807.5689 
0.5670 	 -833.9007 	 26.3315 	 -807.5692 
0.5680 	 -834.1940 	 26.6241 	 -807.5698 
0.5690 	 -834.4874 	 26.9171 	 -807.5703 
0.5700 	 -834.7774 	 27.2069 	 -807.5705 
0.5710 	 -835.0607 	 27.4898 	 -807.5709 
0.5720 	 -835.3332 	 27.7626 	 -807.5705 
0.5730 	 -835.5930 	 28.0220 	 -807.5710 
0.5740 	 -835.8362 	 28.2649 	 -807.5712 
0.5750 	 -836.0591 	 28.4886 	 -807.5706 
0.5760 	 -836.2614 	 28.6904 	 -807.5710 
0.5770 	 -836.4385 	 28.8682 	 -807.5703 
0.5780 	 -836.5907 	 29.0201 	 -807.5706 
0.5790 	 -836.7154 	 29.1444 	 -807.5710 
0.5800 	 -836.8116 	 29.2401 	 -807.5716 
0.5810 	 -836.8777 	 29.3062 	 -807.5715 
0.5820 	 -836.9143 	 29.3421 	 -807.5722 
0.5830 	 -836.9211 	 29.3478 	 -807.5733 
0.5840 	 -836.8967 	 29.3232 	 -807.5735 
0.5850 	 -836.8425 	 29.2689 	 -807.5736 
0.5860 	 -836.7583 	 29.1854 	 -807.5729 
0.5870 	 -836.6467 	 29.0739 	 -807.5728 
0.5880 	 -836.5092 	 28.9356 	 -807.5736 
0.5890 	 -836.3446 	 28.7724 	 -807.5722 
0.5900 	 -836.1578 	 28.5862 	 -807.5715 
0.5910 	 -835.9511 	 28.3794 	 -807.5717 
0.5920 	 -835.7260 	 28.1544 	 -807.5716 
0.5930 	 -835.4857 	 27.9140 	 -807.5717 
0.5940 	 -835.2317 	 27.6610 	 -807.5706 
0.5950 	 -834.9680 	 27.3986 	 -807.5694 
0.5960 	 -834.6988 	 27.1299 	 -807.5690 
0.5970 	 -834.4263 	 26.8581 	 -807.5681 
0.5980 	 -834.1552 	 26.5869 	 -807.5683 
0.5990 	 -833.8870 	 26.3199 	 -807.5672 
0.6000 	 -833.6288 	 26.0609 	 -807.5679 
0.6010 	 -833.3817 	 25.8139 	 -807.5679 
0.6020 	 -833.1501 	 25.5827 	 -807.5674 
0.6030 	 -832.9383 	 25.3709 	 -807.5674 
0.6040 	 -832.7482 	 25.1817 	 -807.5665 
0.6050 	 -832.5842 	 25.0179 	 -807.5664 
0.6060 	 -832.4483 	 24.8815 	 -807.5668 
0.6070 	 -832.3411 	 24.7743 	 -807.5669 
0.6080 	 -832.2646 	 24.6973 	 -807.5673 
0.6090 	 -832.2178 	 24.6512 	 -807.5666 
0.6100 	 -832.2020 	 24.6361 	 -807.5659 
0.6110 	 -832.2166 	 24.6511 	 -807.5654 
0.6120 	 -832.2610 	 24.6950 	 -807.5660 
0.6130 	 -832.3312 	 24.7657 	 -807.5655 
0.6140 	 -832.4266 	 24.8609 	 -807.5656 
0.6150 	 -832.5436 	 24.9779 	 -807.5657 
0.6160 	 -832.6792 	 25.1134 	 -807.5658 
0.6170 	 -832.8298 	 25.2643 	 -807.5655 
0.6180 	 -832.9934 	 25.4273 	 -807.5661 
0.6190 	 -833.1654 	 25.5990 	 -807.5664 
0.6200 	 -833.3418 	 25.7762 	 -807.5656 
0.6210 	 -833.5226 	 25.9558 	 -807.5669 
0.6220 	 -833.7019 	 26.1346 	 -807.5672 
0.6230 	 -833.8781 	 26.3101 	 -807.5680 
0.6240 	 -834.0488 	 26.4798 	 -807.5690 
0.6250 	 -834.2102 	 26.6414 	 -807.5688 
0.6260 	 -834.3624 	 26.7931 	 -807.5692 
0.6270 	 -834.5028 	 26.9335 	 -807.5693 
0.6280 	 -834.6316 	 27.0614 	 -807.5701 
0.6290 	 -834.7472 	 27.1760 	 -807.5712 
0.6300 	 -834.8477 	 27.2764 	 -807.5713 
0.6310 	 -834.9340 	 27.3622 	 -807.5718 
0.6320 	 -835.0055 	 27.4331 	 -807.5724 
0.6330 	 -835.0615 	 27.4892 	 -807.5723 
0.6340 	 -835.1018 	 27.5304 	 -807.5713 
0.6350 	 -835.1287 	 27.5573 	 -807.5714 
0.6360 	 -835.1418 	 27.5704 	 -807.5714 
0.6370 	 -835.1428 	 27.5702 	 -807.5727 
0.6380 	 -835.1297 	 27.5574 	 -807.5724 
0.6390 	 -835.1053 	 27.5328 	 -807.5725 
0.6400 	 -835.0701 	 27.4972 	 -807.5729 
0.6410 	 -835.0242 	 27.4515 	 -807.5726 
0.6420 	 -834.9683 	 27.3966 	 -807.5717 
0.6430 	 -834.9045 	 27.3333 	 -807.5712 
0.6440 	 -834.8333 	 27.2623 	 -807.5710 
0.6450 	 -834.7551 	 27.1843 	 -807.5708 
0.6460 	 -834.6702 	 27.0999 	 -807.5703 
0.6470 	 -834.5789 	 27.0094 	 -807.5695 
0.6480 	 -834.4822 	 26.9135 	 -807.5686 
0.6490 	 -834.3817 	 26.8127 	 -807.5690 
0.6500 	 -834.2764 	 26.7072 	 -807.5691 
0.6510 	 -834.1668 	 26.5978 	 -807.5689 
0.6520 	 -834.0538 	 26.4850 	 -807.5687 
0.6530 	 -833.9369 	 26.3696 	 -807.5673 
0.6540 	 -833.8205 	 26.2524 	 -807.5680 
0.6550 	 -833.7018 	 26.1344 	 -807.5674 
0.6560 	 -833.5849 	 26.0165 	 -807.5684 
0.6570 	 -833.4678 	 25.8997 	 -807.5681 
0.6580 	 -833.3525 	 25.7853 	 -807.5672 
0.6590 	 -833.2413 	 25.6744 	 -807.5670 
0.6600 	 -833.1356 	 25.5681 	 -807.5675 
0.6610 	 -833.0353 	 25.4677 	 -807.5676 
0.6620 	 -832.9426 	 25.3743 	 -807.5682 
0.6630 	 -832.8570 	 25.2892 	 -807.5678 
0.6640 	 -832.7821 	 25.2135 	 -807.5686 
0.6650 	 -832.7177 	 25.1483 	 -807.5693 
0.6660 	 -832.6642 	 25.0948 	 -807.5693 
0.6670 	 -832.6234 	 25.0539 	 -807.5696 
0.6680 	 -832.5962 	 25.0261 	 -807.5701 
0.6690 	 -832.5820 	 25.0120 	 -807.5700 
0.6700 	 -832.5807 	 25.0116 	 -807.5691 
0.6710 	 -832.5944 	 25.0246 	 -807.5697 
0.6720 	 -832.6193 	 25.0506 	 -807.5686 
0.6730 	 -832.6574 	 25.0888 	 -807.5686 
0.6740 	 -832.7058 	 25.1382 	 -807.5676 
0.6750 	 -832.7643 	 25.1974 	 -807.5670 
0.6760 	 -832.8318 	 25.2646 	 -807.5672 
0.6770 	 -832.9058 	 25.3381 	 -807.5677 
0.6780 	 -832.9845 	 25.4160 	 -807.5685 
0.6790 	 -833.0647 	 25.4963 	 -807.5685 
0.6800 	 -833.1456 	 25.5771 	 -807.5685 
0.6810 	 -833.2256 	 25.6567 	 -807.5689 
0.6820 	 -833.3027 	 25.7336 	 -807.5691 
0.6830 	 -833.3755 	 25.8064 	 -807.5690 
0.6840 	 -833.4434 	 25.8744 	 -807.5690 
0.6850 	 -833.5054 	 25.9367 	 -807.5686 
0.6860 	 -833.5622 	 25.9934 	 -807.5688 
0.6870 	 -833.6132 	 26.0447 	 -807.5685 
0.6880 	 -833.6603 	 26.0911 	 -807.5691 
0.6890 	 -833.7020 	 26.1339 	 -807.5681 
0.6900 	 -833.7427 	 26.1744 	 -807.5683 
0.6910 	 -833.7821 	 26.2142 	 -807.5679 
0.6920 	 -833.8225 	 26.2548 	 -807.5677 
0.6930 	 -833.8650 	 26.2980 	 -807.5671 
0.6940 	 -833.9121 	 26.3452 	 -807.5669 
0.6950 	 -833.9649 	 26.3982 	 -807.5667 
0.6960 	 -834.0255 	 26.4582 	 -807.5673 
0.6970 	 -834.0935 	 26.5267 	 -807.5668 
0.6980 	 -834.1712 	 26.6046 	 -807.5666 
0.6990 	 -834.2601 	 26.6928 	 -807.5672 
0.7000 	 -834.3586 	 26.7917 	 -807.5669 
0.7010 	 -834.4685 	 26.9013 	 -807.5672 
0.7020 	 -834.5888 	 27.0212 	 -807.5675 
0.7030 	 -834.7188 	 27.1507 	 -807.5681 
0.7040 	 -834.8575 	 27.2884 	 -807.5691 
0.7050 	 -835.0028 	 27.4331 	 -807.5696 
0.7060 	 -835.1537 	 27.5831 	 -807.5707 
0.7070 	 -835.3078 	 27.7363 	 -807.5714 
0.7080 	 -835.4622 	 27.8909 	 -807.5713 
0.7090 	 -835.6157 	 28.0445 	 -807.5713 
0.7100 	 -835.7660 	 28.1947 	 -807.5712 
0.7110 	 -835.9107 	 28.3393 	 -807.5713 
0.7120 	 -836.0471 	 28.4758 	 -807.5713 
0.7130 	 -836.1734 	 28.6019 	 -807.5715 
0.7140 	 -836.2866 	 28.7153 	 -807.5713 
0.7150 	 -836.3837 	 28.8138 	 -807.5698 
0.7160 	 -836.4657 	 28.8956 	 -807.5700 
0.7170 	 -836.5292 	 28.9589 	 -807.5703 
0.7180 	 -836.5716 	 29.0022 	 -807.5694 
0.7190 	 -836.5931 	 29.0241 	 -807.5690 
0.7200 	 -836.5921 	 29.0237 	 -807.5685 
0.7210 	 -836.5683 	 29.0001 	 -807.5682 
0.7220 	 -836.5206 	 28.9532 	 -807.5674 
0.7230 	 -836.4505 	 28.8829 	 -807.5676 
0.7240 	 -836.3570 	 28.7897 	 -807.5673 
0.7250 	 -836.2418 	 28.6740 	 -807.5678 
0.7260 	 -836.1045 	 28.5369 	 -807.5677 
0.7270 	 -835.9456 	 28.3793 	 -807.5663 
0.7280 	 -835.7701 	 28.2027 	 -807.5674 
0.7290 	 -835.5757 	 28.0086 	 -807.5671 
0.7300 	 -835.3655 	 27.7989 	 -807.5666 
0.7310 	 -835.1417 	 27.5756 	 -807.5661 
0.7320 	 -834.9070 	 27.3408 	 -807.5661 
0.7330 	 -834.6641 	 27.0968 	 -807.5673 
0.7340 	 -834.4135 	 26.8459 	 -807.5676 
0.7350 	 -834.1580 	 26.5910 	 -807.5671 
0.7360 	 -833.9014 	 26.3345 	 -807.5669 
0.7370 	 -833.6454 	 26.0791 	 -807.5663 
0.7380 	 -833.3944 	 25.8277 	 -807.5667 
0.7390 	 -833.1497 	 25.5832 	 -807.5665 
0.7400 	 -832.9142 	 25.3486 	 -807.5657 
0.7410 	 -832.6921 	 25.1269 	 -807.5652 
0.7420 	 -832.4859 	 24.9213 	 -807.5646 
0.7430 	 -832.2988 	 24.7347 	 -807.5641 
0.7440 	 -832.1333 	 24.5700 	 -807.5634 
0.7450 	 -831.9918 	 24.4292 	 -807.5626 
0.7460 	 -831.8769 	 24.3143 	 -807.5626 
0.7470 	 -831.7878 	 24.2266 	 -807.5612 
0.7480 	 -831.7287 	 24.1669 	 -807.5617 
0.7490 	 -831.6973 	 24.1358 	 -807.5614 
0.7500 	 -831.6945 	 24.1331 	 -807.5614 
0.7510 	 -831.7199 	 24.1581 	 -807.5618 
0.7520 	 -831.7707 	 24.2096 	 -807.5611 
0.7530 	 -831.8474 	 24.2859 	 -807.5615 
0.7540 	 -831.9461 	 24.3848 	 -807.5613 
0.7550 	 -832.0653 	 24.5036 	 -807.5617 
0.7560 	 -832.2011 	 24.6392 	 -807.5619 
0.7570 	 -832.3500 	 24.7884 	 -807.5616 
0.7580 	 -832.5100 	 24.9475 	 -807.5625 
0.7590 	 -832.6765 	 25.1128 	 -807.5637 
0.7600 	 -832.8459 	 25.2805 	 -807.5654 
0.7610 	 -833.0135 	 25.4469 	 -807.5666 
0.7620 	 -833.1751 	 25.6087 	 -807.5665 
0.7630 	 -833.3291 	 25.7628 	 -807.5663 
0.7640 	 -833.4730 	 25.9068 	 -807.5662 
0.7650 	 -833.6052 	 26.0387 	 -807.5665 
0.7660 	 -833.7251 	 26.1569 	 -807.5682 
0.7670 	 -833.8283 	 26.2603 	 -807.5680 
0.7680 	 -833.9176 	 26.3482 	 -807.5693 
0.7690 	 -833.9897 	 26.4206 	 -807.5691 
0.7700 	 -834.0462 	 26.4775 	 -807.5687 
0.7710 	 -834.0880 	 26.5193 	 -807.5687 
0.7720 	 -834.1152 	 26.5466 	 -807.5687 
0.7730 	 -834.1291 	 26.5601 	 -807.5690 
0.7740 	 -834.1295 	 26.5609 	 -807.5686 
0.7750 	 -834.1199 	 26.5501 	 -807.5697 
0.7760 	 -834.0983 	 26.5292 	 -807.5691 
0.7770 	 -834.0699 	 26.4997 	 -807.5702 
0.7780 	 -834.0332 	 26.4632 	 -807.5700 
0.7790 	 -833.9926 	 26.4215 	 -807.5712 
0.7800 	 -833.9481 	 26.3764 	 -807.5717 
0.7810 	 -833.9013 	 26.3300 	 -807.5712 
0.7820 	 -833.8551 	 26.2844 	 -807.5706 
0.7830 	 -833.8120 	 26.2417 	 -807.5703 
0.7840 	 -833.7745 	 26.2040 	 -807.5706 
0.7850 	 -833.7432 	 26.1732 	 -807.5700 
0.7860 	 -833.7201 	 26.1512 	 -807.5689 
0.7870 	 -833.7082 	 26.1394 	 -807.5689 
0.7880 	 -833.7073 	 26.1390 	 -807.5683 
0.7890 	 -833.7194 	 26.1510 	 -807.5684 
0.7900 	 -833.7443 	 26.1756 	 -807.5687 
0.7910 	 -833.7818 	 26.2129 	 -807.5689 
0.7920 	 -833.8319 	 26.2626 	 -807.5693 
0.7930 	 -833.8937 	 26.3239 	 -807.5698 
0.7940 	 -833.9651 	 26.3956 	 -807.5695 
0.7950 	 -834.0462 	 26.4763 	 -807.5699 
0.7960 	 -834.1350 	 26.5645 	 -807.5705 
0.7970 	 -834.2289 	 26.6584 	 -807.5705 
0.7980 	 -834.3283 	 26.7564 	 -807.5719 
0.7990 	 -834.4287 	 26.8565 	 -807.5721 
0.8000 	 -834.5299 	 26.9569 	 -807.5729 
0.8010 	 -834.6282 	 27.0558 	 -807.5724 
0.8020 	 -834.7242 	 27.1515 	 -807.5727 
0.8030 	 -834.8139 	 27.2428 	 -807.5712 
0.8040 	 -834.8998 	 27.3283 	 -807.5715 
0.8050 	 -834.9783 	 27.4071 	 -807.5713 
0.8060 	 -835.0491 	 27.4781 	 -807.5711 
0.8070 	 -835.1110 	 27.5405 	 -807.5705 
0.8080 	 -835.1640 	 27.5939 	 -807.5701 
0.8090 	 -835.2080 	 27.6378 	 -807.5702 
0.8100 	 -835.2432 	 27.6720 	 -807.5713 
0.8110 	 -835.2681 	 27.6963 	 -807.5718 
0.8120 	 -835.2823 	 27.7105 	 -807.5718 
0.8130 	 -835.2870 	 27.7144 	 -807.5726 
0.8140 	 -835.2813 	 27.7082 	 -807.5731 
0.8150 	 -835.2651 	 27.6916 	 -807.5735 
0.8160 	 -835.2384 	 27.6649 	 -807.5735 
0.8170 	 -835.2026 	 27.6282 	 -807.5744 
0.8180 	 -835.1563 	 27.5819 	 -807.5744 
0.8190 	 -835.1001 	 27.5264 	 -807.5737 
0.8200 	 -835.0362 	 27.4626 	 -807.5736 
0.8210 	 -834.9643 	 27.3913 	 -807.5731 
0.8220 	 -834.8870 	 27.3134 	 -807.5736 
0.8230 	 -834.8022 	 27.2302 	 -807.5720 
0.8240 	 -834.7146 	 27.1429 	 -807.5718 
0.8250 	 -834.6233 	 27.0526 	 -807.5707 
0.8260 	 -834.5312 	 26.9606 	 -807.5706 
0.8270 	 -834.4381 	 26.8682 	 -807.5699 
0.8280 	 -834.3471 	 26.7764 	 -807.5707 
0.8290 	 -834.2571 	 26.6865 	 -807.5705 
0.8300 	 -834.1706 	 26.5996 	 -807.5710 
0.8310 	 -834.0863 	 26.5167 	 -807.5697 
0.8320 	 -834.0075 	 26.4386 	 -807.5688 
0.8330 	 -833.9349 	 26.3663 	 -807.5686 
0.8340 	 -833.8690 	 26.3002 	 -807.5688 
0.8350 	 -833.8095 	 26.2408 	 -807.5686 
0.8360 	 -833.7567 	 26.1885 	 -807.5682 
0.8370 	 -833.7116 	 26.1433 	 -807.5683 
0.8380 	 -833.6740 	 26.1052 	 -807.5687 
0.8390 	 -833.6425 	 26.0740 	 -807.5685 
0.8400 	 -833.6178 	 26.0494 	 -807.5683 
0.8410 	 -833.5985 	 26.0312 	 -807.5673 
0.8420 	 -833.5856 	 26.0188 	 -807.5668 
0.8430 	 -833.5785 	 26.0120 	 -807.5665 
0.8440 	 -833.5775 	 26.0102 	 -807.5672 
0.8450 	 -833.5803 	 26.0132 	 -807.5671 
0.8460 	 -833.5876 	 26.0205 	 -807.5672 
0.8470 	 -833.5986 	 26.0318 	 -807.5668 
0.8480 	 -833.6138 	 26.0472 	 -807.5667 
0.8490 	 -833.6328 	 26.0665 	 -807.5663 
0.8500 	 -833.6570 	 26.0901 	 -807.5670 
0.8510 	 -833.6855 	 26.1182 	 -807.5673 
0.8520 	 -833.7202 	 26.1513 	 -807.5689 
0.8530 	 -833.7588 	 26.1897 	 -807.5691 
0.8540 	 -833.8029 	 26.2338 	 -807.5691 
0.8550 	 -833.8533 	 26.2838 	 -807.5695 
0.8560 	 -833.9088 	 26.3398 	 -807.5689 
0.8570 	 -833.9708 	 26.4020 	 -807.5688 
0.8580 	 -834.0384 	 26.4702 	 -807.5683 
0.8590 	 -834.1128 	 26.5442 	 -807.5686 
0.8600 	 -834.1917 	 26.6237 	 -807.5680 
0.8610 	 -834.2768 	 26.7078 	 -807.5689 
0.8620 	 -834.3650 	 26.7956 	 -807.5693 
0.8630 	 -834.4553 	 26.8859 	 -807.5694 
0.8640 	 -834.5463 	 26.9771 	 -807.5692 
0.8650 	 -834.6378 	 27.0678 	 -807.5700 
0.8660 	 -834.7277 	 27.1563 	 -807.5713 
0.8670 	 -834.8119 	 27.2412 	 -807.5707 
0.8680 	 -834.8913 	 27.3206 	 -807.5707 
0.8690 	 -834.9639 	 27.3929 	 -807.5710 
0.8700 	 -835.0265 	 27.4565 	 -807.5700 
0.8710 	 -835.0809 	 27.5100 	 -807.5709 
0.8720 	 -835.1229 	 27.5520 	 -807.5709 
0.8730 	 -835.1536 	 27.5816 	 -807.5719 
0.8740 	 -835.1698 	 27.5981 	 -807.5717 
0.8750 	 -835.1731 	 27.6012 	 -807.5719 
0.8760 	 -835.1631 	 27.5912 	 -807.5718 
0.8770 	 -835.1408 	 27.5690 	 -807.5719 
0.8780 	 -835.1068 	 27.5357 	 -807.5710 
0.8790 	 -835.0648 	 27.4931 	 -807.5717 
0.8800 	 -835.0141 	 27.4429 	 -807.5712 
0.8810 	 -834.9581 	 27.3872 	 -807.5709 
0.8820 	 -834.8985 	 27.3278 	 -807.5707 
0.8830 	 -834.8366 	 27.2666 	 -807.5700 
0.8840 	 -834.7746 	 27.2053 	 -807.5693 
0.8850 	 -834.7153 	 27.1454 	 -807.5699 
0.8860 	 -834.6581 	 27.0883 	 -807.5698 
0.8870 	 -834.6056 	 27.0351 	 -807.5704 
0.8880 	 -834.5558 	 26.9865 	 -807.5693 
0.8890 	 -834.5112 	 26.9427 	 -807.5685 
0.8900 	 -834.4725 	 26.9036 	 -807.5690 
0.8910 	 -834.4383 	 26.8687 	 -807.5696 
0.8920 	 -834.4063 	 26.8376 	 -807.5686 
0.8930 	 -834.3778 	 26.8094 	 -807.5684 
0.8940 	 -834.3508 	 26.7831 	 -807.5677 
0.8950 	 -834.3243 	 26.7579 	 -807.5664 
0.8960 	 -834.2998 	 26.7329 	 -807.5668 
0.8970 	 -834.2734 	 26.7075 	 -807.5659 
0.8980 	 -834.2469 	 26.6807 	 -807.5662 
0.8990 	 -834.2178 	 26.6519 	 -807.5659 
0.9000 	 -834.1865 	 26.6205 	 -807.5660 
0.9010 	 -834.1526 	 26.5859 	 -807.5667 
0.9020 	 -834.1150 	 26.5479 	 -807.5671 
0.9030 	 -834.0736 	 26.5063 	 -807.5673 
0.9040 	 -834.0286 	 26.4613 	 -807.5673 
0.9050 	 -833.9812 	 26.4132 	 -807.5679 
0.9060 	 -833.9302 	 26.3626 	 -807.5676 
0.9070 	 -833.8783 	 26.3100 	 -807.5682 
0.9080 	 -833.8247 	 26.2559 	 -807.5688 
0.9090 	 -833.7688 	 26.2009 	 -807.5678 
0.9100 	 -833.7131 	 26.1456 	 -807.5675 
0.9110 	 -833.6568 	 26.0906 	 -807.5662 
0.9120 	 -833.6030 	 26.0367 	 -807.5663 
0.9130 	 -833.5505 	 25.9849 	 -807.5656 
0.9140 	 -833.5011 	 25.9359 	 -807.5653 
0.9150 	 -833.4555 	 25.8907 	 -807.5648 
0.9160 	 -833.4150 	 25.8502 	 -807.5648 
0.9170 	 -833.3801 	 25.8151 	 -807.5650 
0.9180 	 -833.3511 	 25.7862 	 -807.5650 
0.9190 	 -833.3292 	 25.7640 	 -807.5651 
0.9200 	 -833.3144 	 25.7492 	 -807.5653 
0.9210 	 -833.3076 	 25.7419 	 -807.5656 
0.9220 	 -833.3080 	 25.7425 	 -807.5655 
0.9230 	 -833.3167 	 25.7510 	 -807.5657 
0.9240 	 -833.3314 	 25.7669 	 -807.5645 
0.9250 	 -833.3538 	 25.7897 	 -807.5641 
0.9260 	 -833.3827 	 25.8185 	 -807.5641 
0.9270 	 -833.4169 	 25.8526 	 -807.5643 
0.9280 	 -833.4549 	 25.8909 	 -807.5641 
0.9290 	 -833.4960 	 25.9319 	 -807.5641 
0.9300 	 -833.5392 	 25.9743 	 -807.5649 
0.9310 	 -833.5818 	 26.0166 	 -807.5652 
0.9320 	 -833.6230 	 26.0575 	 -807.5655 
0.9330 	 -833.6616 	 26.0962 	 -807.5654 
0.9340 	 -833.6974 	 26.1318 	 -807.5656 
0.9350 	 -833.7301 	 26.1639 	 -807.5663 
0.9360 	 -833.7571 	 26.1923 	 -807.5648 
0.9370 	 -833.7814 	 26.2171 	 -807.5643 
0.9380 	 -833.8025 	 26.2386 	 -807.5639 
0.9390 	 -833.8204 	 26.2573 	 -807.5631 
0.9400 	 -833.8376 	 26.2739 	 -807.5638 
0.9410 	 -833.8530 	 26.2892 	 -807.5637 
0.9420 	 -833.8674 	 26.3042 	 -807.5633 
0.9430 	 -833.8828 	 26.3199 	 -807.5630 
0.9440 	 -833.9017 	 26.3376 	 -807.5641 
0.9450 	 -833.9213 	 26.3585 	 -807.5629 
0.9460 	 -833.9464 	 26.3836 	 -807.5628 
0.9470 	 -833.9764 	 26.4139 	 -807.5625 
0.9480 	 -834.0125 	 26.4497 	 -807.5627 
0.9490 	 -834.0536 	 26.4911 	 -807.5624 
0.9500 	 -834.1007 	 26.5378 	 -807.5628 
0.9510 	 -834.1524 	 26.5892 	 -807.5632 
0.9520 	 -834.2074 	 26.6442 	 -807.5632 
0.9530 	 -834.2651 	 26.7016 	 -807.5636 
0.9540 	 -834.3239 	 26.7596 	 -807.5643 
0.9550 	 -834.3807 	 26.8163 	 -807.5645 
0.9560 	 -834.4352 	 26.8694 	 -807.5657 
0.9570 	 -834.4829 	 26.9170 	 -807.5660 
0.9580 	 -834.5238 	 26.9568 	 -807.5670 
0.9590 	 -834.5538 	 26.9868 	 -807.5670 
0.9600 	 -834.5722 	 27.0052 	 -807.5670 
0.9610 	 -834.5778 	 27.0103 	 -807.5675 
0.9620 	 -834.5684 	 27.0006 	 -807.5678 
0.9630 	 -834.5431 	 26.9753 	 -807.5678 
0.9640 	 -834.5018 	 26.9340 	 -807.5678 
0.9650 	 -834.4449 	 26.8767 	 -807.5682 
0.9660 	 -834.3722 	 26.8042 	 -807.5679 
0.9670 	 -834.2865 	 26.7175 	 -807.5690 
0.9680 	 -834.1867 	 26.6182 	 -807.5686 
0.9690 	 -834.0764 	 26.5082 	 -807.5682 
0.9700 	 -833.9590 	 26.3900 	 -807.5690 
0.9710 	 -833.8359 	 26.2664 	 -807.5696 
0.9720 	 -833.7092 	 26.1404 	 -807.5688 
0.9730 	 -833.5834 	 26.0154 	 -807.5680 
0.9740 	 -833.4631 	 25.8947 	 -807.5684 
0.9750 	 -833.3507 	 25.7819 	 -807.5688 
0.9760 	 -833.2477 	 25.6801 	 -807.5676 
0.9770 	 -833.1595 	 25.5926 	 -807.5670 
0.9780 	 -833.0884 	 25.5220 	 -807.5665 
0.9790 	 -833.0357 	 25.4705 	 -807.5652 
0.9800 	 -833.0051 	 25.4400 	 -807.5651 
0.9810 	 -832.9976 	 25.4316 	 -807.5659 
0.9820 	 -833.0123 	 25.4458 	 -807.5665 
0.9830 	 -833.0486 	 25.4825 	 -807.5660 
0.9840 	 -833.1076 	 25.5411 	 -807.5665 
0.9850 	 -833.1857 	 25.6201 	 -807.5656 
0.9860 	 -833.2825 	 25.7177 	 -807.5648 
0.9870 	 -833.3970 	 25.8315 	 -807.5655 
0.9880 	 -833.5240 	 25.9590 	 -807.5649 
0.9890 	 -833.6623 	 26.0973 	 -807.5650 
0.9900 	 -833.8083 	 26.2432 	 -807.5651 
0.9910 	 -833.9601 	 26.3937 	 -807.5664 
0.9920 	 -834.1121 	 26.5458 	 -807.5662 
0.9930 	 -834.2628 	 26.6967 	 -807.5661 
0.9940 	 -834.4097 	 26.8436 	 -807.5661 
0.9950 	 -834.5511 	 26.9839 	 -807.5672 
0.9960 	 -834.6829 	 27.1155 	 -807.5674 
0.9970 	 -834.8033 	 27.2364 	 -807.5670 
0.9980 	 -834.9125 	 27.3452 	 -807.5673 
0.9990 	 -835.0079 	 27.4411 	 -807.5668 
1.0000 	 -835.0900 	 27.5233 	 -807.5666 
