0.00000000 	 0.00000000 	 0.00000000 	 0.00000000 
0.00500000 	 140.72772037 	 0.03421200 	 4.03099346 
0.01000000 	 491.79617638 	 0.02789773 	 4.03129749 
0.01500000 	 883.91757456 	 0.02083285 	 4.03152455 
0.02000000 	 1183.36908370 	 0.01537637 	 4.03169214 
0.02500000 	 1329.85620750 	 0.01270319 	 4.03183061 
0.03000000 	 1321.49614963 	 0.01305875 	 4.03197295 
0.03500000 	 1187.79397419 	 0.01598089 	 4.03214715 
0.04000000 	 978.36180280 	 0.02010905 	 4.03236637 
0.04500000 	 761.97689018 	 0.02406362 	 4.03262870 
0.05000000 	 610.56285896 	 0.02674951 	 4.03292033 
0.05500000 	 566.19171732 	 0.02743734 	 4.03321949 
0.06000000 	 621.36917958 	 0.02621590 	 4.03350534 
0.06500000 	 730.01611972 	 0.02385289 	 4.03376545 
0.07000000 	 835.03796412 	 0.02144900 	 4.03399937 
0.07500000 	 891.83232191 	 0.01989292 	 4.03421632 
0.08000000 	 879.95101034 	 0.01950471 	 4.03442906 
0.08500000 	 806.47037485 	 0.02024327 	 4.03464986 
0.09000000 	 701.39319026 	 0.02172128 	 4.03488679 
0.09500000 	 605.40039554 	 0.02322165 	 4.03514011 
0.10000000 	 554.67666699 	 0.02401013 	 4.03540204 
0.10500000 	 566.24691000 	 0.02373692 	 4.03566101 
0.11000000 	 631.77087124 	 0.02242936 	 4.03590572 
0.11500000 	 724.61310298 	 0.02051317 	 4.03612955 
0.12000000 	 813.80447037 	 0.01863590 	 4.03633290 
0.12500000 	 875.93207638 	 0.01733399 	 4.03652206 
0.13000000 	 899.75569537 	 0.01681693 	 4.03670559 
0.13500000 	 885.58601103 	 0.01703031 	 4.03689145 
0.14000000 	 843.05717127 	 0.01776616 	 4.03708535 
0.14500000 	 787.32557701 	 0.01877361 	 4.03729025 
0.15000000 	 734.30477638 	 0.01980761 	 4.03750645 
0.15500000 	 696.90783803 	 0.02056159 	 4.03773090 
0.16000000 	 683.09070506 	 0.02082574 	 4.03795824 
0.16500000 	 695.07113997 	 0.02051923 	 4.03818224 
0.17000000 	 728.82734314 	 0.01971411 	 4.03839747 
0.17500000 	 773.86210754 	 0.01859676 	 4.03860051 
0.18000000 	 815.66448190 	 0.01755643 	 4.03879221 
0.18500000 	 839.91753631 	 0.01687880 	 4.03897651 
0.19000000 	 836.68600375 	 0.01672531 	 4.03915914 
0.19500000 	 805.10513556 	 0.01712857 	 4.03934619 
0.20000000 	 755.54516323 	 0.01791204 	 4.03954180 
0.20500000 	 705.87046609 	 0.01869140 	 4.03974593 
0.21000000 	 673.34542055 	 0.01916707 	 4.03995527 
0.21500000 	 666.17295135 	 0.01914610 	 4.04016439 
0.22000000 	 680.82724047 	 0.01865604 	 4.04036817 
0.22500000 	 706.17576476 	 0.01795895 	 4.04056434 
0.23000000 	 729.95352447 	 0.01722150 	 4.04075247 
0.23500000 	 744.07708933 	 0.01668927 	 4.04093479 
0.24000000 	 746.31072395 	 0.01647832 	 4.04111482 
0.24500000 	 738.92756271 	 0.01650968 	 4.04129519 
0.25000000 	 727.44214079 	 0.01663279 	 4.04147692 
0.25500000 	 719.25757079 	 0.01674838 	 4.04165992 
0.26000000 	 720.85077397 	 0.01669388 	 4.04184233 
0.26500000 	 734.12674444 	 0.01643966 	 4.04202198 
0.27000000 	 754.02396474 	 0.01600249 	 4.04219685 
0.27500000 	 770.78492734 	 0.01551808 	 4.04236644 
0.28000000 	 775.77308889 	 0.01528304 	 4.04253346 
0.28500000 	 765.63523910 	 0.01537588 	 4.04270151 
0.29000000 	 742.40978840 	 0.01577086 	 4.04287388 
0.29500000 	 712.93350088 	 0.01627317 	 4.04305175 
0.30000000 	 687.91235666 	 0.01664071 	 4.04323365 
0.30500000 	 678.42629325 	 0.01675515 	 4.04341680 
0.31000000 	 688.68922293 	 0.01652339 	 4.04359743 
0.31500000 	 712.16632761 	 0.01594937 	 4.04377179 
0.32000000 	 737.25484666 	 0.01523460 	 4.04393834 
0.32500000 	 755.03899492 	 0.01458032 	 4.04409775 
0.33000000 	 762.31098452 	 0.01414925 	 4.04425245 
0.33500000 	 759.66283461 	 0.01394345 	 4.04440491 
0.34000000 	 748.87193672 	 0.01392568 	 4.04455718 
0.34500000 	 731.48741104 	 0.01413290 	 4.04471172 
0.35000000 	 708.77921740 	 0.01454852 	 4.04487081 
0.35500000 	 682.75223402 	 0.01509317 	 4.04503586 
0.36000000 	 657.64298389 	 0.01558578 	 4.04520631 
0.36500000 	 640.38339338 	 0.01585131 	 4.04537967 
0.37000000 	 638.14932203 	 0.01584043 	 4.04555291 
0.37500000 	 653.62881949 	 0.01547444 	 4.04572216 
0.38000000 	 681.93944969 	 0.01482437 	 4.04588431 
0.38500000 	 713.58968661 	 0.01402430 	 4.04603771 
0.39000000 	 739.73520625 	 0.01327390 	 4.04618291 
0.39500000 	 755.81812506 	 0.01272488 	 4.04632211 
0.40000000 	 761.27320913 	 0.01244764 	 4.04645828 
0.40500000 	 757.34978250 	 0.01239767 	 4.04659391 
0.41000000 	 746.87965512 	 0.01248057 	 4.04673045 
0.41500000 	 733.81059908 	 0.01263602 	 4.04686870 
0.42000000 	 722.17835576 	 0.01280012 	 4.04700875 
0.42500000 	 713.92682322 	 0.01295221 	 4.04715046 
0.43000000 	 707.11039063 	 0.01310739 	 4.04729388 
0.43500000 	 697.03713419 	 0.01328331 	 4.04743923 
0.44000000 	 680.40029818 	 0.01352936 	 4.04758727 
0.44500000 	 659.07548320 	 0.01375529 	 4.04773780 
0.45000000 	 639.83819023 	 0.01375411 	 4.04788831 
0.45500000 	 630.40029110 	 0.01351121 	 4.04803618 
0.46000000 	 634.16908255 	 0.01309854 	 4.04817953 
0.46500000 	 648.34855132 	 0.01256412 	 4.04831704 
0.47000000 	 666.85136003 	 0.01206175 	 4.04844905 
0.47500000 	 684.29003299 	 0.01165354 	 4.04857660 
0.48000000 	 697.36082262 	 0.01136421 	 4.04870099 
0.48500000 	 704.98673912 	 0.01126983 	 4.04882435 
0.49000000 	 708.35012003 	 0.01141329 	 4.04894928 
0.49500000 	 709.85547774 	 0.01163709 	 4.04907667 
0.50000000 	 710.75808019 	 0.01179673 	 4.04920581 
0.50500000 	 709.88701408 	 0.01190520 	 4.04933614 
0.51000000 	 705.25453632 	 0.01200324 	 4.04946755 
0.51500000 	 696.61176808 	 0.01211653 	 4.04960020 
0.52000000 	 686.32198123 	 0.01225246 	 4.04973434 
0.52500000 	 677.72405506 	 0.01233623 	 4.04986941 
0.53000000 	 673.22661396 	 0.01227986 	 4.05000386 
0.53500000 	 673.40652847 	 0.01206221 	 4.05013594 
0.54000000 	 676.08688760 	 0.01177466 	 4.05026487 
0.54500000 	 676.92736898 	 0.01155419 	 4.05039139 
0.55000000 	 672.69228191 	 0.01142436 	 4.05051649 
0.55500000 	 663.75467928 	 0.01134234 	 4.05064070 
0.56000000 	 654.12789925 	 0.01128294 	 4.05076426 
0.56500000 	 648.90318812 	 0.01122280 	 4.05088717 
0.57000000 	 650.90729831 	 0.01107664 	 4.05100847 
0.57500000 	 659.07197857 	 0.01084672 	 4.05112727 
0.58000000 	 669.51738114 	 0.01055817 	 4.05124291 
0.58500000 	 677.40464592 	 0.01031697 	 4.05135591 
0.59000000 	 678.56316809 	 0.01015368 	 4.05146712 
0.59500000 	 672.08129701 	 0.01012657 	 4.05157804 
0.60000000 	 661.00333672 	 0.01023495 	 4.05169015 
0.60500000 	 650.13905041 	 0.01041884 	 4.05180428 
0.61000000 	 644.03920551 	 0.01056082 	 4.05191997 
0.61500000 	 645.73250404 	 0.01055863 	 4.05203563 
0.62000000 	 656.21458339 	 0.01039750 	 4.05214954 
0.62500000 	 674.15748236 	 0.01007361 	 4.05225989 
0.63000000 	 695.50163758 	 0.00969044 	 4.05236606 
0.63500000 	 714.38967036 	 0.00936149 	 4.05246862 
0.64000000 	 725.31734590 	 0.00911099 	 4.05256844 
0.64500000 	 725.23558745 	 0.00900516 	 4.05266710 
0.65000000 	 714.69006943 	 0.00902100 	 4.05276594 
0.65500000 	 697.08864857 	 0.00914800 	 4.05286618 
0.66000000 	 676.95723710 	 0.00937126 	 4.05296886 
0.66500000 	 658.20313461 	 0.00959912 	 4.05307404 
0.67000000 	 643.19462300 	 0.00970878 	 4.05318042 
0.67500000 	 633.19164903 	 0.00967065 	 4.05328640 
0.68000000 	 628.58440737 	 0.00952395 	 4.05339076 
0.68500000 	 629.06146467 	 0.00928425 	 4.05349250 
0.69000000 	 634.00891119 	 0.00901521 	 4.05359130 
0.69500000 	 641.67318322 	 0.00881747 	 4.05368793 
0.70000000 	 648.87296300 	 0.00873317 	 4.05378364 
0.70500000 	 651.81688043 	 0.00878618 	 4.05387993 
0.71000000 	 647.68460186 	 0.00900750 	 4.05397865 
0.71500000 	 637.21988439 	 0.00932819 	 4.05408089 
0.72000000 	 625.70063492 	 0.00956035 	 4.05418568 
0.72500000 	 620.52169476 	 0.00961382 	 4.05429105 
0.73000000 	 626.28157876 	 0.00945308 	 4.05439467 
0.73500000 	 641.30612643 	 0.00910720 	 4.05449449 
0.74000000 	 658.25424875 	 0.00870692 	 4.05458993 
0.74500000 	 668.71951181 	 0.00847539 	 4.05468284 
0.75000000 	 668.62376535 	 0.00853223 	 4.05477637 
0.75500000 	 660.03705055 	 0.00874929 	 4.05487228 
0.76000000 	 648.59352393 	 0.00896391 	 4.05497055 
0.76500000 	 639.41158545 	 0.00905867 	 4.05506986 
0.77000000 	 634.80880624 	 0.00899372 	 4.05516845 
0.77500000 	 634.58215758 	 0.00877875 	 4.05526470 
0.78000000 	 638.05539224 	 0.00850689 	 4.05535796 
0.78500000 	 644.83864560 	 0.00822601 	 4.05544815 
0.79000000 	 654.08469020 	 0.00791311 	 4.05553491 
0.79500000 	 663.52862004 	 0.00759980 	 4.05561824 
0.80000000 	 669.08411161 	 0.00738329 	 4.05569919 
0.80500000 	 666.26603643 	 0.00737647 	 4.05578007 
0.81000000 	 653.44732782 	 0.00759018 	 4.05586330 
0.81500000 	 634.28035773 	 0.00791066 	 4.05595004 
0.82000000 	 616.56434775 	 0.00816389 	 4.05603956 
0.82500000 	 607.57631395 	 0.00823624 	 4.05612987 
0.83000000 	 609.05763527 	 0.00813028 	 4.05621903 
0.83500000 	 616.38956646 	 0.00794319 	 4.05630614 
0.84000000 	 622.68822094 	 0.00779601 	 4.05639163 
0.84500000 	 623.68274248 	 0.00773668 	 4.05647647 
0.85000000 	 619.38569685 	 0.00773644 	 4.05656132 
0.85500000 	 612.89716651 	 0.00770021 	 4.05664577 
0.86000000 	 608.39133692 	 0.00754360 	 4.05672850 
0.86500000 	 609.30230890 	 0.00726860 	 4.05680822 
0.87000000 	 616.85300012 	 0.00693044 	 4.05688423 
0.87500000 	 629.91097540 	 0.00655343 	 4.05695610 
0.88000000 	 646.28414813 	 0.00616299 	 4.05702370 
0.88500000 	 663.52425388 	 0.00584974 	 4.05708786 
0.89000000 	 678.90607870 	 0.00566230 	 4.05714996 
0.89500000 	 689.04577501 	 0.00563472 	 4.05721177 
0.90000000 	 689.94994870 	 0.00573336 	 4.05727465 
0.90500000 	 678.76179230 	 0.00591996 	 4.05733959 
0.91000000 	 655.99034271 	 0.00621980 	 4.05740781 
0.91500000 	 626.53546741 	 0.00658568 	 4.05748005 
0.92000000 	 598.80152807 	 0.00689907 	 4.05755573 
0.92500000 	 581.65315357 	 0.00699437 	 4.05763246 
0.93000000 	 580.11211113 	 0.00684985 	 4.05770760 
0.93500000 	 592.41248717 	 0.00659154 	 4.05777991 
0.94000000 	 611.14529838 	 0.00627584 	 4.05784875 
0.94500000 	 627.67750727 	 0.00597096 	 4.05791426 
0.95000000 	 635.99613540 	 0.00578448 	 4.05797771 
0.95500000 	 634.44835326 	 0.00577886 	 4.05804111 
0.96000000 	 625.77398664 	 0.00594063 	 4.05810629 
0.96500000 	 615.03340410 	 0.00618634 	 4.05817416 
0.97000000 	 606.65376332 	 0.00646876 	 4.05824513 
0.97500000 	 602.45155754 	 0.00667020 	 4.05831831 
0.98000000 	 602.48621944 	 0.00672588 	 4.05839210 
0.98500000 	 606.62751484 	 0.00658638 	 4.05846437 
0.99000000 	 614.69221104 	 0.00633540 	 4.05853388 
0.99500000 	 625.24476512 	 0.00605206 	 4.05860028 
1.00000000 	 634.85980889 	 0.00585550 	 4.05866453 
1.00500000 	 640.00036900 	 0.00577997 	 4.05872795 
1.01000000 	 639.10593823 	 0.00580686 	 4.05879167 
1.01500000 	 633.89913633 	 0.00583713 	 4.05885572 
1.02000000 	 628.78363643 	 0.00578689 	 4.05891922 
1.02500000 	 627.57535522 	 0.00566227 	 4.05898135 
1.03000000 	 630.37998418 	 0.00548513 	 4.05904154 
1.03500000 	 633.40667010 	 0.00527553 	 4.05909943 
1.04000000 	 631.95198256 	 0.00512264 	 4.05915564 
1.04500000 	 623.87220199 	 0.00507483 	 4.05921133 
1.05000000 	 611.01806335 	 0.00515331 	 4.05926788 
1.05500000 	 597.94052564 	 0.00533827 	 4.05932647 
1.06000000 	 589.34037518 	 0.00550157 	 4.05938684 
1.06500000 	 586.98029825 	 0.00563720 	 4.05944871 
1.07000000 	 587.71681652 	 0.00574831 	 4.05951179 
1.07500000 	 586.26427545 	 0.00587688 	 4.05957629 
1.08000000 	 580.55592350 	 0.00601975 	 4.05964236 
1.08500000 	 573.23666334 	 0.00612280 	 4.05970955 
1.09000000 	 568.59001054 	 0.00613833 	 4.05977692 
1.09500000 	 569.39011025 	 0.00606957 	 4.05984354 
1.10000000 	 575.81810956 	 0.00593239 	 4.05990865 
1.10500000 	 585.93459317 	 0.00572187 	 4.05997145 
1.11000000 	 597.55825091 	 0.00542094 	 4.06003095 
1.11500000 	 609.51207756 	 0.00505650 	 4.06008645 
1.12000000 	 621.14572007 	 0.00469504 	 4.06013799 
1.12500000 	 631.60482595 	 0.00435029 	 4.06018574 
1.13000000 	 639.82796626 	 0.00402263 	 4.06022989 
1.13500000 	 644.67877033 	 0.00378234 	 4.06027140 
1.14000000 	 645.07385083 	 0.00370897 	 4.06031212 
1.14500000 	 640.39996003 	 0.00385695 	 4.06035445 
1.15000000 	 631.19323199 	 0.00410116 	 4.06039947 
1.15500000 	 619.51552957 	 0.00435936 	 4.06044732 
1.16000000 	 608.24535509 	 0.00456781 	 4.06049746 
1.16500000 	 599.95485430 	 0.00464165 	 4.06054841 
1.17000000 	 596.18226846 	 0.00456197 	 4.06059849 
1.17500000 	 596.70488744 	 0.00444450 	 4.06064728 
1.18000000 	 599.37475793 	 0.00434871 	 4.06069502 
1.18500000 	 600.95076004 	 0.00428632 	 4.06074207 
1.19000000 	 598.87832248 	 0.00434175 	 4.06078973 
1.19500000 	 592.97243809 	 0.00449210 	 4.06083905 
1.20000000 	 585.37351447 	 0.00470825 	 4.06089073 
1.20500000 	 579.28514654 	 0.00489017 	 4.06094442 
1.21000000 	 577.24223063 	 0.00493303 	 4.06099858 
1.21500000 	 579.78899025 	 0.00485332 	 4.06105186 
1.22000000 	 585.89890715 	 0.00472880 	 4.06110377 
1.22500000 	 593.41214333 	 0.00454308 	 4.06115365 
1.23000000 	 599.43062148 	 0.00434101 	 4.06120131 
1.23500000 	 601.97592009 	 0.00421376 	 4.06124757 
1.24000000 	 601.57176365 	 0.00416262 	 4.06129328 
1.24500000 	 600.45059981 	 0.00411947 	 4.06133850 
1.25000000 	 600.34850732 	 0.00403455 	 4.06138280 
1.25500000 	 600.95550938 	 0.00394498 	 4.06142611 
1.26000000 	 600.13584263 	 0.00394566 	 4.06146943 
1.26500000 	 596.30254961 	 0.00402250 	 4.06151360 
1.27000000 	 590.34990105 	 0.00413024 	 4.06155895 
1.27500000 	 585.13768597 	 0.00424385 	 4.06160555 
1.28000000 	 583.17884836 	 0.00430491 	 4.06165281 
1.28500000 	 585.21809401 	 0.00428689 	 4.06169988 
1.29000000 	 589.91892103 	 0.00418938 	 4.06174588 
1.29500000 	 594.12784701 	 0.00413074 	 4.06179124 
1.30000000 	 594.50872228 	 0.00416682 	 4.06183699 
1.30500000 	 590.18340922 	 0.00433297 	 4.06188457 
1.31000000 	 583.77645184 	 0.00449798 	 4.06193397 
1.31500000 	 579.65791267 	 0.00448952 	 4.06198326 
1.32000000 	 580.97679497 	 0.00431604 	 4.06203066 
1.32500000 	 587.99333132 	 0.00403247 	 4.06207494 
1.33000000 	 598.63350831 	 0.00371394 	 4.06211572 
1.33500000 	 609.56278236 	 0.00339782 	 4.06215304 
1.34000000 	 616.33783733 	 0.00316123 	 4.06218775 
1.34500000 	 614.83140908 	 0.00306710 	 4.06222143 
1.35000000 	 604.46625013 	 0.00310744 	 4.06225555 
1.35500000 	 589.97230455 	 0.00321689 	 4.06229088 
1.36000000 	 579.10772552 	 0.00331084 	 4.06232723 
1.36500000 	 577.34211393 	 0.00334531 	 4.06236397 
1.37000000 	 583.74869086 	 0.00336069 	 4.06240088 
1.37500000 	 592.10246012 	 0.00336470 	 4.06243783 
1.38000000 	 595.73277810 	 0.00341912 	 4.06247538 
1.38500000 	 591.75812774 	 0.00353528 	 4.06251420 
1.39000000 	 582.17945344 	 0.00365622 	 4.06255435 
1.39500000 	 571.90449681 	 0.00381327 	 4.06259623 
1.40000000 	 565.93967577 	 0.00398545 	 4.06264000 
1.40500000 	 566.57866090 	 0.00407554 	 4.06268476 
1.41000000 	 572.04200357 	 0.00402994 	 4.06272903 
1.41500000 	 577.94151876 	 0.00392246 	 4.06277211 
1.42000000 	 580.40213600 	 0.00380835 	 4.06281393 
1.42500000 	 578.51316976 	 0.00371881 	 4.06285478 
1.43000000 	 573.98884169 	 0.00371842 	 4.06289562 
1.43500000 	 569.26917987 	 0.00381481 	 4.06293752 
1.44000000 	 566.21220381 	 0.00394552 	 4.06298085 
1.44500000 	 565.45819915 	 0.00403324 	 4.06302515 
1.45000000 	 566.90568219 	 0.00403003 	 4.06306942 
1.45500000 	 570.65425960 	 0.00394572 	 4.06311276 
1.46000000 	 576.46539496 	 0.00377748 	 4.06315425 
1.46500000 	 582.61868536 	 0.00359928 	 4.06319378 
1.47000000 	 586.67174294 	 0.00342497 	 4.06323140 
1.47500000 	 587.35812759 	 0.00331269 	 4.06326779 
1.48000000 	 585.44140345 	 0.00323513 	 4.06330332 
1.48500000 	 583.31221987 	 0.00317826 	 4.06333823 
1.49000000 	 582.94083201 	 0.00313568 	 4.06337268 
1.49500000 	 584.29649906 	 0.00304881 	 4.06340616 
1.50000000 	 585.74389808 	 0.00297194 	 4.06343881 
1.50500000 	 585.01447751 	 0.00298959 	 4.06347165 
1.51000000 	 580.42055577 	 0.00308495 	 4.06350553 
1.51500000 	 572.23122023 	 0.00322170 	 4.06354092 
1.52000000 	 563.47747981 	 0.00334271 	 4.06357764 
1.52500000 	 558.62946484 	 0.00339966 	 4.06361499 
1.53000000 	 560.64891299 	 0.00334829 	 4.06365177 
1.53500000 	 568.91419124 	 0.00318499 	 4.06368676 
1.54000000 	 579.88418022 	 0.00292350 	 4.06371887 
1.54500000 	 589.09963181 	 0.00261346 	 4.06374758 
1.55000000 	 592.90058528 	 0.00232904 	 4.06377316 
1.55500000 	 589.96076604 	 0.00218330 	 4.06379714 
1.56000000 	 582.60335475 	 0.00217370 	 4.06382102 
1.56500000 	 575.87779393 	 0.00220304 	 4.06384522 
1.57000000 	 574.43761670 	 0.00219109 	 4.06386929 
1.57500000 	 579.79639208 	 0.00215371 	 4.06389295 
1.58000000 	 589.23916974 	 0.00208581 	 4.06391586 
1.58500000 	 597.19895744 	 0.00205702 	 4.06393845 
1.59000000 	 598.60053769 	 0.00210207 	 4.06396154 
1.59500000 	 591.66538653 	 0.00227224 	 4.06398651 
1.60000000 	 578.28398232 	 0.00257428 	 4.06401478 
1.60500000 	 562.79194831 	 0.00287383 	 4.06404636 
1.61000000 	 549.79505022 	 0.00305609 	 4.06407993 
1.61500000 	 542.11731428 	 0.00310278 	 4.06411402 
1.62000000 	 540.09569505 	 0.00303062 	 4.06414731 
1.62500000 	 542.00295735 	 0.00289637 	 4.06417913 
1.63000000 	 545.58989049 	 0.00277623 	 4.06420963 
1.63500000 	 549.32994714 	 0.00267092 	 4.06423898 
1.64000000 	 552.20835034 	 0.00256794 	 4.06426719 
1.64500000 	 553.69625360 	 0.00249143 	 4.06429456 
1.65000000 	 553.89323539 	 0.00243992 	 4.06432136 
1.65500000 	 553.23089252 	 0.00244151 	 4.06434819 
1.66000000 	 552.51961888 	 0.00248141 	 4.06437545 
1.66500000 	 552.79736581 	 0.00249756 	 4.06440289 
1.67000000 	 554.49126143 	 0.00242997 	 4.06442958 
1.67500000 	 556.97932748 	 0.00234739 	 4.06445537 
1.68000000 	 559.47975363 	 0.00235159 	 4.06448121 
1.68500000 	 561.84590691 	 0.00243007 	 4.06450791 
1.69000000 	 564.37399404 	 0.00254836 	 4.06453591 
1.69500000 	 567.10516705 	 0.00266538 	 4.06456519 
1.70000000 	 569.08186522 	 0.00271510 	 4.06459502 
1.70500000 	 568.72780990 	 0.00273713 	 4.06462510 
1.71000000 	 565.53530970 	 0.00281741 	 4.06465605 
1.71500000 	 560.90657342 	 0.00296082 	 4.06468858 
1.72000000 	 557.48514276 	 0.00306669 	 4.06472228 
1.72500000 	 558.00019136 	 0.00302175 	 4.06475548 
1.73000000 	 564.02998306 	 0.00280871 	 4.06478634 
1.73500000 	 574.81652809 	 0.00248583 	 4.06481366 
1.74000000 	 586.97699561 	 0.00215259 	 4.06483731 
1.74500000 	 595.97964271 	 0.00189870 	 4.06485817 
1.75000000 	 598.68201812 	 0.00176371 	 4.06487755 
1.75500000 	 594.34500649 	 0.00175900 	 4.06489687 
1.76000000 	 583.80414424 	 0.00185725 	 4.06491728 
1.76500000 	 568.92475293 	 0.00201517 	 4.06493942 
1.77000000 	 552.84599369 	 0.00222347 	 4.06496385 
1.77500000 	 538.95380359 	 0.00245829 	 4.06499086 
1.78000000 	 529.14215152 	 0.00265685 	 4.06502005 
1.78500000 	 523.50507731 	 0.00278334 	 4.06505064 
1.79000000 	 521.32834735 	 0.00279488 	 4.06508135 
1.79500000 	 522.58346374 	 0.00269957 	 4.06511102 
1.80000000 	 528.49266612 	 0.00253996 	 4.06513893 
1.80500000 	 539.91614522 	 0.00229154 	 4.06516411 
1.81000000 	 555.69246362 	 0.00195994 	 4.06518564 
1.81500000 	 572.76794013 	 0.00160998 	 4.06520333 
1.82000000 	 587.96195360 	 0.00126219 	 4.06521720 
1.82500000 	 599.43091479 	 0.00093208 	 4.06522743 
1.83000000 	 606.25281803 	 0.00076972 	 4.06523589 
1.83500000 	 607.00252841 	 0.00081864 	 4.06524488 
1.84000000 	 600.10016973 	 0.00102288 	 4.06525612 
1.84500000 	 585.34592322 	 0.00138737 	 4.06527136 
1.85000000 	 564.78066946 	 0.00184241 	 4.06529160 
1.85500000 	 543.18642035 	 0.00228038 	 4.06531666 
1.86000000 	 526.80281921 	 0.00253786 	 4.06534455 
1.86500000 	 520.33417061 	 0.00255986 	 4.06537268 
1.87000000 	 524.33179814 	 0.00236299 	 4.06539865 
1.87500000 	 534.92934903 	 0.00202592 	 4.06542091 
1.88000000 	 546.12244064 	 0.00166871 	 4.06543924 
1.88500000 	 552.81460224 	 0.00144082 	 4.06545508 
1.89000000 	 553.28020981 	 0.00130900 	 4.06546946 
1.89500000 	 549.78532951 	 0.00128150 	 4.06548354 
1.90000000 	 546.97179827 	 0.00134238 	 4.06549829 
1.90500000 	 548.15600885 	 0.00143829 	 4.06551409 
1.91000000 	 552.64641270 	 0.00155116 	 4.06553113 
1.91500000 	 556.96042071 	 0.00164327 	 4.06554919 
1.92000000 	 558.03682035 	 0.00171500 	 4.06556803 
1.92500000 	 555.59343304 	 0.00179717 	 4.06558778 
1.93000000 	 552.02999766 	 0.00187471 	 4.06560838 
1.93500000 	 550.18967865 	 0.00190500 	 4.06562932 
1.94000000 	 551.19530028 	 0.00184051 	 4.06564954 
1.94500000 	 554.02968571 	 0.00173589 	 4.06566862 
1.95000000 	 556.79145704 	 0.00160889 	 4.06568630 
1.95500000 	 558.10352575 	 0.00145674 	 4.06570230 
1.96000000 	 557.32936774 	 0.00133261 	 4.06571695 
1.96500000 	 554.84799130 	 0.00127101 	 4.06573091 
1.97000000 	 552.32682084 	 0.00129638 	 4.06574516 
1.97500000 	 551.44122313 	 0.00132585 	 4.06575972 
1.98000000 	 552.67346920 	 0.00130475 	 4.06577406 
1.98500000 	 555.72057201 	 0.00124357 	 4.06578772 
1.99000000 	 559.62408143 	 0.00111003 	 4.06579992 
1.99500000 	 563.00333069 	 0.00096896 	 4.06581056 
2.00000000 	 564.94935692 	 0.00088009 	 4.06582023 
2.00500000 	 564.97163126 	 0.00085371 	 4.06582961 
2.01000000 	 562.25313355 	 0.00093990 	 4.06583994 
2.01500000 	 555.49064792 	 0.00113917 	 4.06585245 
2.02000000 	 543.92655232 	 0.00141076 	 4.06586795 
2.02500000 	 528.98098305 	 0.00172189 	 4.06588688 
2.03000000 	 514.57182828 	 0.00198352 	 4.06590867 
2.03500000 	 505.59492711 	 0.00215409 	 4.06593235 
2.04000000 	 505.63747449 	 0.00217725 	 4.06595628 
2.04500000 	 514.87452969 	 0.00205996 	 4.06597892 
2.05000000 	 529.89965132 	 0.00185660 	 4.06599932 
2.05500000 	 546.28306852 	 0.00158550 	 4.06601674 
2.06000000 	 561.29699157 	 0.00126773 	 4.06603067 
2.06500000 	 573.99317351 	 0.00095277 	 4.06604114 
2.07000000 	 583.75935355 	 0.00071273 	 4.06604897 
2.07500000 	 589.19692873 	 0.00058924 	 4.06605544 
2.08000000 	 587.80920484 	 0.00061320 	 4.06606218 
2.08500000 	 577.41003569 	 0.00082293 	 4.06607122 
2.09000000 	 558.22330522 	 0.00121385 	 4.06608455 
2.09500000 	 534.43916998 	 0.00168600 	 4.06610308 
2.10000000 	 513.42951872 	 0.00207185 	 4.06612585 
2.10500000 	 502.29412675 	 0.00223072 	 4.06615037 
2.11000000 	 504.48468113 	 0.00214323 	 4.06617393 
2.11500000 	 518.13387202 	 0.00181817 	 4.06619391 
2.12000000 	 537.25595913 	 0.00135231 	 4.06620877 
2.12500000 	 554.87542721 	 0.00091493 	 4.06621882 
2.13000000 	 565.65907892 	 0.00065410 	 4.06622601 
2.13500000 	 567.30661240 	 0.00063172 	 4.06623294 
2.14000000 	 560.66574864 	 0.00082781 	 4.06624204 
2.14500000 	 548.69560587 	 0.00116688 	 4.06625486 
2.15000000 	 535.21829505 	 0.00150237 	 4.06627137 
2.15500000 	 523.90545451 	 0.00172933 	 4.06629038 
2.16000000 	 517.59487657 	 0.00180928 	 4.06631026 
2.16500000 	 517.34084109 	 0.00178714 	 4.06632990 
2.17000000 	 521.68759864 	 0.00166972 	 4.06634825 
2.17500000 	 527.67062582 	 0.00146643 	 4.06636437 
2.18000000 	 532.99255348 	 0.00121765 	 4.06637775 
2.18500000 	 537.60605760 	 0.00100511 	 4.06638879 
2.19000000 	 542.88189125 	 0.00085848 	 4.06639823 
2.19500000 	 549.28549967 	 0.00071702 	 4.06640610 
2.20000000 	 555.96768289 	 0.00065451 	 4.06641329 
2.20500000 	 562.13752304 	 0.00063981 	 4.06642032 
2.21000000 	 567.34555914 	 0.00060636 	 4.06642698 
2.21500000 	 570.72075698 	 0.00059677 	 4.06643353 
2.22000000 	 570.70850845 	 0.00068985 	 4.06644111 
2.22500000 	 565.73419108 	 0.00086478 	 4.06645061 
2.23000000 	 555.61563997 	 0.00110173 	 4.06646272 
2.23500000 	 542.34857575 	 0.00134025 	 4.06647745 
2.24000000 	 529.29260374 	 0.00158273 	 4.06649484 
2.24500000 	 519.72992407 	 0.00177185 	 4.06651432 
2.25000000 	 515.57359210 	 0.00182557 	 4.06653438 
2.25500000 	 516.51261166 	 0.00174385 	 4.06655355 
2.26000000 	 520.12077173 	 0.00152733 	 4.06657034 
2.26500000 	 523.56579257 	 0.00129256 	 4.06658454 
2.27000000 	 526.01055116 	 0.00110361 	 4.06659667 
2.27500000 	 529.19188779 	 0.00094894 	 4.06660710 
2.28000000 	 535.64176970 	 0.00076898 	 4.06661555 
2.28500000 	 545.74319097 	 0.00060976 	 4.06662224 
2.29000000 	 556.45612850 	 0.00051933 	 4.06662795 
2.29500000 	 563.80428534 	 0.00049369 	 4.06663337 
2.30000000 	 566.20791799 	 0.00052124 	 4.06663909 
2.30500000 	 565.10388566 	 0.00062525 	 4.06664596 
2.31000000 	 563.03018807 	 0.00072240 	 4.06665390 
2.31500000 	 560.92010808 	 0.00074956 	 4.06666213 
2.32000000 	 557.45636970 	 0.00073079 	 4.06667016 
2.32500000 	 551.27945633 	 0.00073635 	 4.06667825 
2.33000000 	 542.95411761 	 0.00079572 	 4.06668699 
2.33500000 	 534.57605742 	 0.00086779 	 4.06669653 
2.34000000 	 527.76550190 	 0.00089649 	 4.06670638 
2.34500000 	 522.60975695 	 0.00085398 	 4.06671576 
2.35000000 	 518.64494440 	 0.00079767 	 4.06672452 
2.35500000 	 516.27443843 	 0.00072459 	 4.06673248 
2.36000000 	 516.56951399 	 0.00062261 	 4.06673932 
2.36500000 	 519.44638118 	 0.00056064 	 4.06674548 
2.37000000 	 522.91222598 	 0.00054689 	 4.06675149 
2.37500000 	 524.75008670 	 0.00055777 	 4.06675761 
2.38000000 	 524.56844455 	 0.00062291 	 4.06676446 
2.38500000 	 523.84819884 	 0.00072957 	 4.06677247 
2.39000000 	 524.49153121 	 0.00087862 	 4.06678213 
2.39500000 	 527.44363531 	 0.00099922 	 4.06679311 
2.40000000 	 532.46337418 	 0.00102859 	 4.06680441 
2.40500000 	 538.86074041 	 0.00102814 	 4.06681571 
2.41000000 	 546.01827012 	 0.00102570 	 4.06682698 
2.41500000 	 553.42480995 	 0.00101125 	 4.06683809 
2.42000000 	 560.22900969 	 0.00100108 	 4.06684909 
2.42500000 	 564.98596270 	 0.00098456 	 4.06685991 
2.43000000 	 566.52020593 	 0.00094749 	 4.06687032 
2.43500000 	 564.93706701 	 0.00085516 	 4.06687972 
2.44000000 	 561.57195037 	 0.00073798 	 4.06688783 
2.44500000 	 558.59553476 	 0.00056948 	 4.06689408 
2.45000000 	 558.25414433 	 0.00027382 	 4.06689709 
2.45500000 	 561.26162431 	 -0.00014025 	 4.06689554 
2.46000000 	 565.54882367 	 -0.00053992 	 4.06688959 
2.46500000 	 567.04762620 	 -0.00078455 	 4.06688096 
2.47000000 	 561.77322654 	 -0.00077886 	 4.06687239 
2.47500000 	 548.14406330 	 -0.00053194 	 4.06686653 
2.48000000 	 528.36046290 	 -0.00013856 	 4.06686500 
2.48500000 	 507.11813195 	 0.00032564 	 4.06686858 
2.49000000 	 489.37935907 	 0.00078291 	 4.06687718 
2.49500000 	 478.37920586 	 0.00110008 	 4.06688927 
2.50000000 	 474.76795802 	 0.00122127 	 4.06690269 
2.50500000 	 477.36439814 	 0.00114495 	 4.06691527 
2.51000000 	 484.33217584 	 0.00095730 	 4.06692579 
2.51500000 	 493.82543801 	 0.00071527 	 4.06693365 
2.52000000 	 504.28488652 	 0.00046198 	 4.06693872 
2.52500000 	 514.65746012 	 0.00021585 	 4.06694109 
2.53000000 	 524.53866338 	 -0.00002472 	 4.06694081 
2.53500000 	 534.01352557 	 -0.00022083 	 4.06693838 
2.54000000 	 543.23866621 	 -0.00033694 	 4.06693467 
2.54500000 	 551.64287309 	 -0.00034676 	 4.06693085 
2.55000000 	 557.41727774 	 -0.00028152 	 4.06692774 
2.55500000 	 558.36456223 	 -0.00017870 	 4.06692577 
2.56000000 	 553.30526919 	 -0.00000181 	 4.06692574 
2.56500000 	 543.17241936 	 0.00019191 	 4.06692785 
2.57000000 	 530.84708405 	 0.00039217 	 4.06693215 
2.57500000 	 519.99772828 	 0.00052326 	 4.06693790 
2.58000000 	 513.83625394 	 0.00056312 	 4.06694409 
2.58500000 	 513.95385327 	 0.00050589 	 4.06694964 
2.59000000 	 519.34422972 	 0.00037670 	 4.06695378 
2.59500000 	 526.77720455 	 0.00024198 	 4.06695643 
2.60000000 	 532.80867791 	 0.00016945 	 4.06695829 
2.60500000 	 535.46025281 	 0.00019867 	 4.06696047 
2.61000000 	 534.73753811 	 0.00031281 	 4.06696390 
2.61500000 	 531.82709071 	 0.00045415 	 4.06696889 
2.62000000 	 527.57664273 	 0.00055799 	 4.06697501 
2.62500000 	 522.18084980 	 0.00067152 	 4.06698239 
2.63000000 	 516.25514900 	 0.00081285 	 4.06699132 
2.63500000 	 511.94747347 	 0.00092354 	 4.06700147 
2.64000000 	 512.78643352 	 0.00090135 	 4.06701138 
2.64500000 	 521.36470066 	 0.00070364 	 4.06701911 
2.65000000 	 536.84825557 	 0.00040631 	 4.06702357 
2.65500000 	 554.88824795 	 0.00006386 	 4.06702426 
2.66000000 	 569.50402577 	 -0.00017862 	 4.06702229 
2.66500000 	 575.72237463 	 -0.00022216 	 4.06701984 
2.67000000 	 571.63849069 	 -0.00008189 	 4.06701894 
2.67500000 	 559.00885765 	 0.00014749 	 4.06702055 
2.68000000 	 542.76457689 	 0.00038055 	 4.06702473 
2.68500000 	 529.25412626 	 0.00049682 	 4.06703018 
2.69000000 	 523.01555564 	 0.00042380 	 4.06703484 
2.69500000 	 524.40166813 	 0.00025883 	 4.06703768 
2.70000000 	 529.98172973 	 0.00007350 	 4.06703848 
2.70500000 	 534.72764308 	 -0.00008443 	 4.06703754 
2.71000000 	 534.86473530 	 -0.00011444 	 4.06703628 
2.71500000 	 529.58603202 	 -0.00003141 	 4.06703593 
2.72000000 	 520.97536200 	 0.00016193 	 4.06703770 
2.72500000 	 512.39764285 	 0.00038162 	 4.06704189 
2.73000000 	 506.49129533 	 0.00059147 	 4.06704839 
2.73500000 	 504.02744305 	 0.00071985 	 4.06705630 
2.74000000 	 504.23856948 	 0.00077433 	 4.06706480 
2.74500000 	 506.11061563 	 0.00080190 	 4.06707361 
2.75000000 	 508.90376025 	 0.00081071 	 4.06708252 
2.75500000 	 512.19741959 	 0.00078970 	 4.06709120 
2.76000000 	 515.83214230 	 0.00072980 	 4.06709922 
2.76500000 	 519.70330579 	 0.00063417 	 4.06710618 
2.77000000 	 523.74035165 	 0.00050086 	 4.06711169 
2.77500000 	 527.64945344 	 0.00036543 	 4.06711570 
2.78000000 	 530.86269334 	 0.00027381 	 4.06711870 
2.78500000 	 533.20363371 	 0.00019840 	 4.06712088 
2.79000000 	 535.39171825 	 0.00013417 	 4.06712234 
2.79500000 	 538.42782127 	 0.00003215 	 4.06712269 
2.80000000 	 543.03249385 	 -0.00013593 	 4.06712119 
2.80500000 	 548.92678177 	 -0.00031416 	 4.06711773 
2.81000000 	 553.93197534 	 -0.00039283 	 4.06711340 
2.81500000 	 554.49902178 	 -0.00031263 	 4.06710996 
2.82000000 	 547.85777721 	 -0.00007460 	 4.06710913 
2.82500000 	 534.33840442 	 0.00027440 	 4.06711214 
2.83000000 	 517.72263956 	 0.00061993 	 4.06711895 
2.83500000 	 503.51725128 	 0.00086350 	 4.06712844 
2.84000000 	 496.14508890 	 0.00099210 	 4.06713934 
2.84500000 	 497.26870991 	 0.00100543 	 4.06715039 
2.85000000 	 505.96576739 	 0.00088221 	 4.06716009 
2.85500000 	 519.30777474 	 0.00062931 	 4.06716700 
2.86000000 	 533.01884676 	 0.00029233 	 4.06717021 
2.86500000 	 542.68747545 	 -0.00002183 	 4.06716996 
2.87000000 	 545.78062496 	 -0.00020634 	 4.06716768 
2.87500000 	 542.92003125 	 -0.00022997 	 4.06716515 
2.88000000 	 536.75326029 	 -0.00014353 	 4.06716356 
2.88500000 	 529.46730406 	 -0.00001140 	 4.06716343 
2.89000000 	 521.73939859 	 0.00017996 	 4.06716540 
2.89500000 	 513.65662919 	 0.00038490 	 4.06716963 
2.90000000 	 506.02361162 	 0.00056319 	 4.06717582 
2.90500000 	 500.70027354 	 0.00067437 	 4.06718322 
2.91000000 	 499.73320043 	 0.00071277 	 4.06719106 
2.91500000 	 503.97770334 	 0.00063052 	 4.06719798 
2.92000000 	 512.37302346 	 0.00041363 	 4.06720252 
2.92500000 	 522.29057996 	 0.00013835 	 4.06720404 
2.93000000 	 530.27361858 	 -0.00013878 	 4.06720251 
2.93500000 	 533.61671479 	 -0.00031897 	 4.06719899 
2.94000000 	 531.76565581 	 -0.00038862 	 4.06719471 
2.94500000 	 526.22544985 	 -0.00036076 	 4.06719074 
2.95000000 	 519.41655581 	 -0.00022982 	 4.06718820 
2.95500000 	 513.29480376 	 -0.00003997 	 4.06718776 
2.96000000 	 508.68712539 	 0.00015893 	 4.06718950 
2.96500000 	 505.89958567 	 0.00033939 	 4.06719322 
2.97000000 	 505.36340215 	 0.00047595 	 4.06719845 
2.97500000 	 507.31166592 	 0.00056679 	 4.06720468 
2.98000000 	 511.13871892 	 0.00061967 	 4.06721148 
2.98500000 	 515.31270176 	 0.00065059 	 4.06721863 
2.99000000 	 518.52077775 	 0.00064439 	 4.06722571 
2.99500000 	 521.02242201 	 0.00059539 	 4.06723225 
3.00000000 	 524.09523751 	 0.00053311 	 4.06723811 
3.00500000 	 528.19983974 	 0.00048363 	 4.06724342 
3.01000000 	 532.40967622 	 0.00040723 	 4.06724789 
3.01500000 	 535.39650651 	 0.00028128 	 4.06725098 
3.02000000 	 536.36098121 	 0.00017444 	 4.06725289 
3.02500000 	 535.37357644 	 0.00012832 	 4.06725429 
3.03000000 	 533.09139872 	 0.00013413 	 4.06725576 
3.03500000 	 530.10931159 	 0.00017540 	 4.06725768 
3.04000000 	 527.12437114 	 0.00024312 	 4.06726035 
3.04500000 	 525.15288591 	 0.00027659 	 4.06726338 
3.05000000 	 525.13453955 	 0.00023751 	 4.06726599 
3.05500000 	 527.13336953 	 0.00013370 	 4.06726745 
3.06000000 	 529.48027549 	 0.00001514 	 4.06726761 
3.06500000 	 529.63379641 	 -0.00004359 	 4.06726713 
3.07000000 	 526.45716877 	 -0.00003586 	 4.06726672 
3.07500000 	 521.54903003 	 -0.00002078 	 4.06726649 
3.08000000 	 518.31208607 	 -0.00002247 	 4.06726624 
3.08500000 	 519.33541084 	 -0.00005015 	 4.06726568 
3.09000000 	 523.98933160 	 -0.00012356 	 4.06726431 
3.09500000 	 529.09143332 	 -0.00018580 	 4.06726226 
3.10000000 	 531.71067397 	 -0.00019258 	 4.06726014 
3.10500000 	 530.60614071 	 -0.00012316 	 4.06725878 
3.11000000 	 525.98831694 	 0.00000599 	 4.06725883 
3.11500000 	 518.69270893 	 0.00017167 	 4.06726072 
3.12000000 	 509.87270774 	 0.00035059 	 4.06726456 
3.12500000 	 501.24122814 	 0.00051529 	 4.06727022 
3.13000000 	 494.73364740 	 0.00060023 	 4.06727682 
3.13500000 	 491.87570629 	 0.00056103 	 4.06728298 
3.14000000 	 493.60336726 	 0.00043098 	 4.06728771 
3.14500000 	 500.06308415 	 0.00024466 	 4.06729040 
3.15000000 	 510.12854042 	 0.00001291 	 4.06729053 
3.15500000 	 521.19582923 	 -0.00022358 	 4.06728807 
3.16000000 	 529.88177221 	 -0.00035748 	 4.06728413 
3.16500000 	 533.58125033 	 -0.00035745 	 4.06728019 
3.17000000 	 531.49632895 	 -0.00028159 	 4.06727709 
3.17500000 	 524.93344071 	 -0.00015470 	 4.06727538 
3.18000000 	 516.87556664 	 0.00000612 	 4.06727544 
3.18500000 	 510.76367650 	 0.00018930 	 4.06727751 
3.19000000 	 508.88248083 	 0.00036588 	 4.06728153 
3.19500000 	 511.22222525 	 0.00046646 	 4.06728665 
3.20000000 	 516.24256453 	 0.00048439 	 4.06729197 
3.20500000 	 522.45457297 	 0.00040722 	 4.06729644 
3.21000000 	 528.82538796 	 0.00026475 	 4.06729935 
3.21500000 	 534.29660345 	 0.00010376 	 4.06730048 
3.22000000 	 537.38208655 	 -0.00003760 	 4.06730006 
3.22500000 	 536.86653619 	 -0.00009122 	 4.06729905 
3.23000000 	 533.19696676 	 -0.00007053 	 4.06729827 
3.23500000 	 528.57656459 	 -0.00005915 	 4.06729761 
3.24000000 	 525.35121557 	 -0.00010792 	 4.06729642 
3.24500000 	 524.69356147 	 -0.00017897 	 4.06729444 
3.25000000 	 526.18460788 	 -0.00028247 	 4.06729133 
3.25500000 	 527.84036797 	 -0.00037482 	 4.06728720 
3.26000000 	 527.36540615 	 -0.00040565 	 4.06728273 
3.26500000 	 523.74984263 	 -0.00031677 	 4.06727924 
3.27000000 	 517.52982039 	 -0.00018070 	 4.06727725 
3.27500000 	 510.28790895 	 -0.00003316 	 4.06727688 
3.28000000 	 504.12182505 	 0.00007051 	 4.06727765 
3.28500000 	 500.81863630 	 0.00011099 	 4.06727886 
3.29000000 	 501.18599862 	 0.00009579 	 4.06727991 
3.29500000 	 505.16427469 	 0.00002643 	 4.06728019 
3.30000000 	 512.03731895 	 -0.00007179 	 4.06727940 
3.30500000 	 520.74876120 	 -0.00021488 	 4.06727703 
3.31000000 	 529.93527577 	 -0.00042785 	 4.06727231 
3.31500000 	 537.73911581 	 -0.00066448 	 4.06726500 
3.32000000 	 542.02590908 	 -0.00090367 	 4.06725505 
3.32500000 	 541.22999884 	 -0.00104781 	 4.06724352 
3.33000000 	 535.16506228 	 -0.00104346 	 4.06723204 
3.33500000 	 525.48774496 	 -0.00091013 	 4.06722203 
3.34000000 	 515.25080839 	 -0.00070836 	 4.06721423 
3.34500000 	 507.49431183 	 -0.00054725 	 4.06720821 
3.35000000 	 503.88921178 	 -0.00047526 	 4.06720297 
3.35500000 	 503.90313771 	 -0.00046615 	 4.06719784 
3.36000000 	 505.18342934 	 -0.00048709 	 4.06719248 
3.36500000 	 505.55072549 	 -0.00050465 	 4.06718692 
3.37000000 	 504.69940530 	 -0.00050533 	 4.06718136 
3.37500000 	 503.76611927 	 -0.00049614 	 4.06717589 
3.38000000 	 504.13929305 	 -0.00045725 	 4.06717086 
3.38500000 	 506.72913991 	 -0.00039448 	 4.06716651 
3.39000000 	 511.92639723 	 -0.00030747 	 4.06716312 
3.39500000 	 519.69060285 	 -0.00028785 	 4.06715995 
3.40000000 	 529.30951668 	 -0.00040900 	 4.06715545 
3.40500000 	 539.11119462 	 -0.00064145 	 4.06714839 
3.41000000 	 546.65775527 	 -0.00087771 	 4.06713873 
3.41500000 	 549.50985935 	 -0.00101744 	 4.06712753 
3.42000000 	 546.10637940 	 -0.00108874 	 4.06711555 
3.42500000 	 536.66515047 	 -0.00101876 	 4.06710434 
3.43000000 	 523.07990781 	 -0.00081487 	 4.06709538 
3.43500000 	 508.19076178 	 -0.00054368 	 4.06708939 
3.44000000 	 494.98288260 	 -0.00029114 	 4.06708618 
3.44500000 	 485.85958109 	 -0.00015044 	 4.06708452 
3.45000000 	 482.46041515 	 -0.00011602 	 4.06708324 
3.45500000 	 485.34697023 	 -0.00016522 	 4.06708141 
3.46000000 	 493.23847543 	 -0.00024735 	 4.06707869 
3.46500000 	 502.97425930 	 -0.00031767 	 4.06707519 
3.47000000 	 510.72122579 	 -0.00035537 	 4.06707127 
3.47500000 	 513.74951820 	 -0.00032983 	 4.06706764 
3.48000000 	 511.87707483 	 -0.00024385 	 4.06706495 
3.48500000 	 507.36148666 	 -0.00012849 	 4.06706353 
3.49000000 	 503.37902780 	 -0.00001696 	 4.06706334 
3.49500000 	 502.43083953 	 0.00002533 	 4.06706361 
3.50000000 	 505.65393033 	 -0.00002532 	 4.06706332 
3.50500000 	 512.72166746 	 -0.00017160 	 4.06706143 
3.51000000 	 522.11067379 	 -0.00035545 	 4.06705751 
3.51500000 	 531.49003647 	 -0.00050478 	 4.06705196 
3.52000000 	 538.23175031 	 -0.00063153 	 4.06704500 
3.52500000 	 540.56700089 	 -0.00073208 	 4.06703695 
3.53000000 	 538.32929653 	 -0.00078593 	 4.06702830 
3.53500000 	 532.35328941 	 -0.00070364 	 4.06702055 
3.54000000 	 523.79974496 	 -0.00045499 	 4.06701554 
3.54500000 	 514.00946283 	 -0.00013831 	 4.06701402 
3.55000000 	 504.86618349 	 0.00017498 	 4.06701593 
3.55500000 	 498.76775136 	 0.00038112 	 4.06702012 
3.56000000 	 497.97966906 	 0.00041731 	 4.06702470 
3.56500000 	 503.47855536 	 0.00028559 	 4.06702783 
3.57000000 	 513.94091623 	 0.00001978 	 4.06702804 
3.57500000 	 526.01013289 	 -0.00027783 	 4.06702498 
3.58000000 	 535.53164851 	 -0.00050274 	 4.06701945 
3.58500000 	 539.10084761 	 -0.00060129 	 4.06701283 
3.59000000 	 535.31322252 	 -0.00056734 	 4.06700658 
3.59500000 	 525.08879763 	 -0.00040920 	 4.06700208 
3.60000000 	 511.12160277 	 -0.00014199 	 4.06700051 
3.60500000 	 497.12242959 	 0.00019340 	 4.06700263 
3.61000000 	 486.95620189 	 0.00046502 	 4.06700773 
3.61500000 	 483.21640875 	 0.00056186 	 4.06701390 
3.62000000 	 486.25751879 	 0.00049307 	 4.06701932 
3.62500000 	 494.17937174 	 0.00027510 	 4.06702234 
3.63000000 	 503.69469709 	 -0.00004625 	 4.06702182 
3.63500000 	 511.42096183 	 -0.00034598 	 4.06701801 
3.64000000 	 515.01373995 	 -0.00050557 	 4.06701245 
3.64500000 	 514.07223427 	 -0.00047197 	 4.06700725 
3.65000000 	 510.30028517 	 -0.00030542 	 4.06700388 
3.65500000 	 506.72259395 	 -0.00009131 	 4.06700287 
3.66000000 	 505.90633615 	 0.00010961 	 4.06700407 
3.66500000 	 508.56149224 	 0.00021135 	 4.06700639 
3.67000000 	 513.52239877 	 0.00018017 	 4.06700836 
3.67500000 	 519.25250805 	 0.00003402 	 4.06700873 
3.68000000 	 525.39257499 	 -0.00015924 	 4.06700697 
3.68500000 	 532.33945817 	 -0.00034723 	 4.06700315 
3.69000000 	 539.49840800 	 -0.00052289 	 4.06699739 
3.69500000 	 544.42375723 	 -0.00069956 	 4.06698969 
3.70000000 	 544.33221987 	 -0.00081386 	 4.06698073 
3.70500000 	 538.18866510 	 -0.00083129 	 4.06697159 
3.71000000 	 527.08648247 	 -0.00068099 	 4.06696409 
3.71500000 	 513.35478491 	 -0.00041486 	 4.06695952 
3.72000000 	 499.99641028 	 -0.00008889 	 4.06695854 
3.72500000 	 490.14923630 	 0.00023938 	 4.06696116 
3.73000000 	 485.61813158 	 0.00049704 	 4.06696662 
3.73500000 	 486.01123759 	 0.00067426 	 4.06697403 
3.74000000 	 489.38998915 	 0.00075767 	 4.06698235 
3.74500000 	 493.94254243 	 0.00075583 	 4.06699066 
3.75000000 	 499.62960896 	 0.00064497 	 4.06699774 
3.75500000 	 507.89050652 	 0.00040280 	 4.06700217 
3.76000000 	 519.73834229 	 0.00007700 	 4.06700301 
3.76500000 	 533.99484740 	 -0.00028120 	 4.06699991 
3.77000000 	 546.86788615 	 -0.00057753 	 4.06699355 
3.77500000 	 553.71624821 	 -0.00071491 	 4.06698568 
3.78000000 	 551.73354627 	 -0.00067109 	 4.06697829 
3.78500000 	 541.23179234 	 -0.00043908 	 4.06697346 
3.79000000 	 525.43525140 	 -0.00007679 	 4.06697261 
3.79500000 	 509.38790133 	 0.00032164 	 4.06697614 
3.80000000 	 498.16379877 	 0.00055791 	 4.06698227 
3.80500000 	 494.64067992 	 0.00050411 	 4.06698780 
3.81000000 	 498.02778626 	 0.00024869 	 4.06699053 
3.81500000 	 504.56192610 	 -0.00005166 	 4.06698996 
3.82000000 	 509.77995005 	 -0.00031944 	 4.06698644 
3.82500000 	 510.73566241 	 -0.00047481 	 4.06698121 
3.83000000 	 507.31066125 	 -0.00044818 	 4.06697627 
3.83500000 	 502.07741459 	 -0.00028640 	 4.06697312 
3.84000000 	 498.26330905 	 -0.00006674 	 4.06697238 
3.84500000 	 497.34849203 	 0.00010771 	 4.06697355 
3.85000000 	 498.35176919 	 0.00019654 	 4.06697571 
3.85500000 	 499.13365989 	 0.00019552 	 4.06697785 
3.86000000 	 498.49922641 	 0.00016211 	 4.06697963 
3.86500000 	 497.20244692 	 0.00012260 	 4.06698097 
3.87000000 	 497.01032821 	 0.00006947 	 4.06698172 
3.87500000 	 499.27698405 	 0.00003798 	 4.06698214 
3.88000000 	 504.30933573 	 0.00000137 	 4.06698214 
3.88500000 	 511.51414298 	 -0.00011477 	 4.06698087 
3.89000000 	 519.56678993 	 -0.00027320 	 4.06697786 
3.89500000 	 526.44962812 	 -0.00040052 	 4.06697345 
3.90000000 	 530.60804184 	 -0.00045580 	 4.06696843 
3.90500000 	 531.96037118 	 -0.00046484 	 4.06696331 
3.91000000 	 531.55211665 	 -0.00049573 	 4.06695786 
3.91500000 	 530.71158187 	 -0.00052248 	 4.06695210 
3.92000000 	 529.93923117 	 -0.00051696 	 4.06694641 
3.92500000 	 528.60920982 	 -0.00047266 	 4.06694121 
3.93000000 	 525.77439194 	 -0.00043901 	 4.06693637 
3.93500000 	 520.64961041 	 -0.00041622 	 4.06693179 
3.94000000 	 512.79564749 	 -0.00033976 	 4.06692805 
3.94500000 	 502.46378305 	 -0.00021029 	 4.06692573 
3.95000000 	 491.26285468 	 -0.00003081 	 4.06692538 
3.95500000 	 482.18542725 	 0.00015262 	 4.06692705 
3.96000000 	 478.01100475 	 0.00025977 	 4.06692990 
3.96500000 	 479.82073246 	 0.00026656 	 4.06693283 
3.97000000 	 486.59487139 	 0.00021814 	 4.06693522 
3.97500000 	 496.29640789 	 0.00015077 	 4.06693687 
3.98000000 	 507.34373700 	 0.00005320 	 4.06693745 
3.98500000 	 518.70094019 	 -0.00007894 	 4.06693657 
3.99000000 	 529.18595742 	 -0.00021600 	 4.06693419 
3.99500000 	 537.44940177 	 -0.00030523 	 4.06693083 
4.00000000 	 542.93534269 	 -0.00038650 	 4.06692657 
4.00500000 	 546.06703859 	 -0.00049908 	 4.06692108 
4.01000000 	 546.99069341 	 -0.00062517 	 4.06691420 
4.01500000 	 544.51236180 	 -0.00068400 	 4.06690667 
4.02000000 	 537.02986950 	 -0.00063455 	 4.06689968 
4.02500000 	 524.52009014 	 -0.00051806 	 4.06689398 
4.03000000 	 509.37024813 	 -0.00033188 	 4.06689032 
4.03500000 	 495.53957478 	 -0.00007791 	 4.06688946 
4.04000000 	 486.33416597 	 0.00016560 	 4.06689127 
4.04500000 	 482.67679380 	 0.00034282 	 4.06689504 
4.05000000 	 483.26221139 	 0.00041286 	 4.06689957 
4.05500000 	 486.30780373 	 0.00038474 	 4.06690379 
4.06000000 	 490.93072838 	 0.00032707 	 4.06690738 
4.06500000 	 496.75014010 	 0.00027557 	 4.06691041 
4.07000000 	 502.61793367 	 0.00025547 	 4.06691321 
4.07500000 	 506.40205889 	 0.00028285 	 4.06691631 
4.08000000 	 506.26019641 	 0.00033728 	 4.06692001 
4.08500000 	 501.96150402 	 0.00041622 	 4.06692458 
4.09000000 	 495.46971009 	 0.00048678 	 4.06692993 
4.09500000 	 490.48213222 	 0.00052338 	 4.06693568 
4.10000000 	 490.58539124 	 0.00048319 	 4.06694098 
4.10500000 	 497.20233726 	 0.00035861 	 4.06694492 
4.11000000 	 508.69236573 	 0.00014602 	 4.06694652 
4.11500000 	 520.92532673 	 -0.00007877 	 4.06694565 
4.12000000 	 529.68114744 	 -0.00023140 	 4.06694310 
4.12500000 	 533.12664467 	 -0.00027508 	 4.06694006 
4.13000000 	 532.16958032 	 -0.00021325 	 4.06693771 
4.13500000 	 529.02053718 	 -0.00009185 	 4.06693670 
4.14000000 	 525.59072702 	 0.00000041 	 4.06693669 
4.14500000 	 522.90251691 	 0.00006916 	 4.06693745 
4.15000000 	 521.13099402 	 0.00013613 	 4.06693894 
4.15500000 	 520.19240386 	 0.00014180 	 4.06694049 
4.16000000 	 519.69472346 	 0.00006331 	 4.06694118 
4.16500000 	 518.38320263 	 -0.00002728 	 4.06694087 
4.17000000 	 514.56835256 	 -0.00008535 	 4.06693993 
4.17500000 	 507.23194847 	 -0.00007524 	 4.06693909 
4.18000000 	 497.04818330 	 -0.00002843 	 4.06693877 
4.18500000 	 486.35044165 	 0.00004984 	 4.06693931 
4.19000000 	 478.08066072 	 0.00012397 	 4.06694067 
4.19500000 	 474.90678428 	 0.00015176 	 4.06694233 
4.20000000 	 478.84765920 	 0.00009939 	 4.06694342 
4.20500000 	 490.31997106 	 -0.00007538 	 4.06694258 
4.21000000 	 507.00429135 	 -0.00035107 	 4.06693871 
4.21500000 	 523.93551780 	 -0.00067264 	 4.06693131 
4.22000000 	 535.21440937 	 -0.00090102 	 4.06692140 
4.22500000 	 537.05646912 	 -0.00091557 	 4.06691132 
4.23000000 	 529.50299528 	 -0.00067767 	 4.06690386 
4.23500000 	 515.60912259 	 -0.00030488 	 4.06690050 
4.24000000 	 499.87003072 	 0.00005621 	 4.06690112 
4.24500000 	 486.74159819 	 0.00028079 	 4.06690420 
4.25000000 	 479.55435320 	 0.00033866 	 4.06690791 
4.25500000 	 479.90058866 	 0.00025155 	 4.06691067 
4.26000000 	 487.32625753 	 0.00002936 	 4.06691099 
4.26500000 	 499.31959716 	 -0.00027904 	 4.06690791 
4.27000000 	 512.34249286 	 -0.00062451 	 4.06690104 
4.27500000 	 523.08283200 	 -0.00091913 	 4.06689093 
4.28000000 	 529.18384208 	 -0.00107724 	 4.06687907 
4.28500000 	 529.77809402 	 -0.00110387 	 4.06686693 
4.29000000 	 525.94500959 	 -0.00103200 	 4.06685557 
4.29500000 	 520.65815006 	 -0.00090757 	 4.06684559 
4.30000000 	 517.12133498 	 -0.00078971 	 4.06683690 
4.30500000 	 516.73563147 	 -0.00070140 	 4.06682918 
4.31000000 	 518.67888162 	 -0.00065097 	 4.06682201 
4.31500000 	 521.06921819 	 -0.00057804 	 4.06681565 
4.32000000 	 522.51346629 	 -0.00047928 	 4.06681037 
4.32500000 	 522.80917960 	 -0.00036738 	 4.06680633 
4.33000000 	 522.24215539 	 -0.00027724 	 4.06680327 
4.33500000 	 520.43047804 	 -0.00025455 	 4.06680046 
4.34000000 	 516.42644389 	 -0.00021263 	 4.06679812 
4.34500000 	 509.47995719 	 -0.00006171 	 4.06679743 
4.35000000 	 499.79714008 	 0.00014482 	 4.06679902 
4.35500000 	 489.24968917 	 0.00032002 	 4.06680253 
4.36000000 	 480.54147830 	 0.00042005 	 4.06680714 
4.36500000 	 475.63451085 	 0.00043295 	 4.06681190 
4.37000000 	 475.07933455 	 0.00036166 	 4.06681587 
4.37500000 	 478.06029355 	 0.00023827 	 4.06681848 
4.38000000 	 482.91636223 	 0.00008971 	 4.06681946 
4.38500000 	 488.16942194 	 -0.00008736 	 4.06681849 
4.39000000 	 493.10980868 	 -0.00027577 	 4.06681545 
4.39500000 	 497.61236855 	 -0.00043295 	 4.06681069 
4.40000000 	 501.70656748 	 -0.00058156 	 4.06680428 
4.40500000 	 505.45940976 	 -0.00073590 	 4.06679619 
4.41000000 	 509.09218883 	 -0.00084197 	 4.06678692 
4.41500000 	 512.76305484 	 -0.00092258 	 4.06677677 
4.42000000 	 516.11431058 	 -0.00092644 	 4.06676658 
4.42500000 	 517.97531308 	 -0.00085138 	 4.06675721 
4.43000000 	 517.16226737 	 -0.00070334 	 4.06674947 
4.43500000 	 513.88281134 	 -0.00054189 	 4.06674350 
4.44000000 	 509.52934018 	 -0.00041676 	 4.06673891 
4.44500000 	 505.62879700 	 -0.00036024 	 4.06673494 
4.45000000 	 503.40382467 	 -0.00035546 	 4.06673103 
4.45500000 	 503.28803485 	 -0.00034013 	 4.06672728 
4.46000000 	 505.11000017 	 -0.00029878 	 4.06672399 
4.46500000 	 508.71534740 	 -0.00025737 	 4.06672115 
4.47000000 	 514.33562663 	 -0.00025128 	 4.06671838 
4.47500000 	 522.13176166 	 -0.00033369 	 4.06671471 
4.48000000 	 530.89470650 	 -0.00051879 	 4.06670900 
4.48500000 	 537.40594185 	 -0.00074177 	 4.06670083 
4.49000000 	 537.80561699 	 -0.00087133 	 4.06669124 
4.49500000 	 530.16097588 	 -0.00082881 	 4.06668212 
4.50000000 	 516.02678785 	 -0.00059742 	 4.06667555 
4.50500000 	 499.70007881 	 -0.00028871 	 4.06667237 
4.51000000 	 486.13203068 	 -0.00001550 	 4.06667219 
4.51500000 	 479.28786338 	 0.00015797 	 4.06667392 
4.52000000 	 481.15629323 	 0.00016968 	 4.06667578 
4.52500000 	 491.30788008 	 -0.00001492 	 4.06667561 
4.53000000 	 506.80684025 	 -0.00032925 	 4.06667198 
4.53500000 	 522.67852522 	 -0.00064138 	 4.06666492 
4.54000000 	 533.39505591 	 -0.00084302 	 4.06665565 
4.54500000 	 534.81780994 	 -0.00088897 	 4.06664586 
4.55000000 	 525.94779123 	 -0.00072602 	 4.06663787 
4.55500000 	 509.41440003 	 -0.00039271 	 4.06663355 
4.56000000 	 490.37280288 	 -0.00000759 	 4.06663346 
4.56500000 	 474.26121621 	 0.00033965 	 4.06663719 
4.57000000 	 464.88965257 	 0.00052955 	 4.06664300 
4.57500000 	 463.67198467 	 0.00049803 	 4.06664847 
4.58000000 	 469.62148846 	 0.00032606 	 4.06665205 
4.58500000 	 480.05275905 	 0.00009532 	 4.06665309 
4.59000000 	 491.68085654 	 -0.00015244 	 4.06665141 
4.59500000 	 501.74521466 	 -0.00036923 	 4.06664734 
4.60000000 	 508.97948944 	 -0.00052963 	 4.06664151 
4.60500000 	 513.78832040 	 -0.00062355 	 4.06663465 
4.61000000 	 517.50421709 	 -0.00067703 	 4.06662720 
4.61500000 	 521.49521650 	 -0.00070430 	 4.06661945 
4.62000000 	 526.62710427 	 -0.00069453 	 4.06661180 
4.62500000 	 532.40869349 	 -0.00065975 	 4.06660454 
4.63000000 	 536.92869337 	 -0.00058798 	 4.06659807 
4.63500000 	 538.29906362 	 -0.00049015 	 4.06659267 
4.64000000 	 535.40017065 	 -0.00038300 	 4.06658846 
4.64500000 	 527.74887193 	 -0.00026169 	 4.06658557 
4.65000000 	 516.47461641 	 -0.00011213 	 4.06658433 
4.65500000 	 504.43484995 	 0.00007575 	 4.06658516 
4.66000000 	 494.22677611 	 0.00028761 	 4.06658831 
4.66500000 	 486.56017276 	 0.00042586 	 4.06659299 
4.67000000 	 480.48535725 	 0.00049479 	 4.06659842 
4.67500000 	 474.99624155 	 0.00050282 	 4.06660394 
4.68000000 	 470.25837115 	 0.00046384 	 4.06660904 
4.68500000 	 467.76333399 	 0.00042874 	 4.06661374 
4.69000000 	 469.66035208 	 0.00039803 	 4.06661811 
4.69500000 	 477.48172722 	 0.00033027 	 4.06662174 
4.70000000 	 490.78005195 	 0.00017036 	 4.06662361 
4.70500000 	 506.98181535 	 -0.00007107 	 4.06662282 
4.71000000 	 522.73429081 	 -0.00036178 	 4.06661883 
4.71500000 	 535.26548668 	 -0.00062892 	 4.06661191 
4.72000000 	 543.01646246 	 -0.00078898 	 4.06660323 
4.72500000 	 545.57524402 	 -0.00084081 	 4.06659398 
4.73000000 	 543.30546359 	 -0.00081592 	 4.06658500 
4.73500000 	 536.95965654 	 -0.00073360 	 4.06657693 
4.74000000 	 527.76711770 	 -0.00064595 	 4.06656982 
4.74500000 	 517.18236762 	 -0.00052508 	 4.06656404 
4.75000000 	 506.35674911 	 -0.00036907 	 4.06655997 
4.75500000 	 496.01465178 	 -0.00020841 	 4.06655767 
4.76000000 	 486.87889912 	 -0.00009507 	 4.06655662 
4.76500000 	 480.38251192 	 -0.00003940 	 4.06655618 
4.77000000 	 478.47188891 	 -0.00005612 	 4.06655556 
4.77500000 	 482.32422098 	 -0.00014058 	 4.06655400 
4.78000000 	 491.44942172 	 -0.00033295 	 4.06655034 
4.78500000 	 503.85970636 	 -0.00055583 	 4.06654422 
4.79000000 	 516.55649103 	 -0.00070095 	 4.06653650 
4.79500000 	 526.15902531 	 -0.00075873 	 4.06652816 
4.80000000 	 530.19919871 	 -0.00074546 	 4.06651995 
4.80500000 	 528.32285884 	 -0.00067300 	 4.06651255 
4.81000000 	 522.46730376 	 -0.00054164 	 4.06650658 
4.81500000 	 515.65254974 	 -0.00037964 	 4.06650240 
4.82000000 	 510.27811870 	 -0.00022533 	 4.06649992 
4.82500000 	 507.06282419 	 -0.00007664 	 4.06649907 
4.83000000 	 505.02387696 	 0.00010126 	 4.06650017 
4.83500000 	 502.47382789 	 0.00029338 	 4.06650339 
4.84000000 	 498.42506142 	 0.00041587 	 4.06650796 
4.84500000 	 493.43917147 	 0.00044154 	 4.06651281 
4.85000000 	 489.30621441 	 0.00041492 	 4.06651736 
4.85500000 	 488.23441489 	 0.00036869 	 4.06652141 
4.86000000 	 491.88358916 	 0.00023750 	 4.06652401 
4.86500000 	 500.02368533 	 0.00003853 	 4.06652443 
4.87000000 	 510.07209563 	 -0.00018463 	 4.06652239 
4.87500000 	 518.30442467 	 -0.00037689 	 4.06651824 
4.88000000 	 521.94397022 	 -0.00049168 	 4.06651283 
4.88500000 	 520.32939236 	 -0.00048532 	 4.06650749 
4.89000000 	 514.66566410 	 -0.00034015 	 4.06650374 
4.89500000 	 507.57297141 	 -0.00016209 	 4.06650195 
4.90000000 	 501.99438863 	 -0.00000186 	 4.06650192 
4.90500000 	 499.79666539 	 0.00002488 	 4.06650219 
4.91000000 	 501.05021993 	 -0.00006687 	 4.06650145 
4.91500000 	 504.18828211 	 -0.00016447 	 4.06649963 
4.92000000 	 507.05664531 	 -0.00027162 	 4.06649664 
4.92500000 	 508.03151789 	 -0.00041167 	 4.06649211 
4.93000000 	 506.61677335 	 -0.00054841 	 4.06648607 
4.93500000 	 503.31922637 	 -0.00066579 	 4.06647874 
4.94000000 	 498.88821324 	 -0.00072493 	 4.06647077 
4.94500000 	 494.15222182 	 -0.00072241 	 4.06646282 
4.95000000 	 490.38887536 	 -0.00066082 	 4.06645554 
4.95500000 	 488.87004919 	 -0.00060917 	 4.06644884 
4.96000000 	 489.92400061 	 -0.00061260 	 4.06644210 
4.96500000 	 492.79283730 	 -0.00066044 	 4.06643483 
4.97000000 	 495.95483188 	 -0.00069986 	 4.06642713 
4.97500000 	 497.55289294 	 -0.00070496 	 4.06641937 
4.98000000 	 496.39414434 	 -0.00061799 	 4.06641257 
4.98500000 	 492.86759678 	 -0.00045798 	 4.06640752 
4.99000000 	 489.17923120 	 -0.00030173 	 4.06640420 
4.99500000 	 488.70840975 	 -0.00022332 	 4.06640174 
5.00000000 	 493.82008932 	 -0.00023806 	 4.06639911 
