0.0000 	 0.0000 
0.0050 	 0.0653 
0.0100 	 0.0550 
0.0150 	 0.0419 
0.0200 	 0.0299 
0.0250 	 0.0217 
0.0300 	 0.0183 
0.0350 	 0.0196 
0.0400 	 0.0244 
0.0450 	 0.0308 
0.0500 	 0.0369 
0.0550 	 0.0415 
0.0600 	 0.0443 
0.0650 	 0.0457 
0.0700 	 0.0466 
0.0750 	 0.0477 
0.0800 	 0.0495 
0.0850 	 0.0517 
0.0900 	 0.0540 
0.0950 	 0.0554 
0.1000 	 0.0552 
0.1050 	 0.0533 
0.1100 	 0.0499 
0.1150 	 0.0460 
0.1200 	 0.0427 
0.1250 	 0.0407 
0.1300 	 0.0408 
0.1350 	 0.0426 
0.1400 	 0.0458 
0.1450 	 0.0495 
0.1500 	 0.0527 
0.1550 	 0.0549 
0.1600 	 0.0560 
0.1650 	 0.0560 
0.1700 	 0.0555 
0.1750 	 0.0549 
0.1800 	 0.0545 
0.1850 	 0.0545 
0.1900 	 0.0550 
0.1950 	 0.0560 
0.2000 	 0.0573 
0.2050 	 0.0587 
0.2100 	 0.0597 
0.2150 	 0.0603 
0.2200 	 0.0604 
0.2250 	 0.0599 
0.2300 	 0.0591 
0.2350 	 0.0582 
0.2400 	 0.0574 
0.2450 	 0.0566 
0.2500 	 0.0559 
0.2550 	 0.0550 
0.2600 	 0.0539 
0.2650 	 0.0525 
0.2700 	 0.0508 
0.2750 	 0.0491 
0.2800 	 0.0477 
0.2850 	 0.0467 
0.2900 	 0.0462 
0.2950 	 0.0462 
0.3000 	 0.0465 
0.3050 	 0.0472 
0.3100 	 0.0481 
0.3150 	 0.0492 
0.3200 	 0.0506 
0.3250 	 0.0521 
0.3300 	 0.0538 
0.3350 	 0.0555 
0.3400 	 0.0573 
0.3450 	 0.0590 
0.3500 	 0.0605 
0.3550 	 0.0618 
0.3600 	 0.0628 
0.3650 	 0.0634 
0.3700 	 0.0635 
0.3750 	 0.0629 
0.3800 	 0.0619 
0.3850 	 0.0604 
0.3900 	 0.0588 
0.3950 	 0.0574 
0.4000 	 0.0566 
0.4050 	 0.0566 
0.4100 	 0.0574 
0.4150 	 0.0588 
0.4200 	 0.0604 
0.4250 	 0.0621 
0.4300 	 0.0634 
0.4350 	 0.0644 
0.4400 	 0.0648 
0.4450 	 0.0647 
0.4500 	 0.0641 
0.4550 	 0.0632 
0.4600 	 0.0618 
0.4650 	 0.0602 
0.4700 	 0.0584 
0.4750 	 0.0566 
0.4800 	 0.0550 
0.4850 	 0.0537 
0.4900 	 0.0528 
0.4950 	 0.0522 
0.5000 	 0.0518 
0.5050 	 0.0515 
0.5100 	 0.0515 
0.5150 	 0.0517 
0.5200 	 0.0523 
0.5250 	 0.0531 
0.5300 	 0.0541 
0.5350 	 0.0551 
0.5400 	 0.0560 
0.5450 	 0.0567 
0.5500 	 0.0574 
0.5550 	 0.0580 
0.5600 	 0.0585 
0.5650 	 0.0590 
0.5700 	 0.0595 
0.5750 	 0.0599 
0.5800 	 0.0603 
0.5850 	 0.0608 
0.5900 	 0.0615 
0.5950 	 0.0621 
0.6000 	 0.0627 
0.6050 	 0.0630 
0.6100 	 0.0628 
0.6150 	 0.0621 
0.6200 	 0.0612 
0.6250 	 0.0603 
0.6300 	 0.0595 
0.6350 	 0.0590 
0.6400 	 0.0587 
0.6450 	 0.0587 
0.6500 	 0.0589 
0.6550 	 0.0594 
0.6600 	 0.0600 
0.6650 	 0.0607 
0.6700 	 0.0613 
0.6750 	 0.0617 
0.6800 	 0.0617 
0.6850 	 0.0611 
0.6900 	 0.0601 
0.6950 	 0.0586 
0.7000 	 0.0571 
0.7050 	 0.0559 
0.7100 	 0.0553 
0.7150 	 0.0554 
0.7200 	 0.0562 
0.7250 	 0.0574 
0.7300 	 0.0588 
0.7350 	 0.0601 
0.7400 	 0.0612 
0.7450 	 0.0619 
0.7500 	 0.0622 
0.7550 	 0.0622 
0.7600 	 0.0618 
0.7650 	 0.0613 
0.7700 	 0.0606 
0.7750 	 0.0597 
0.7800 	 0.0589 
0.7850 	 0.0583 
0.7900 	 0.0582 
0.7950 	 0.0586 
0.8000 	 0.0594 
0.8050 	 0.0607 
0.8100 	 0.0623 
0.8150 	 0.0640 
0.8200 	 0.0657 
0.8250 	 0.0670 
0.8300 	 0.0678 
0.8350 	 0.0678 
0.8400 	 0.0670 
0.8450 	 0.0656 
0.8500 	 0.0639 
0.8550 	 0.0623 
0.8600 	 0.0611 
0.8650 	 0.0603 
0.8700 	 0.0600 
0.8750 	 0.0599 
0.8800 	 0.0601 
0.8850 	 0.0602 
0.8900 	 0.0601 
0.8950 	 0.0598 
0.9000 	 0.0595 
0.9050 	 0.0591 
0.9100 	 0.0588 
0.9150 	 0.0587 
0.9200 	 0.0586 
0.9250 	 0.0587 
0.9300 	 0.0588 
0.9350 	 0.0589 
0.9400 	 0.0589 
0.9450 	 0.0589 
0.9500 	 0.0588 
0.9550 	 0.0588 
0.9600 	 0.0590 
0.9650 	 0.0594 
0.9700 	 0.0600 
0.9750 	 0.0607 
0.9800 	 0.0615 
0.9850 	 0.0620 
0.9900 	 0.0622 
0.9950 	 0.0620 
1.0000 	 0.0615 
1.0050 	 0.0610 
1.0100 	 0.0606 
1.0150 	 0.0605 
1.0200 	 0.0608 
1.0250 	 0.0613 
1.0300 	 0.0619 
1.0350 	 0.0622 
1.0400 	 0.0619 
1.0450 	 0.0610 
1.0500 	 0.0597 
1.0550 	 0.0581 
1.0600 	 0.0566 
1.0650 	 0.0555 
1.0700 	 0.0549 
1.0750 	 0.0550 
1.0800 	 0.0556 
1.0850 	 0.0566 
1.0900 	 0.0578 
1.0950 	 0.0589 
1.1000 	 0.0600 
1.1050 	 0.0610 
1.1100 	 0.0618 
1.1150 	 0.0626 
1.1200 	 0.0632 
1.1250 	 0.0635 
1.1300 	 0.0636 
1.1350 	 0.0634 
1.1400 	 0.0630 
1.1450 	 0.0625 
1.1500 	 0.0619 
1.1550 	 0.0614 
1.1600 	 0.0609 
1.1650 	 0.0605 
1.1700 	 0.0603 
1.1750 	 0.0603 
1.1800 	 0.0606 
1.1850 	 0.0609 
1.1900 	 0.0612 
1.1950 	 0.0614 
1.2000 	 0.0614 
1.2050 	 0.0612 
1.2100 	 0.0608 
1.2150 	 0.0603 
1.2200 	 0.0598 
1.2250 	 0.0596 
1.2300 	 0.0595 
1.2350 	 0.0597 
1.2400 	 0.0599 
1.2450 	 0.0601 
1.2500 	 0.0605 
1.2550 	 0.0610 
1.2600 	 0.0615 
1.2650 	 0.0620 
1.2700 	 0.0623 
1.2750 	 0.0624 
1.2800 	 0.0622 
1.2850 	 0.0618 
1.2900 	 0.0612 
1.2950 	 0.0604 
1.3000 	 0.0594 
1.3050 	 0.0584 
1.3100 	 0.0575 
1.3150 	 0.0569 
1.3200 	 0.0569 
1.3250 	 0.0574 
1.3300 	 0.0583 
1.3350 	 0.0595 
1.3400 	 0.0608 
1.3450 	 0.0620 
1.3500 	 0.0630 
1.3550 	 0.0640 
1.3600 	 0.0648 
1.3650 	 0.0657 
1.3700 	 0.0665 
1.3750 	 0.0671 
1.3800 	 0.0675 
1.3850 	 0.0675 
1.3900 	 0.0670 
1.3950 	 0.0663 
1.4000 	 0.0655 
1.4050 	 0.0646 
1.4100 	 0.0638 
1.4150 	 0.0632 
1.4200 	 0.0627 
1.4250 	 0.0623 
1.4300 	 0.0620 
1.4350 	 0.0618 
1.4400 	 0.0615 
1.4450 	 0.0613 
1.4500 	 0.0613 
1.4550 	 0.0616 
1.4600 	 0.0622 
1.4650 	 0.0631 
1.4700 	 0.0641 
1.4750 	 0.0649 
1.4800 	 0.0655 
1.4850 	 0.0658 
1.4900 	 0.0657 
1.4950 	 0.0652 
1.5000 	 0.0644 
1.5050 	 0.0633 
1.5100 	 0.0620 
1.5150 	 0.0608 
1.5200 	 0.0599 
1.5250 	 0.0593 
1.5300 	 0.0590 
1.5350 	 0.0588 
1.5400 	 0.0588 
1.5450 	 0.0588 
1.5500 	 0.0589 
1.5550 	 0.0593 
1.5600 	 0.0599 
1.5650 	 0.0606 
1.5700 	 0.0616 
1.5750 	 0.0626 
1.5800 	 0.0636 
1.5850 	 0.0644 
1.5900 	 0.0648 
1.5950 	 0.0649 
1.6000 	 0.0647 
1.6050 	 0.0646 
1.6100 	 0.0647 
1.6150 	 0.0652 
1.6200 	 0.0659 
1.6250 	 0.0666 
1.6300 	 0.0673 
1.6350 	 0.0676 
1.6400 	 0.0676 
1.6450 	 0.0672 
1.6500 	 0.0666 
1.6550 	 0.0660 
1.6600 	 0.0655 
1.6650 	 0.0651 
1.6700 	 0.0648 
1.6750 	 0.0645 
1.6800 	 0.0641 
1.6850 	 0.0636 
1.6900 	 0.0629 
1.6950 	 0.0620 
1.7000 	 0.0613 
1.7050 	 0.0607 
1.7100 	 0.0607 
1.7150 	 0.0612 
1.7200 	 0.0622 
1.7250 	 0.0635 
1.7300 	 0.0646 
1.7350 	 0.0655 
1.7400 	 0.0659 
1.7450 	 0.0661 
1.7500 	 0.0661 
1.7550 	 0.0663 
1.7600 	 0.0667 
1.7650 	 0.0673 
1.7700 	 0.0683 
1.7750 	 0.0693 
1.7800 	 0.0704 
1.7850 	 0.0713 
1.7900 	 0.0718 
1.7950 	 0.0721 
1.8000 	 0.0722 
1.8050 	 0.0721 
1.8100 	 0.0721 
1.8150 	 0.0721 
1.8200 	 0.0720 
1.8250 	 0.0717 
1.8300 	 0.0710 
1.8350 	 0.0697 
1.8400 	 0.0679 
1.8450 	 0.0658 
1.8500 	 0.0638 
1.8550 	 0.0623 
1.8600 	 0.0613 
1.8650 	 0.0611 
1.8700 	 0.0614 
1.8750 	 0.0621 
1.8800 	 0.0631 
1.8850 	 0.0642 
1.8900 	 0.0654 
1.8950 	 0.0665 
1.9000 	 0.0676 
1.9050 	 0.0684 
1.9100 	 0.0689 
1.9150 	 0.0691 
1.9200 	 0.0688 
1.9250 	 0.0681 
1.9300 	 0.0672 
1.9350 	 0.0660 
1.9400 	 0.0647 
1.9450 	 0.0636 
1.9500 	 0.0627 
1.9550 	 0.0621 
1.9600 	 0.0615 
1.9650 	 0.0610 
1.9700 	 0.0604 
1.9750 	 0.0597 
1.9800 	 0.0591 
1.9850 	 0.0587 
1.9900 	 0.0587 
1.9950 	 0.0589 
2.0000 	 0.0595 
2.0050 	 0.0602 
2.0100 	 0.0609 
2.0150 	 0.0617 
2.0200 	 0.0625 
2.0250 	 0.0631 
2.0300 	 0.0636 
2.0350 	 0.0639 
2.0400 	 0.0638 
2.0450 	 0.0635 
2.0500 	 0.0630 
2.0550 	 0.0625 
2.0600 	 0.0623 
2.0650 	 0.0623 
2.0700 	 0.0627 
2.0750 	 0.0634 
2.0800 	 0.0643 
2.0850 	 0.0651 
2.0900 	 0.0658 
2.0950 	 0.0661 
2.1000 	 0.0661 
2.1050 	 0.0658 
2.1100 	 0.0654 
2.1150 	 0.0650 
2.1200 	 0.0647 
2.1250 	 0.0645 
2.1300 	 0.0644 
2.1350 	 0.0643 
2.1400 	 0.0642 
2.1450 	 0.0641 
2.1500 	 0.0638 
2.1550 	 0.0634 
2.1600 	 0.0628 
2.1650 	 0.0622 
2.1700 	 0.0615 
2.1750 	 0.0610 
2.1800 	 0.0607 
2.1850 	 0.0605 
2.1900 	 0.0605 
2.1950 	 0.0604 
2.2000 	 0.0603 
2.2050 	 0.0601 
2.2100 	 0.0599 
2.2150 	 0.0598 
2.2200 	 0.0601 
2.2250 	 0.0607 
2.2300 	 0.0616 
2.2350 	 0.0628 
2.2400 	 0.0638 
2.2450 	 0.0647 
2.2500 	 0.0651 
2.2550 	 0.0649 
2.2600 	 0.0641 
2.2650 	 0.0627 
2.2700 	 0.0611 
2.2750 	 0.0595 
2.2800 	 0.0583 
2.2850 	 0.0577 
2.2900 	 0.0577 
2.2950 	 0.0582 
2.3000 	 0.0592 
2.3050 	 0.0604 
2.3100 	 0.0617 
2.3150 	 0.0629 
2.3200 	 0.0640 
2.3250 	 0.0651 
2.3300 	 0.0661 
2.3350 	 0.0671 
2.3400 	 0.0680 
2.3450 	 0.0686 
2.3500 	 0.0687 
2.3550 	 0.0684 
2.3600 	 0.0676 
2.3650 	 0.0663 
2.3700 	 0.0648 
2.3750 	 0.0633 
2.3800 	 0.0620 
2.3850 	 0.0612 
2.3900 	 0.0609 
2.3950 	 0.0609 
2.4000 	 0.0609 
2.4050 	 0.0608 
2.4100 	 0.0604 
2.4150 	 0.0598 
2.4200 	 0.0593 
2.4250 	 0.0590 
2.4300 	 0.0593 
2.4350 	 0.0599 
2.4400 	 0.0609 
2.4450 	 0.0619 
2.4500 	 0.0628 
2.4550 	 0.0635 
2.4600 	 0.0640 
2.4650 	 0.0642 
2.4700 	 0.0645 
2.4750 	 0.0648 
2.4800 	 0.0652 
2.4850 	 0.0658 
2.4900 	 0.0664 
2.4950 	 0.0669 
2.5000 	 0.0670 
2.5050 	 0.0666 
2.5100 	 0.0657 
2.5150 	 0.0644 
2.5200 	 0.0628 
2.5250 	 0.0614 
2.5300 	 0.0606 
2.5350 	 0.0605 
2.5400 	 0.0612 
2.5450 	 0.0624 
2.5500 	 0.0640 
2.5550 	 0.0654 
2.5600 	 0.0666 
2.5650 	 0.0672 
2.5700 	 0.0674 
2.5750 	 0.0671 
2.5800 	 0.0665 
2.5850 	 0.0657 
2.5900 	 0.0650 
2.5950 	 0.0645 
2.6000 	 0.0642 
2.6050 	 0.0642 
2.6100 	 0.0642 
2.6150 	 0.0641 
2.6200 	 0.0638 
2.6250 	 0.0632 
2.6300 	 0.0624 
2.6350 	 0.0615 
2.6400 	 0.0609 
2.6450 	 0.0605 
2.6500 	 0.0604 
2.6550 	 0.0607 
2.6600 	 0.0611 
2.6650 	 0.0616 
2.6700 	 0.0622 
2.6750 	 0.0628 
2.6800 	 0.0633 
2.6850 	 0.0637 
2.6900 	 0.0640 
2.6950 	 0.0640 
2.7000 	 0.0638 
2.7050 	 0.0637 
2.7100 	 0.0636 
2.7150 	 0.0635 
2.7200 	 0.0635 
2.7250 	 0.0634 
2.7300 	 0.0633 
2.7350 	 0.0632 
2.7400 	 0.0634 
2.7450 	 0.0639 
2.7500 	 0.0647 
2.7550 	 0.0657 
2.7600 	 0.0666 
2.7650 	 0.0673 
2.7700 	 0.0675 
2.7750 	 0.0675 
2.7800 	 0.0673 
2.7850 	 0.0671 
2.7900 	 0.0669 
2.7950 	 0.0666 
2.8000 	 0.0661 
2.8050 	 0.0653 
2.8100 	 0.0642 
2.8150 	 0.0629 
2.8200 	 0.0615 
2.8250 	 0.0600 
2.8300 	 0.0587 
2.8350 	 0.0576 
2.8400 	 0.0567 
2.8450 	 0.0563 
2.8500 	 0.0563 
2.8550 	 0.0567 
2.8600 	 0.0573 
2.8650 	 0.0582 
2.8700 	 0.0591 
2.8750 	 0.0601 
2.8800 	 0.0611 
2.8850 	 0.0621 
2.8900 	 0.0632 
2.8950 	 0.0643 
2.9000 	 0.0654 
2.9050 	 0.0662 
2.9100 	 0.0667 
2.9150 	 0.0671 
2.9200 	 0.0673 
2.9250 	 0.0675 
2.9300 	 0.0677 
2.9350 	 0.0679 
2.9400 	 0.0681 
2.9450 	 0.0682 
2.9500 	 0.0681 
2.9550 	 0.0680 
2.9600 	 0.0679 
2.9650 	 0.0678 
2.9700 	 0.0680 
2.9750 	 0.0682 
2.9800 	 0.0686 
2.9850 	 0.0688 
2.9900 	 0.0691 
2.9950 	 0.0692 
3.0000 	 0.0693 
3.0050 	 0.0694 
3.0100 	 0.0694 
3.0150 	 0.0694 
3.0200 	 0.0695 
3.0250 	 0.0698 
3.0300 	 0.0701 
3.0350 	 0.0706 
3.0400 	 0.0709 
3.0450 	 0.0710 
3.0500 	 0.0707 
3.0550 	 0.0700 
3.0600 	 0.0691 
3.0650 	 0.0683 
3.0700 	 0.0676 
3.0750 	 0.0672 
3.0800 	 0.0670 
3.0850 	 0.0669 
3.0900 	 0.0667 
3.0950 	 0.0663 
3.1000 	 0.0658 
3.1050 	 0.0651 
3.1100 	 0.0645 
3.1150 	 0.0641 
3.1200 	 0.0640 
3.1250 	 0.0643 
3.1300 	 0.0649 
3.1350 	 0.0657 
3.1400 	 0.0667 
3.1450 	 0.0678 
3.1500 	 0.0689 
3.1550 	 0.0701 
3.1600 	 0.0710 
3.1650 	 0.0715 
3.1700 	 0.0713 
3.1750 	 0.0705 
3.1800 	 0.0694 
3.1850 	 0.0681 
3.1900 	 0.0670 
3.1950 	 0.0663 
3.2000 	 0.0660 
3.2050 	 0.0661 
3.2100 	 0.0663 
3.2150 	 0.0665 
3.2200 	 0.0667 
3.2250 	 0.0669 
3.2300 	 0.0672 
3.2350 	 0.0678 
3.2400 	 0.0685 
3.2450 	 0.0695 
3.2500 	 0.0706 
3.2550 	 0.0717 
3.2600 	 0.0726 
3.2650 	 0.0731 
3.2700 	 0.0730 
3.2750 	 0.0722 
3.2800 	 0.0708 
3.2850 	 0.0691 
3.2900 	 0.0674 
3.2950 	 0.0661 
3.3000 	 0.0652 
3.3050 	 0.0648 
3.3100 	 0.0647 
3.3150 	 0.0648 
3.3200 	 0.0648 
3.3250 	 0.0646 
3.3300 	 0.0641 
3.3350 	 0.0634 
3.3400 	 0.0627 
3.3450 	 0.0621 
3.3500 	 0.0617 
3.3550 	 0.0616 
3.3600 	 0.0617 
3.3650 	 0.0620 
3.3700 	 0.0625 
3.3750 	 0.0633 
3.3800 	 0.0642 
3.3850 	 0.0652 
3.3900 	 0.0661 
3.3950 	 0.0668 
3.4000 	 0.0671 
3.4050 	 0.0669 
3.4100 	 0.0664 
3.4150 	 0.0658 
3.4200 	 0.0651 
3.4250 	 0.0645 
3.4300 	 0.0640 
3.4350 	 0.0638 
3.4400 	 0.0637 
3.4450 	 0.0639 
3.4500 	 0.0642 
3.4550 	 0.0646 
3.4600 	 0.0648 
3.4650 	 0.0648 
3.4700 	 0.0647 
3.4750 	 0.0644 
3.4800 	 0.0640 
3.4850 	 0.0638 
3.4900 	 0.0639 
3.4950 	 0.0641 
3.5000 	 0.0645 
3.5050 	 0.0648 
3.5100 	 0.0651 
3.5150 	 0.0652 
3.5200 	 0.0654 
3.5250 	 0.0658 
3.5300 	 0.0666 
3.5350 	 0.0677 
3.5400 	 0.0691 
3.5450 	 0.0704 
3.5500 	 0.0715 
3.5550 	 0.0718 
3.5600 	 0.0714 
3.5650 	 0.0701 
3.5700 	 0.0683 
3.5750 	 0.0661 
3.5800 	 0.0640 
3.5850 	 0.0623 
3.5900 	 0.0611 
3.5950 	 0.0606 
3.6000 	 0.0606 
3.6050 	 0.0608 
3.6100 	 0.0610 
3.6150 	 0.0608 
3.6200 	 0.0604 
3.6250 	 0.0599 
3.6300 	 0.0595 
3.6350 	 0.0594 
3.6400 	 0.0598 
3.6450 	 0.0605 
3.6500 	 0.0617 
3.6550 	 0.0631 
3.6600 	 0.0646 
3.6650 	 0.0660 
3.6700 	 0.0671 
3.6750 	 0.0679 
3.6800 	 0.0684 
3.6850 	 0.0689 
3.6900 	 0.0694 
3.6950 	 0.0702 
3.7000 	 0.0713 
3.7050 	 0.0726 
3.7100 	 0.0740 
3.7150 	 0.0750 
3.7200 	 0.0756 
3.7250 	 0.0755 
3.7300 	 0.0748 
3.7350 	 0.0736 
3.7400 	 0.0722 
3.7450 	 0.0708 
3.7500 	 0.0696 
3.7550 	 0.0687 
3.7600 	 0.0681 
3.7650 	 0.0676 
3.7700 	 0.0672 
3.7750 	 0.0667 
3.7800 	 0.0662 
3.7850 	 0.0655 
3.7900 	 0.0648 
3.7950 	 0.0642 
3.8000 	 0.0637 
3.8050 	 0.0633 
3.8100 	 0.0631 
3.8150 	 0.0631 
3.8200 	 0.0635 
3.8250 	 0.0643 
3.8300 	 0.0653 
3.8350 	 0.0663 
3.8400 	 0.0671 
3.8450 	 0.0676 
3.8500 	 0.0677 
3.8550 	 0.0674 
3.8600 	 0.0669 
3.8650 	 0.0664 
3.8700 	 0.0661 
3.8750 	 0.0660 
3.8800 	 0.0663 
3.8850 	 0.0668 
3.8900 	 0.0673 
3.8950 	 0.0678 
3.9000 	 0.0681 
3.9050 	 0.0681 
3.9100 	 0.0677 
3.9150 	 0.0670 
3.9200 	 0.0661 
3.9250 	 0.0650 
3.9300 	 0.0640 
3.9350 	 0.0631 
3.9400 	 0.0625 
3.9450 	 0.0620 
3.9500 	 0.0618 
3.9550 	 0.0616 
3.9600 	 0.0616 
3.9650 	 0.0616 
3.9700 	 0.0619 
3.9750 	 0.0623 
3.9800 	 0.0630 
3.9850 	 0.0639 
3.9900 	 0.0648 
3.9950 	 0.0658 
4.0000 	 0.0668 
4.0050 	 0.0677 
4.0100 	 0.0685 
4.0150 	 0.0690 
4.0200 	 0.0692 
4.0250 	 0.0690 
4.0300 	 0.0685 
4.0350 	 0.0676 
4.0400 	 0.0664 
4.0450 	 0.0650 
4.0500 	 0.0637 
4.0550 	 0.0627 
4.0600 	 0.0622 
4.0650 	 0.0622 
4.0700 	 0.0627 
4.0750 	 0.0635 
4.0800 	 0.0643 
4.0850 	 0.0652 
4.0900 	 0.0658 
4.0950 	 0.0663 
4.1000 	 0.0663 
4.1050 	 0.0659 
4.1100 	 0.0650 
4.1150 	 0.0635 
4.1200 	 0.0618 
4.1250 	 0.0601 
4.1300 	 0.0589 
4.1350 	 0.0583 
4.1400 	 0.0583 
4.1450 	 0.0587 
4.1500 	 0.0593 
4.1550 	 0.0601 
4.1600 	 0.0610 
4.1650 	 0.0619 
4.1700 	 0.0629 
4.1750 	 0.0639 
4.1800 	 0.0647 
4.1850 	 0.0654 
4.1900 	 0.0660 
4.1950 	 0.0664 
4.2000 	 0.0667 
4.2050 	 0.0669 
4.2100 	 0.0670 
4.2150 	 0.0672 
4.2200 	 0.0674 
4.2250 	 0.0677 
4.2300 	 0.0682 
4.2350 	 0.0688 
4.2400 	 0.0695 
4.2450 	 0.0700 
4.2500 	 0.0702 
4.2550 	 0.0701 
4.2600 	 0.0695 
4.2650 	 0.0686 
4.2700 	 0.0675 
4.2750 	 0.0664 
4.2800 	 0.0655 
4.2850 	 0.0647 
4.2900 	 0.0642 
4.2950 	 0.0639 
4.3000 	 0.0637 
4.3050 	 0.0634 
4.3100 	 0.0632 
4.3150 	 0.0629 
4.3200 	 0.0626 
4.3250 	 0.0623 
4.3300 	 0.0621 
4.3350 	 0.0621 
4.3400 	 0.0623 
4.3450 	 0.0627 
4.3500 	 0.0633 
4.3550 	 0.0639 
4.3600 	 0.0646 
4.3650 	 0.0654 
4.3700 	 0.0663 
4.3750 	 0.0673 
4.3800 	 0.0683 
4.3850 	 0.0689 
4.3900 	 0.0691 
4.3950 	 0.0689 
4.4000 	 0.0683 
4.4050 	 0.0674 
4.4100 	 0.0665 
4.4150 	 0.0657 
4.4200 	 0.0651 
4.4250 	 0.0649 
4.4300 	 0.0651 
4.4350 	 0.0657 
4.4400 	 0.0665 
4.4450 	 0.0674 
4.4500 	 0.0680 
4.4550 	 0.0682 
4.4600 	 0.0679 
4.4650 	 0.0672 
4.4700 	 0.0662 
4.4750 	 0.0650 
4.4800 	 0.0638 
4.4850 	 0.0626 
4.4900 	 0.0616 
4.4950 	 0.0609 
4.5000 	 0.0604 
4.5050 	 0.0604 
4.5100 	 0.0609 
4.5150 	 0.0618 
4.5200 	 0.0631 
4.5250 	 0.0645 
4.5300 	 0.0660 
4.5350 	 0.0674 
4.5400 	 0.0685 
4.5450 	 0.0692 
4.5500 	 0.0696 
4.5550 	 0.0698 
4.5600 	 0.0696 
4.5650 	 0.0690 
4.5700 	 0.0681 
4.5750 	 0.0669 
4.5800 	 0.0654 
4.5850 	 0.0639 
4.5900 	 0.0625 
4.5950 	 0.0613 
4.6000 	 0.0605 
4.6050 	 0.0601 
4.6100 	 0.0602 
4.6150 	 0.0607 
4.6200 	 0.0613 
4.6250 	 0.0620 
4.6300 	 0.0627 
4.6350 	 0.0634 
4.6400 	 0.0643 
4.6450 	 0.0654 
4.6500 	 0.0664 
4.6550 	 0.0674 
4.6600 	 0.0680 
4.6650 	 0.0682 
4.6700 	 0.0679 
4.6750 	 0.0673 
4.6800 	 0.0666 
4.6850 	 0.0659 
4.6900 	 0.0653 
4.6950 	 0.0649 
4.7000 	 0.0646 
4.7050 	 0.0644 
4.7100 	 0.0642 
4.7150 	 0.0639 
4.7200 	 0.0635 
4.7250 	 0.0628 
4.7300 	 0.0622 
4.7350 	 0.0616 
4.7400 	 0.0612 
4.7450 	 0.0611 
4.7500 	 0.0611 
4.7550 	 0.0612 
4.7600 	 0.0613 
4.7650 	 0.0612 
4.7700 	 0.0609 
4.7750 	 0.0607 
4.7800 	 0.0606 
4.7850 	 0.0607 
4.7900 	 0.0609 
4.7950 	 0.0611 
4.8000 	 0.0611 
4.8050 	 0.0606 
4.8100 	 0.0597 
4.8150 	 0.0586 
4.8200 	 0.0575 
4.8250 	 0.0567 
4.8300 	 0.0564 
4.8350 	 0.0567 
4.8400 	 0.0577 
4.8450 	 0.0592 
4.8500 	 0.0610 
4.8550 	 0.0628 
4.8600 	 0.0645 
4.8650 	 0.0656 
4.8700 	 0.0661 
4.8750 	 0.0660 
4.8800 	 0.0652 
4.8850 	 0.0639 
4.8900 	 0.0624 
4.8950 	 0.0607 
4.9000 	 0.0592 
4.9050 	 0.0579 
4.9100 	 0.0572 
4.9150 	 0.0570 
4.9200 	 0.0573 
4.9250 	 0.0581 
4.9300 	 0.0592 
4.9350 	 0.0603 
4.9400 	 0.0613 
4.9450 	 0.0621 
4.9500 	 0.0627 
4.9550 	 0.0633 
4.9600 	 0.0640 
4.9650 	 0.0649 
4.9700 	 0.0658 
4.9750 	 0.0666 
4.9800 	 0.0671 
4.9850 	 0.0673 
4.9900 	 0.0670 
4.9950 	 0.0665 
5.0000 	 0.0657 
