0.0000 	 -813.6093 	 4.5662 	 -809.0431 
0.0050 	 -825.0786 	 15.6768 	 -809.4019 
0.0100 	 -837.7067 	 28.0507 	 -809.6560 
0.0150 	 -847.2332 	 37.5021 	 -809.7311 
0.0200 	 -851.9533 	 42.2437 	 -809.7096 
0.0250 	 -851.9121 	 42.2609 	 -809.6511 
0.0300 	 -847.9946 	 38.4324 	 -809.5621 
0.0350 	 -841.7285 	 32.2953 	 -809.4332 
0.0400 	 -835.2218 	 25.9216 	 -809.3002 
0.0450 	 -830.5654 	 21.3354 	 -809.2301 
0.0500 	 -828.8954 	 19.6470 	 -809.2484 
0.0550 	 -829.9701 	 20.6488 	 -809.3213 
0.0600 	 -832.5953 	 23.1866 	 -809.4087 
0.0650 	 -835.3325 	 25.8625 	 -809.4700 
0.0700 	 -837.0946 	 27.5935 	 -809.5011 
0.0750 	 -837.3216 	 27.8165 	 -809.5050 
0.0800 	 -835.9499 	 26.4689 	 -809.4809 
0.0850 	 -833.4182 	 23.9941 	 -809.4241 
0.0900 	 -830.6844 	 21.3343 	 -809.3501 
0.0950 	 -828.9636 	 19.6664 	 -809.2973 
0.1000 	 -829.1207 	 19.8238 	 -809.2969 
0.1050 	 -831.1683 	 21.8207 	 -809.3476 
0.1100 	 -834.2858 	 24.8696 	 -809.4162 
0.1150 	 -837.3291 	 27.8608 	 -809.4682 
0.1200 	 -839.3861 	 29.8943 	 -809.4918 
0.1250 	 -839.9858 	 30.4898 	 -809.4960 
0.1300 	 -839.0491 	 29.5716 	 -809.4775 
0.1350 	 -836.9156 	 27.4826 	 -809.4329 
0.1400 	 -834.3615 	 24.9899 	 -809.3717 
0.1450 	 -832.3982 	 23.0768 	 -809.3213 
0.1500 	 -831.8137 	 22.5024 	 -809.3113 
0.1550 	 -832.7478 	 23.4018 	 -809.3460 
0.1600 	 -834.6442 	 25.2414 	 -809.4029 
0.1650 	 -836.6091 	 27.1586 	 -809.4506 
0.1700 	 -837.8556 	 28.3821 	 -809.4734 
0.1750 	 -837.9703 	 28.5021 	 -809.4682 
0.1800 	 -837.0174 	 27.5815 	 -809.4359 
0.1850 	 -835.5127 	 26.1240 	 -809.3887 
0.1900 	 -834.1557 	 24.7983 	 -809.3574 
0.1950 	 -833.4252 	 24.0719 	 -809.3533 
0.2000 	 -833.3848 	 24.0112 	 -809.3735 
0.2050 	 -833.7383 	 24.3419 	 -809.3965 
0.2100 	 -834.1061 	 24.6931 	 -809.4130 
0.2150 	 -834.2215 	 24.8066 	 -809.4149 
0.2200 	 -834.0269 	 24.6217 	 -809.4052 
0.2250 	 -833.6535 	 24.2642 	 -809.3894 
0.2300 	 -833.3530 	 23.9849 	 -809.3681 
0.2350 	 -833.4077 	 24.0479 	 -809.3598 
0.2400 	 -833.9458 	 24.5786 	 -809.3672 
0.2450 	 -834.8727 	 25.4895 	 -809.3833 
0.2500 	 -835.9193 	 26.5164 	 -809.4030 
0.2550 	 -836.7626 	 27.3453 	 -809.4173 
0.2600 	 -837.1892 	 27.7732 	 -809.4160 
0.2650 	 -837.2090 	 27.8068 	 -809.4022 
0.2700 	 -837.0050 	 27.6124 	 -809.3926 
0.2750 	 -836.7172 	 27.3213 	 -809.3959 
0.2800 	 -836.3065 	 26.9007 	 -809.4058 
0.2850 	 -835.6545 	 26.2473 	 -809.4071 
0.2900 	 -834.7518 	 25.3554 	 -809.3964 
0.2950 	 -833.7765 	 24.3996 	 -809.3769 
0.3000 	 -833.0232 	 23.6613 	 -809.3619 
0.3050 	 -832.7141 	 23.3537 	 -809.3605 
0.3100 	 -832.8814 	 23.5119 	 -809.3695 
0.3150 	 -833.3967 	 24.0137 	 -809.3830 
0.3200 	 -834.0372 	 24.6383 	 -809.3989 
0.3250 	 -834.5658 	 25.1618 	 -809.4040 
0.3300 	 -834.8864 	 25.4885 	 -809.3979 
0.3350 	 -835.0582 	 25.6643 	 -809.3939 
0.3400 	 -835.1517 	 25.7585 	 -809.3932 
0.3450 	 -835.1670 	 25.7671 	 -809.4000 
0.3500 	 -835.0394 	 25.6399 	 -809.3994 
0.3550 	 -834.7737 	 25.3793 	 -809.3944 
0.3600 	 -834.4804 	 25.1006 	 -809.3799 
0.3650 	 -834.3437 	 24.9711 	 -809.3726 
0.3700 	 -834.4634 	 25.0892 	 -809.3742 
0.3750 	 -834.8097 	 25.4276 	 -809.3821 
0.3800 	 -835.2555 	 25.8625 	 -809.3930 
0.3850 	 -835.6418 	 26.2424 	 -809.3994 
0.3900 	 -835.8673 	 26.4720 	 -809.3953 
0.3950 	 -835.9534 	 26.5637 	 -809.3897 
0.4000 	 -835.9810 	 26.5981 	 -809.3829 
0.4050 	 -836.0189 	 26.6331 	 -809.3858 
0.4100 	 -836.0214 	 26.6225 	 -809.3989 
0.4150 	 -835.8380 	 26.4324 	 -809.4056 
0.4200 	 -835.3671 	 25.9626 	 -809.4045 
0.4250 	 -834.6358 	 25.2406 	 -809.3951 
0.4300 	 -833.7872 	 24.4002 	 -809.3870 
0.4350 	 -832.9949 	 23.6196 	 -809.3753 
0.4400 	 -832.4678 	 23.1038 	 -809.3640 
0.4450 	 -832.3962 	 23.0427 	 -809.3534 
0.4500 	 -832.8985 	 23.5367 	 -809.3617 
0.4550 	 -833.8692 	 24.4878 	 -809.3814 
0.4600 	 -835.0099 	 25.6042 	 -809.4057 
0.4650 	 -835.9675 	 26.5492 	 -809.4184 
0.4700 	 -836.5243 	 27.1038 	 -809.4205 
0.4750 	 -836.6605 	 27.2534 	 -809.4072 
0.4800 	 -836.5545 	 27.1615 	 -809.3930 
0.4850 	 -836.4268 	 27.0413 	 -809.3855 
0.4900 	 -836.3868 	 26.9980 	 -809.3888 
0.4950 	 -836.3519 	 26.9475 	 -809.4044 
0.5000 	 -836.1116 	 26.6994 	 -809.4122 
0.5050 	 -835.5623 	 26.1608 	 -809.4015 
0.5100 	 -834.8517 	 25.4730 	 -809.3787 
0.5150 	 -834.2834 	 24.9182 	 -809.3652 
0.5200 	 -834.0560 	 24.6899 	 -809.3661 
0.5250 	 -834.1586 	 24.7829 	 -809.3756 
0.5300 	 -834.4235 	 25.0385 	 -809.3850 
0.5350 	 -834.6795 	 25.2885 	 -809.3910 
0.5400 	 -834.8491 	 25.4592 	 -809.3899 
0.5450 	 -834.9340 	 25.5393 	 -809.3947 
0.5500 	 -834.8954 	 25.4967 	 -809.3987 
0.5550 	 -834.6881 	 25.2930 	 -809.3951 
0.5600 	 -834.3583 	 24.9723 	 -809.3861 
0.5650 	 -834.0444 	 24.6700 	 -809.3744 
0.5700 	 -833.8961 	 24.5224 	 -809.3736 
0.5750 	 -833.9368 	 24.5603 	 -809.3765 
0.5800 	 -834.1024 	 24.7235 	 -809.3789 
0.5850 	 -834.3152 	 24.9290 	 -809.3862 
0.5900 	 -834.4870 	 25.0982 	 -809.3888 
0.5950 	 -834.5808 	 25.1948 	 -809.3860 
0.6000 	 -834.6353 	 25.2548 	 -809.3805 
0.6050 	 -834.7439 	 25.3691 	 -809.3747 
0.6100 	 -835.0080 	 25.6332 	 -809.3748 
0.6150 	 -835.4557 	 26.0756 	 -809.3801 
0.6200 	 -836.0141 	 26.6245 	 -809.3896 
0.6250 	 -836.5462 	 27.1466 	 -809.3996 
0.6300 	 -836.8903 	 27.4773 	 -809.4130 
0.6350 	 -836.8372 	 27.4138 	 -809.4234 
0.6400 	 -836.2384 	 26.8147 	 -809.4237 
0.6450 	 -835.1614 	 25.7590 	 -809.4023 
0.6500 	 -833.9564 	 24.5842 	 -809.3722 
0.6550 	 -833.0836 	 23.7268 	 -809.3568 
0.6600 	 -832.7874 	 23.4248 	 -809.3626 
0.6650 	 -832.9766 	 23.5972 	 -809.3794 
0.6700 	 -833.4139 	 24.0261 	 -809.3878 
0.6750 	 -833.9207 	 24.5217 	 -809.3990 
0.6800 	 -834.3196 	 24.9127 	 -809.4069 
0.6850 	 -834.4874 	 25.0848 	 -809.4026 
0.6900 	 -834.4851 	 25.1015 	 -809.3836 
0.6950 	 -834.5815 	 25.2197 	 -809.3618 
0.7000 	 -835.0707 	 25.7115 	 -809.3592 
0.7050 	 -835.9666 	 26.5839 	 -809.3827 
0.7100 	 -836.9333 	 27.5240 	 -809.4093 
0.7150 	 -837.5592 	 28.1324 	 -809.4268 
0.7200 	 -837.5960 	 28.1696 	 -809.4264 
0.7250 	 -837.0899 	 27.6809 	 -809.4090 
0.7300 	 -836.2976 	 26.9055 	 -809.3922 
0.7350 	 -835.4740 	 26.0909 	 -809.3831 
0.7400 	 -834.7772 	 25.3985 	 -809.3787 
0.7450 	 -834.2729 	 24.8977 	 -809.3752 
0.7500 	 -833.9637 	 24.5851 	 -809.3786 
0.7550 	 -833.8030 	 24.4271 	 -809.3759 
0.7600 	 -833.8060 	 24.4362 	 -809.3698 
0.7650 	 -834.0406 	 24.6700 	 -809.3706 
0.7700 	 -834.5065 	 25.1282 	 -809.3783 
0.7750 	 -835.0774 	 25.6837 	 -809.3937 
0.7800 	 -835.5260 	 26.1171 	 -809.4089 
0.7850 	 -835.6324 	 26.2207 	 -809.4118 
0.7900 	 -835.3395 	 25.9370 	 -809.4025 
0.7950 	 -834.7862 	 25.3993 	 -809.3869 
0.8000 	 -834.2018 	 24.8274 	 -809.3744 
0.8050 	 -833.7800 	 24.4119 	 -809.3681 
0.8100 	 -833.6190 	 24.2455 	 -809.3735 
0.8150 	 -833.6860 	 24.3054 	 -809.3806 
0.8200 	 -833.8618 	 24.4700 	 -809.3918 
0.8250 	 -833.9964 	 24.6032 	 -809.3932 
0.8300 	 -834.0536 	 24.6655 	 -809.3881 
0.8350 	 -834.1126 	 24.7313 	 -809.3813 
0.8400 	 -834.2910 	 24.9154 	 -809.3756 
0.8450 	 -834.6580 	 25.2796 	 -809.3784 
0.8500 	 -835.1715 	 25.7829 	 -809.3885 
0.8550 	 -835.7042 	 26.3101 	 -809.3941 
0.8600 	 -836.1441 	 26.7493 	 -809.3949 
0.8650 	 -836.4208 	 27.0236 	 -809.3972 
0.8700 	 -836.4775 	 27.0776 	 -809.3998 
0.8750 	 -836.2645 	 26.8588 	 -809.4057 
0.8800 	 -835.7470 	 26.3468 	 -809.4002 
0.8850 	 -835.0325 	 25.6443 	 -809.3882 
0.8900 	 -834.3484 	 24.9736 	 -809.3748 
0.8950 	 -833.9491 	 24.5889 	 -809.3602 
0.9000 	 -834.0466 	 24.6889 	 -809.3577 
0.9050 	 -834.6716 	 25.3031 	 -809.3685 
0.9100 	 -835.6074 	 26.2124 	 -809.3950 
0.9150 	 -836.4472 	 27.0282 	 -809.4190 
0.9200 	 -836.8171 	 27.3853 	 -809.4318 
0.9250 	 -836.5278 	 27.1014 	 -809.4264 
0.9300 	 -835.6625 	 26.2604 	 -809.4021 
0.9350 	 -834.5645 	 25.1867 	 -809.3778 
0.9400 	 -833.6304 	 24.2697 	 -809.3607 
0.9450 	 -833.1219 	 23.7611 	 -809.3608 
0.9500 	 -833.0593 	 23.6876 	 -809.3717 
0.9550 	 -833.2975 	 23.9149 	 -809.3826 
0.9600 	 -833.6520 	 24.2617 	 -809.3903 
0.9650 	 -833.9930 	 24.6042 	 -809.3888 
0.9700 	 -834.3259 	 24.9457 	 -809.3802 
0.9750 	 -834.7475 	 25.3710 	 -809.3765 
0.9800 	 -835.2787 	 25.8939 	 -809.3848 
0.9850 	 -835.7860 	 26.3868 	 -809.3992 
0.9900 	 -836.0599 	 26.6527 	 -809.4072 
0.9950 	 -835.9621 	 26.5545 	 -809.4077 
1.0000 	 -835.5168 	 26.1216 	 -809.3952 
1.0050 	 -834.9268 	 25.5498 	 -809.3770 
1.0100 	 -834.4831 	 25.1210 	 -809.3621 
1.0150 	 -834.4216 	 25.0649 	 -809.3568 
1.0200 	 -834.7823 	 25.4135 	 -809.3688 
1.0250 	 -835.3328 	 25.9358 	 -809.3970 
1.0300 	 -835.6638 	 26.2481 	 -809.4157 
1.0350 	 -835.4890 	 26.0771 	 -809.4119 
1.0400 	 -834.8616 	 25.4716 	 -809.3900 
1.0450 	 -834.1382 	 24.7743 	 -809.3639 
1.0500 	 -833.7133 	 24.3589 	 -809.3544 
1.0550 	 -833.7628 	 24.4022 	 -809.3606 
1.0600 	 -834.2161 	 24.8415 	 -809.3746 
1.0650 	 -834.8629 	 25.4747 	 -809.3882 
1.0700 	 -835.4704 	 26.0674 	 -809.4030 
1.0750 	 -835.8167 	 26.4063 	 -809.4104 
1.0800 	 -835.7736 	 26.3652 	 -809.4084 
1.0850 	 -835.3604 	 25.9642 	 -809.3962 
1.0900 	 -834.7639 	 25.3862 	 -809.3777 
1.0950 	 -834.2845 	 24.9243 	 -809.3602 
1.1000 	 -834.1860 	 24.8309 	 -809.3552 
1.1050 	 -834.5180 	 25.1480 	 -809.3700 
1.1100 	 -835.0741 	 25.6821 	 -809.3919 
1.1150 	 -835.5259 	 26.1143 	 -809.4117 
1.1200 	 -835.5847 	 26.1670 	 -809.4177 
1.1250 	 -835.1788 	 25.7767 	 -809.4020 
1.1300 	 -834.5493 	 25.1719 	 -809.3774 
1.1350 	 -834.0902 	 24.7260 	 -809.3642 
1.1400 	 -834.0455 	 24.6799 	 -809.3656 
1.1450 	 -834.4339 	 25.0573 	 -809.3765 
1.1500 	 -835.1182 	 25.7294 	 -809.3888 
1.1550 	 -835.8748 	 26.4715 	 -809.4033 
1.1600 	 -836.4274 	 27.0086 	 -809.4188 
1.1650 	 -836.5104 	 27.0843 	 -809.4261 
1.1700 	 -835.9924 	 26.5751 	 -809.4174 
1.1750 	 -834.9987 	 25.6082 	 -809.3906 
1.1800 	 -833.9378 	 24.5778 	 -809.3600 
1.1850 	 -833.2864 	 23.9446 	 -809.3418 
1.1900 	 -833.3023 	 23.9548 	 -809.3475 
1.1950 	 -833.8698 	 24.4975 	 -809.3723 
1.2000 	 -834.6207 	 25.2318 	 -809.3889 
1.2050 	 -835.2477 	 25.8486 	 -809.3991 
1.2100 	 -835.5854 	 26.1881 	 -809.3974 
1.2150 	 -835.6185 	 26.2222 	 -809.3963 
1.2200 	 -835.3968 	 26.0045 	 -809.3923 
1.2250 	 -835.0326 	 25.6512 	 -809.3814 
1.2300 	 -834.7151 	 25.3420 	 -809.3731 
1.2350 	 -834.5926 	 25.2245 	 -809.3682 
1.2400 	 -834.7076 	 25.3353 	 -809.3724 
1.2450 	 -835.0052 	 25.6286 	 -809.3766 
1.2500 	 -835.3994 	 26.0161 	 -809.3833 
1.2550 	 -835.7460 	 26.3498 	 -809.3962 
1.2600 	 -835.8461 	 26.4417 	 -809.4044 
1.2650 	 -835.5882 	 26.1877 	 -809.4005 
1.2700 	 -835.0433 	 25.6589 	 -809.3844 
1.2750 	 -834.4492 	 25.0820 	 -809.3672 
1.2800 	 -834.0870 	 24.7322 	 -809.3548 
1.2850 	 -834.1261 	 24.7677 	 -809.3583 
1.2900 	 -834.4883 	 25.1110 	 -809.3773 
1.2950 	 -834.8846 	 25.4855 	 -809.3991 
1.3000 	 -835.0182 	 25.6137 	 -809.4045 
1.3050 	 -834.7896 	 25.3913 	 -809.3983 
1.3100 	 -834.2940 	 24.9097 	 -809.3843 
1.3150 	 -833.7424 	 24.3709 	 -809.3715 
1.3200 	 -833.3582 	 23.9987 	 -809.3596 
1.3250 	 -833.3376 	 23.9815 	 -809.3561 
1.3300 	 -833.7531 	 24.3888 	 -809.3643 
1.3350 	 -834.4822 	 25.0995 	 -809.3827 
1.3400 	 -835.2222 	 25.8229 	 -809.3992 
1.3450 	 -835.6761 	 26.2697 	 -809.4064 
1.3500 	 -835.7224 	 26.3235 	 -809.3989 
1.3550 	 -835.4603 	 26.0761 	 -809.3842 
1.3600 	 -835.0943 	 25.7173 	 -809.3770 
1.3650 	 -834.7647 	 25.3920 	 -809.3727 
1.3700 	 -834.5465 	 25.1780 	 -809.3685 
1.3750 	 -834.4929 	 25.1259 	 -809.3670 
1.3800 	 -834.6276 	 25.2553 	 -809.3723 
1.3850 	 -834.8905 	 25.5088 	 -809.3817 
1.3900 	 -835.1440 	 25.7541 	 -809.3899 
1.3950 	 -835.2634 	 25.8694 	 -809.3940 
1.4000 	 -835.1992 	 25.8063 	 -809.3929 
1.4050 	 -834.9980 	 25.6148 	 -809.3833 
1.4100 	 -834.8291 	 25.4541 	 -809.3750 
1.4150 	 -834.8415 	 25.4595 	 -809.3819 
1.4200 	 -834.9383 	 25.5400 	 -809.3983 
1.4250 	 -834.8927 	 25.4975 	 -809.3953 
1.4300 	 -834.7200 	 25.3419 	 -809.3781 
1.4350 	 -834.6259 	 25.2527 	 -809.3732 
1.4400 	 -834.6981 	 25.3193 	 -809.3788 
1.4450 	 -834.8483 	 25.4558 	 -809.3925 
1.4500 	 -834.8967 	 25.4962 	 -809.4005 
1.4550 	 -834.7434 	 25.3506 	 -809.3928 
1.4600 	 -834.4855 	 25.1068 	 -809.3787 
1.4650 	 -834.3454 	 24.9794 	 -809.3660 
1.4700 	 -834.4863 	 25.1146 	 -809.3717 
1.4750 	 -834.8147 	 25.4254 	 -809.3894 
1.4800 	 -835.0800 	 25.6812 	 -809.3988 
1.4850 	 -835.1282 	 25.7350 	 -809.3932 
1.4900 	 -835.0021 	 25.6131 	 -809.3890 
1.4950 	 -834.7956 	 25.4104 	 -809.3852 
1.5000 	 -834.5911 	 25.2132 	 -809.3780 
1.5050 	 -834.4890 	 25.1139 	 -809.3751 
1.5100 	 -834.5587 	 25.1874 	 -809.3713 
1.5150 	 -834.8365 	 25.4647 	 -809.3718 
1.5200 	 -835.2841 	 25.9058 	 -809.3783 
1.5250 	 -835.7687 	 26.3779 	 -809.3909 
1.5300 	 -836.0880 	 26.6867 	 -809.4013 
1.5350 	 -836.0755 	 26.6734 	 -809.4021 
1.5400 	 -835.7042 	 26.3092 	 -809.3950 
1.5450 	 -835.1021 	 25.7225 	 -809.3796 
1.5500 	 -834.5036 	 25.1375 	 -809.3661 
1.5550 	 -834.1197 	 24.7609 	 -809.3588 
1.5600 	 -834.0586 	 24.6957 	 -809.3629 
1.5650 	 -834.2783 	 24.9055 	 -809.3728 
1.5700 	 -834.6194 	 25.2349 	 -809.3845 
1.5750 	 -834.8795 	 25.4868 	 -809.3926 
1.5800 	 -834.9127 	 25.5202 	 -809.3925 
1.5850 	 -834.6959 	 25.3077 	 -809.3882 
1.5900 	 -834.3210 	 24.9458 	 -809.3751 
1.5950 	 -833.9839 	 24.6211 	 -809.3628 
1.6000 	 -833.8873 	 24.5283 	 -809.3590 
1.6050 	 -834.1157 	 24.7528 	 -809.3629 
1.6100 	 -834.5922 	 25.2154 	 -809.3768 
1.6150 	 -835.1135 	 25.7254 	 -809.3881 
1.6200 	 -835.4814 	 26.0877 	 -809.3937 
1.6250 	 -835.5966 	 26.2050 	 -809.3915 
1.6300 	 -835.4819 	 26.0961 	 -809.3858 
1.6350 	 -835.2276 	 25.8449 	 -809.3827 
1.6400 	 -834.9194 	 25.5406 	 -809.3788 
1.6450 	 -834.6272 	 25.2533 	 -809.3739 
1.6500 	 -834.4014 	 25.0300 	 -809.3715 
1.6550 	 -834.2776 	 24.9103 	 -809.3673 
1.6600 	 -834.3009 	 24.9314 	 -809.3695 
1.6650 	 -834.4524 	 25.0765 	 -809.3759 
1.6700 	 -834.6394 	 25.2552 	 -809.3842 
1.6750 	 -834.7793 	 25.3924 	 -809.3869 
1.6800 	 -834.8679 	 25.4816 	 -809.3863 
1.6850 	 -834.9311 	 25.5467 	 -809.3845 
1.6900 	 -835.0125 	 25.6347 	 -809.3778 
1.6950 	 -835.1730 	 25.7951 	 -809.3780 
1.7000 	 -835.3923 	 26.0102 	 -809.3821 
1.7050 	 -835.5788 	 26.1891 	 -809.3897 
1.7100 	 -835.6416 	 26.2516 	 -809.3900 
1.7150 	 -835.5591 	 26.1719 	 -809.3872 
1.7200 	 -835.3414 	 25.9525 	 -809.3889 
1.7250 	 -834.9792 	 25.5923 	 -809.3868 
1.7300 	 -834.4935 	 25.1148 	 -809.3788 
1.7350 	 -834.0007 	 24.6376 	 -809.3631 
1.7400 	 -833.6950 	 24.3369 	 -809.3581 
1.7450 	 -833.6594 	 24.2974 	 -809.3620 
1.7500 	 -833.8259 	 24.4555 	 -809.3704 
1.7550 	 -834.0480 	 24.6724 	 -809.3756 
1.7600 	 -834.2212 	 24.8473 	 -809.3739 
1.7650 	 -834.3491 	 24.9806 	 -809.3685 
1.7700 	 -834.4880 	 25.1161 	 -809.3719 
1.7750 	 -834.6390 	 25.2651 	 -809.3739 
1.7800 	 -834.7963 	 25.4206 	 -809.3757 
1.7850 	 -834.9717 	 25.5960 	 -809.3756 
1.7900 	 -835.1958 	 25.8205 	 -809.3753 
1.7950 	 -835.4768 	 26.0975 	 -809.3792 
1.8000 	 -835.7533 	 26.3667 	 -809.3866 
1.8050 	 -835.9077 	 26.5115 	 -809.3962 
1.8100 	 -835.8201 	 26.4231 	 -809.3971 
1.8150 	 -835.4775 	 26.0879 	 -809.3897 
1.8200 	 -835.0064 	 25.6217 	 -809.3847 
1.8250 	 -834.5613 	 25.1803 	 -809.3810 
1.8300 	 -834.2672 	 24.8909 	 -809.3763 
1.8350 	 -834.2375 	 24.8614 	 -809.3761 
1.8400 	 -834.4855 	 25.1002 	 -809.3853 
1.8450 	 -834.8649 	 25.4723 	 -809.3926 
1.8500 	 -835.2237 	 25.8326 	 -809.3911 
1.8550 	 -835.5179 	 26.1240 	 -809.3939 
1.8600 	 -835.7154 	 26.3215 	 -809.3939 
1.8650 	 -835.7982 	 26.4038 	 -809.3944 
1.8700 	 -835.7567 	 26.3660 	 -809.3907 
1.8750 	 -835.6240 	 26.2398 	 -809.3842 
1.8800 	 -835.4525 	 26.0669 	 -809.3856 
1.8850 	 -835.2187 	 25.8327 	 -809.3861 
1.8900 	 -834.8778 	 25.4917 	 -809.3861 
1.8950 	 -834.4303 	 25.0488 	 -809.3815 
1.9000 	 -833.9707 	 24.6025 	 -809.3683 
1.9050 	 -833.6636 	 24.3020 	 -809.3616 
1.9100 	 -833.6000 	 24.2347 	 -809.3653 
1.9150 	 -833.7146 	 24.3377 	 -809.3770 
1.9200 	 -833.8552 	 24.4736 	 -809.3815 
1.9250 	 -833.9228 	 24.5373 	 -809.3856 
1.9300 	 -833.8644 	 24.4786 	 -809.3857 
1.9350 	 -833.7128 	 24.3366 	 -809.3762 
1.9400 	 -833.6360 	 24.2753 	 -809.3607 
1.9450 	 -833.8929 	 24.5427 	 -809.3502 
1.9500 	 -834.6458 	 25.2896 	 -809.3562 
1.9550 	 -835.7669 	 26.3823 	 -809.3846 
1.9600 	 -836.8260 	 27.4109 	 -809.4151 
1.9650 	 -837.3680 	 27.9440 	 -809.4241 
1.9700 	 -837.2249 	 27.8131 	 -809.4118 
1.9750 	 -836.5604 	 27.1691 	 -809.3913 
1.9800 	 -835.7096 	 26.3378 	 -809.3718 
1.9850 	 -834.9969 	 25.6350 	 -809.3619 
1.9900 	 -834.5845 	 25.2179 	 -809.3666 
1.9950 	 -834.4283 	 25.0571 	 -809.3712 
2.0000 	 -834.4286 	 25.0571 	 -809.3714 
2.0050 	 -834.5302 	 25.1546 	 -809.3756 
2.0100 	 -834.6414 	 25.2570 	 -809.3845 
2.0150 	 -834.6077 	 25.2212 	 -809.3866 
2.0200 	 -834.3480 	 24.9656 	 -809.3824 
2.0250 	 -833.9229 	 24.5546 	 -809.3683 
2.0300 	 -833.5337 	 24.1792 	 -809.3544 
2.0350 	 -833.3709 	 24.0202 	 -809.3507 
2.0400 	 -833.4751 	 24.1193 	 -809.3558 
2.0450 	 -833.7560 	 24.3903 	 -809.3658 
2.0500 	 -834.0884 	 24.7133 	 -809.3751 
2.0550 	 -834.3877 	 25.0102 	 -809.3775 
2.0600 	 -834.6366 	 25.2585 	 -809.3782 
2.0650 	 -834.8264 	 25.4419 	 -809.3845 
2.0700 	 -834.9046 	 25.5180 	 -809.3867 
2.0750 	 -834.8657 	 25.4844 	 -809.3813 
2.0800 	 -834.8128 	 25.4406 	 -809.3722 
2.0850 	 -834.8832 	 25.5096 	 -809.3736 
2.0900 	 -835.0878 	 25.7090 	 -809.3788 
2.0950 	 -835.3197 	 25.9313 	 -809.3884 
2.1000 	 -835.4459 	 26.0542 	 -809.3918 
2.1050 	 -835.4390 	 26.0525 	 -809.3865 
2.1100 	 -835.3969 	 26.0167 	 -809.3802 
2.1150 	 -835.4370 	 26.0587 	 -809.3783 
2.1200 	 -835.5815 	 26.1994 	 -809.3821 
2.1250 	 -835.7436 	 26.3522 	 -809.3914 
2.1300 	 -835.7863 	 26.3894 	 -809.3969 
2.1350 	 -835.6240 	 26.2293 	 -809.3947 
2.1400 	 -835.2671 	 25.8798 	 -809.3873 
2.1450 	 -834.8051 	 25.4261 	 -809.3791 
2.1500 	 -834.3681 	 24.9959 	 -809.3722 
2.1550 	 -834.0874 	 24.7226 	 -809.3648 
2.1600 	 -834.0610 	 24.6976 	 -809.3634 
2.1650 	 -834.3000 	 24.9340 	 -809.3661 
2.1700 	 -834.7253 	 25.3497 	 -809.3756 
2.1750 	 -835.1693 	 25.7817 	 -809.3876 
2.1800 	 -835.4473 	 26.0510 	 -809.3963 
2.1850 	 -835.4560 	 26.0634 	 -809.3926 
2.1900 	 -835.2710 	 25.8937 	 -809.3772 
2.1950 	 -835.0690 	 25.6930 	 -809.3760 
2.2000 	 -834.8780 	 25.4941 	 -809.3839 
2.2050 	 -834.6134 	 25.2295 	 -809.3839 
2.2100 	 -834.2674 	 24.8899 	 -809.3774 
2.2150 	 -833.9437 	 24.5796 	 -809.3641 
2.2200 	 -833.8107 	 24.4524 	 -809.3583 
2.2250 	 -833.9543 	 24.5916 	 -809.3628 
2.2300 	 -834.3247 	 24.9511 	 -809.3736 
2.2350 	 -834.7719 	 25.3878 	 -809.3841 
2.2400 	 -835.1072 	 25.7110 	 -809.3961 
2.2450 	 -835.1662 	 25.7716 	 -809.3946 
2.2500 	 -834.9426 	 25.5541 	 -809.3885 
2.2550 	 -834.5452 	 25.1676 	 -809.3776 
2.2600 	 -834.1498 	 24.7827 	 -809.3672 
2.2650 	 -833.9418 	 24.5773 	 -809.3645 
2.2700 	 -834.0106 	 24.6425 	 -809.3680 
2.2750 	 -834.3202 	 24.9474 	 -809.3729 
2.2800 	 -834.7999 	 25.4239 	 -809.3760 
2.2850 	 -835.3768 	 25.9946 	 -809.3821 
2.2900 	 -835.9084 	 26.5136 	 -809.3948 
2.2950 	 -836.1904 	 26.7885 	 -809.4019 
2.3000 	 -836.1007 	 26.7015 	 -809.3991 
2.3050 	 -835.6904 	 26.3040 	 -809.3864 
2.3100 	 -835.1553 	 25.7833 	 -809.3720 
2.3150 	 -834.7101 	 25.3465 	 -809.3636 
2.3200 	 -834.4848 	 25.1230 	 -809.3619 
2.3250 	 -834.4951 	 25.1272 	 -809.3679 
2.3300 	 -834.6530 	 25.2773 	 -809.3757 
2.3350 	 -834.8378 	 25.4520 	 -809.3857 
2.3400 	 -834.9332 	 25.5480 	 -809.3853 
2.3450 	 -834.9258 	 25.5430 	 -809.3827 
2.3500 	 -834.8852 	 25.5086 	 -809.3766 
2.3550 	 -834.9113 	 25.5314 	 -809.3798 
2.3600 	 -834.9957 	 25.6059 	 -809.3898 
2.3650 	 -835.0376 	 25.6491 	 -809.3885 
2.3700 	 -835.0118 	 25.6306 	 -809.3812 
2.3750 	 -834.9984 	 25.6275 	 -809.3709 
2.3800 	 -835.1296 	 25.7632 	 -809.3663 
2.3850 	 -835.4304 	 26.0482 	 -809.3823 
2.3900 	 -835.6813 	 26.2755 	 -809.4058 
2.3950 	 -835.5720 	 26.1571 	 -809.4149 
2.4000 	 -834.9889 	 25.5880 	 -809.4009 
2.4050 	 -834.1431 	 24.7664 	 -809.3767 
2.4100 	 -833.4285 	 24.0725 	 -809.3560 
2.4150 	 -833.1587 	 23.8027 	 -809.3559 
2.4200 	 -833.3377 	 23.9711 	 -809.3666 
2.4250 	 -833.7703 	 24.3952 	 -809.3751 
2.4300 	 -834.2694 	 24.8891 	 -809.3803 
2.4350 	 -834.6908 	 25.3029 	 -809.3879 
2.4400 	 -834.8766 	 25.4791 	 -809.3974 
2.4450 	 -834.7178 	 25.3237 	 -809.3941 
2.4500 	 -834.3158 	 24.9430 	 -809.3728 
2.4550 	 -833.9995 	 24.6455 	 -809.3541 
2.4600 	 -834.0678 	 24.7145 	 -809.3533 
2.4650 	 -834.5623 	 25.1964 	 -809.3659 
2.4700 	 -835.3055 	 25.9224 	 -809.3831 
2.4750 	 -836.0302 	 26.6325 	 -809.3977 
2.4800 	 -836.4853 	 27.0742 	 -809.4110 
2.4850 	 -836.4845 	 27.0679 	 -809.4166 
2.4900 	 -835.9721 	 26.5634 	 -809.4087 
2.4950 	 -835.0868 	 25.7014 	 -809.3854 
2.5000 	 -834.1548 	 24.7897 	 -809.3652 
2.5050 	 -833.4820 	 24.1276 	 -809.3544 
2.5100 	 -833.1889 	 23.8243 	 -809.3647 
2.5150 	 -833.1541 	 23.7785 	 -809.3756 
2.5200 	 -833.2293 	 23.8525 	 -809.3768 
2.5250 	 -833.3879 	 24.0177 	 -809.3702 
2.5300 	 -833.7089 	 24.3438 	 -809.3651 
2.5350 	 -834.2554 	 24.8883 	 -809.3672 
2.5400 	 -834.9793 	 25.5990 	 -809.3803 
2.5450 	 -835.7004 	 26.3028 	 -809.3975 
2.5500 	 -836.1899 	 26.7829 	 -809.4070 
2.5550 	 -836.3188 	 26.9142 	 -809.4047 
2.5600 	 -836.1325 	 26.7421 	 -809.3904 
2.5650 	 -835.8272 	 26.4514 	 -809.3757 
2.5700 	 -835.6199 	 26.2490 	 -809.3708 
2.5750 	 -835.6114 	 26.2367 	 -809.3747 
2.5800 	 -835.7815 	 26.3979 	 -809.3836 
2.5850 	 -836.0230 	 26.6293 	 -809.3937 
2.5900 	 -836.1885 	 26.7885 	 -809.4001 
2.5950 	 -836.1456 	 26.7438 	 -809.4018 
2.6000 	 -835.8289 	 26.4319 	 -809.3970 
2.6050 	 -835.2782 	 25.8885 	 -809.3897 
2.6100 	 -834.6006 	 25.2222 	 -809.3783 
2.6150 	 -833.9661 	 24.5995 	 -809.3666 
2.6200 	 -833.5563 	 24.1936 	 -809.3628 
2.6250 	 -833.4539 	 24.0869 	 -809.3670 
2.6300 	 -833.6011 	 24.2240 	 -809.3771 
2.6350 	 -833.8575 	 24.4744 	 -809.3830 
2.6400 	 -834.1160 	 24.7294 	 -809.3866 
2.6450 	 -834.3093 	 24.9240 	 -809.3853 
2.6500 	 -834.3966 	 25.0099 	 -809.3866 
2.6550 	 -834.3635 	 24.9844 	 -809.3791 
2.6600 	 -834.3104 	 24.9397 	 -809.3706 
2.6650 	 -834.3612 	 24.9912 	 -809.3699 
2.6700 	 -834.5330 	 25.1540 	 -809.3790 
2.6750 	 -834.7125 	 25.3235 	 -809.3890 
2.6800 	 -834.7546 	 25.3654 	 -809.3892 
2.6850 	 -834.6272 	 25.2463 	 -809.3809 
2.6900 	 -834.4569 	 25.0902 	 -809.3667 
2.6950 	 -834.4488 	 25.0908 	 -809.3580 
2.7000 	 -834.7329 	 25.3744 	 -809.3585 
2.7050 	 -835.2860 	 25.9151 	 -809.3709 
2.7100 	 -835.9323 	 26.5427 	 -809.3896 
2.7150 	 -836.4158 	 27.0135 	 -809.4022 
2.7200 	 -836.5290 	 27.1233 	 -809.4056 
2.7250 	 -836.2016 	 26.7982 	 -809.4034 
2.7300 	 -835.4965 	 26.1015 	 -809.3950 
2.7350 	 -834.5872 	 25.2077 	 -809.3795 
2.7400 	 -833.7480 	 24.3855 	 -809.3626 
2.7450 	 -833.2466 	 23.8916 	 -809.3550 
2.7500 	 -833.1780 	 23.8111 	 -809.3670 
2.7550 	 -833.3863 	 24.0040 	 -809.3822 
2.7600 	 -833.6482 	 24.2606 	 -809.3876 
2.7650 	 -833.8668 	 24.4852 	 -809.3816 
2.7700 	 -834.1038 	 24.7306 	 -809.3732 
2.7750 	 -834.4767 	 25.1056 	 -809.3710 
2.7800 	 -835.0309 	 25.6532 	 -809.3777 
2.7850 	 -835.6821 	 26.2927 	 -809.3894 
2.7900 	 -836.2684 	 26.8725 	 -809.3959 
2.7950 	 -836.6626 	 27.2646 	 -809.3980 
2.8000 	 -836.8255 	 27.4294 	 -809.3962 
2.8050 	 -836.7856 	 27.3890 	 -809.3966 
2.8100 	 -836.5253 	 27.1254 	 -809.3999 
2.8150 	 -835.9987 	 26.6082 	 -809.3905 
2.8200 	 -835.3012 	 25.9252 	 -809.3760 
2.8250 	 -834.6238 	 25.2586 	 -809.3653 
2.8300 	 -834.1111 	 24.7450 	 -809.3660 
2.8350 	 -833.7854 	 24.4152 	 -809.3702 
2.8400 	 -833.6122 	 24.2382 	 -809.3739 
2.8450 	 -833.5684 	 24.1970 	 -809.3714 
2.8500 	 -833.6915 	 24.3232 	 -809.3683 
2.8550 	 -834.0124 	 24.6361 	 -809.3763 
2.8600 	 -834.4276 	 25.0378 	 -809.3898 
2.8650 	 -834.7189 	 25.3176 	 -809.4013 
2.8700 	 -834.7199 	 25.3207 	 -809.3993 
2.8750 	 -834.4697 	 25.0842 	 -809.3854 
2.8800 	 -834.1783 	 24.8101 	 -809.3681 
2.8850 	 -834.0612 	 24.6898 	 -809.3714 
2.8900 	 -834.1316 	 24.7558 	 -809.3759 
2.8950 	 -834.3145 	 24.9346 	 -809.3799 
2.9000 	 -834.5354 	 25.1547 	 -809.3808 
2.9050 	 -834.7714 	 25.3905 	 -809.3808 
2.9100 	 -835.0497 	 25.6730 	 -809.3766 
2.9150 	 -835.4477 	 26.0764 	 -809.3712 
2.9200 	 -836.0374 	 26.6615 	 -809.3760 
2.9250 	 -836.7337 	 27.3346 	 -809.3991 
2.9300 	 -837.2123 	 27.7932 	 -809.4191 
2.9350 	 -837.1616 	 27.7437 	 -809.4179 
2.9400 	 -836.5443 	 27.1404 	 -809.4039 
2.9450 	 -835.5654 	 26.1801 	 -809.3853 
2.9500 	 -834.5126 	 25.1417 	 -809.3709 
2.9550 	 -833.6158 	 24.2525 	 -809.3632 
2.9600 	 -833.0221 	 23.6661 	 -809.3560 
2.9650 	 -832.8319 	 23.4786 	 -809.3534 
2.9700 	 -833.0733 	 23.7183 	 -809.3551 
2.9750 	 -833.6909 	 24.3279 	 -809.3630 
2.9800 	 -834.5119 	 25.1306 	 -809.3813 
2.9850 	 -835.2451 	 25.8484 	 -809.3967 
2.9900 	 -835.6431 	 26.2420 	 -809.4011 
2.9950 	 -835.6238 	 26.2286 	 -809.3952 
3.0000 	 -835.2675 	 25.8856 	 -809.3819 
3.0050 	 -834.7734 	 25.4072 	 -809.3663 
3.0100 	 -834.3752 	 25.0192 	 -809.3560 
3.0150 	 -834.2246 	 24.8679 	 -809.3567 
3.0200 	 -834.3200 	 24.9562 	 -809.3639 
3.0250 	 -834.5467 	 25.1732 	 -809.3735 
3.0300 	 -834.7482 	 25.3661 	 -809.3821 
3.0350 	 -834.7944 	 25.4120 	 -809.3824 
3.0400 	 -834.6513 	 25.2716 	 -809.3797 
3.0450 	 -834.3750 	 25.0059 	 -809.3691 
3.0500 	 -834.1260 	 24.7679 	 -809.3581 
3.0550 	 -834.0766 	 24.7210 	 -809.3556 
3.0600 	 -834.2858 	 24.9221 	 -809.3638 
3.0650 	 -834.6523 	 25.2771 	 -809.3752 
3.0700 	 -834.9903 	 25.6027 	 -809.3876 
3.0750 	 -835.1112 	 25.7160 	 -809.3952 
3.0800 	 -834.9103 	 25.5186 	 -809.3917 
3.0850 	 -834.4329 	 25.0529 	 -809.3800 
3.0900 	 -833.8580 	 24.4924 	 -809.3655 
3.0950 	 -833.4110 	 24.0562 	 -809.3547 
3.1000 	 -833.2726 	 23.9242 	 -809.3484 
3.1050 	 -833.5401 	 24.1877 	 -809.3524 
3.1100 	 -834.1757 	 24.8119 	 -809.3637 
3.1150 	 -835.0192 	 25.6390 	 -809.3802 
3.1200 	 -835.8430 	 26.4511 	 -809.3919 
3.1250 	 -836.4627 	 27.0602 	 -809.4025 
3.1300 	 -836.7442 	 27.3379 	 -809.4063 
3.1350 	 -836.6519 	 27.2501 	 -809.4018 
3.1400 	 -836.2968 	 26.9129 	 -809.3839 
3.1450 	 -835.9321 	 26.5623 	 -809.3698 
3.1500 	 -835.7686 	 26.3966 	 -809.3720 
3.1550 	 -835.8028 	 26.4167 	 -809.3860 
3.1600 	 -835.8603 	 26.4605 	 -809.3998 
3.1650 	 -835.7733 	 26.3739 	 -809.3994 
3.1700 	 -835.5326 	 26.1417 	 -809.3909 
3.1750 	 -835.2521 	 25.8689 	 -809.3832 
3.1800 	 -835.0397 	 25.6558 	 -809.3839 
3.1850 	 -834.8641 	 25.4714 	 -809.3927 
3.1900 	 -834.5664 	 25.1693 	 -809.3972 
3.1950 	 -834.0705 	 24.6868 	 -809.3837 
3.2000 	 -833.5423 	 24.1804 	 -809.3620 
3.2050 	 -833.2729 	 23.9247 	 -809.3482 
3.2100 	 -833.4350 	 24.0799 	 -809.3552 
3.2150 	 -833.9166 	 24.5448 	 -809.3718 
3.2200 	 -834.4323 	 25.0446 	 -809.3877 
3.2250 	 -834.7243 	 25.3299 	 -809.3944 
3.2300 	 -834.7004 	 25.3071 	 -809.3932 
3.2350 	 -834.4258 	 25.0430 	 -809.3828 
3.2400 	 -834.0794 	 24.7093 	 -809.3701 
3.2450 	 -833.8733 	 24.5140 	 -809.3593 
3.2500 	 -833.9799 	 24.6207 	 -809.3592 
3.2550 	 -834.4137 	 25.0417 	 -809.3720 
3.2600 	 -834.9887 	 25.5995 	 -809.3892 
3.2650 	 -835.4439 	 26.0459 	 -809.3980 
3.2700 	 -835.5948 	 26.1913 	 -809.4035 
3.2750 	 -835.3571 	 25.9566 	 -809.4005 
3.2800 	 -834.8011 	 25.4173 	 -809.3838 
3.2850 	 -834.1777 	 24.8174 	 -809.3603 
3.2900 	 -833.8361 	 24.4948 	 -809.3413 
3.2950 	 -834.0555 	 24.7155 	 -809.3400 
3.3000 	 -834.8352 	 25.4733 	 -809.3619 
3.3050 	 -835.8179 	 26.4173 	 -809.4006 
3.3100 	 -836.4616 	 27.0375 	 -809.4241 
3.3150 	 -836.4324 	 27.0109 	 -809.4214 
3.3200 	 -835.7866 	 26.3894 	 -809.3972 
3.3250 	 -834.8900 	 25.5195 	 -809.3705 
3.3300 	 -834.1722 	 24.8225 	 -809.3497 
3.3350 	 -833.9457 	 24.6004 	 -809.3452 
3.3400 	 -834.2709 	 24.9128 	 -809.3581 
3.3450 	 -834.9406 	 25.5632 	 -809.3774 
3.3500 	 -835.6251 	 26.2290 	 -809.3960 
3.3550 	 -836.0301 	 26.6280 	 -809.4022 
3.3600 	 -836.0244 	 26.6232 	 -809.4012 
3.3650 	 -835.6093 	 26.2095 	 -809.3998 
3.3700 	 -834.8384 	 25.4448 	 -809.3937 
3.3750 	 -833.8429 	 24.4626 	 -809.3803 
3.3800 	 -832.8608 	 23.5008 	 -809.3600 
3.3850 	 -832.2293 	 22.8912 	 -809.3381 
3.3900 	 -832.2615 	 22.9249 	 -809.3366 
3.3950 	 -832.9834 	 23.6284 	 -809.3550 
3.4000 	 -834.1080 	 24.7269 	 -809.3811 
3.4050 	 -835.2433 	 25.8432 	 -809.4001 
3.4100 	 -836.0861 	 26.6723 	 -809.4138 
3.4150 	 -836.4503 	 27.0342 	 -809.4161 
3.4200 	 -836.3075 	 26.9028 	 -809.4047 
3.4250 	 -835.8290 	 26.4431 	 -809.3859 
3.4300 	 -835.3092 	 25.9379 	 -809.3713 
3.4350 	 -834.9586 	 25.5887 	 -809.3699 
3.4400 	 -834.8032 	 25.4313 	 -809.3718 
3.4450 	 -834.7855 	 25.4084 	 -809.3771 
3.4500 	 -834.8245 	 25.4437 	 -809.3808 
3.4550 	 -834.8603 	 25.4769 	 -809.3833 
3.4600 	 -834.8553 	 25.4732 	 -809.3820 
3.4650 	 -834.8153 	 25.4373 	 -809.3780 
3.4700 	 -834.7827 	 25.4099 	 -809.3728 
3.4750 	 -834.7914 	 25.4153 	 -809.3762 
3.4800 	 -834.8055 	 25.4271 	 -809.3784 
3.4850 	 -834.8138 	 25.4434 	 -809.3704 
3.4900 	 -834.9023 	 25.5352 	 -809.3671 
3.4950 	 -835.1279 	 25.7540 	 -809.3738 
3.5000 	 -835.4028 	 26.0100 	 -809.3928 
3.5050 	 -835.4812 	 26.0723 	 -809.4089 
3.5100 	 -835.1368 	 25.7269 	 -809.4099 
3.5150 	 -834.3405 	 24.9474 	 -809.3930 
3.5200 	 -833.3361 	 23.9710 	 -809.3651 
3.5250 	 -832.5522 	 23.2096 	 -809.3425 
3.5300 	 -832.3562 	 23.0197 	 -809.3365 
3.5350 	 -832.8448 	 23.4941 	 -809.3507 
3.5400 	 -833.8071 	 24.4374 	 -809.3697 
3.5450 	 -834.9293 	 25.5463 	 -809.3830 
3.5500 	 -835.9445 	 26.5495 	 -809.3950 
3.5550 	 -836.6251 	 27.2201 	 -809.4050 
3.5600 	 -836.8202 	 27.4120 	 -809.4083 
3.5650 	 -836.4973 	 27.0946 	 -809.4027 
3.5700 	 -835.7573 	 26.3689 	 -809.3884 
3.5750 	 -834.8252 	 25.4553 	 -809.3699 
3.5800 	 -833.9976 	 24.6432 	 -809.3543 
3.5850 	 -833.5485 	 24.2039 	 -809.3445 
3.5900 	 -833.6356 	 24.2861 	 -809.3496 
3.5950 	 -834.2020 	 24.8312 	 -809.3708 
3.6000 	 -834.9732 	 25.5828 	 -809.3904 
3.6050 	 -835.6523 	 26.2513 	 -809.4009 
3.6100 	 -836.0654 	 26.6612 	 -809.4041 
3.6150 	 -836.1602 	 26.7605 	 -809.3997 
3.6200 	 -835.9803 	 26.5842 	 -809.3961 
3.6250 	 -835.5992 	 26.2096 	 -809.3895 
3.6300 	 -835.1285 	 25.7480 	 -809.3805 
3.6350 	 -834.7295 	 25.3617 	 -809.3678 
3.6400 	 -834.5715 	 25.2052 	 -809.3663 
3.6450 	 -834.6724 	 25.2964 	 -809.3760 
3.6500 	 -834.8788 	 25.4876 	 -809.3912 
3.6550 	 -834.9834 	 25.5849 	 -809.3985 
3.6600 	 -834.8604 	 25.4664 	 -809.3939 
3.6650 	 -834.5283 	 25.1450 	 -809.3833 
3.6700 	 -834.1374 	 24.7687 	 -809.3687 
3.6750 	 -833.9053 	 24.5469 	 -809.3584 
3.6800 	 -833.9822 	 24.6206 	 -809.3616 
3.6850 	 -834.3086 	 24.9281 	 -809.3805 
3.6900 	 -834.6216 	 25.2223 	 -809.3993 
3.6950 	 -834.6549 	 25.2548 	 -809.4001 
3.7000 	 -834.3706 	 24.9855 	 -809.3851 
3.7050 	 -833.9924 	 24.6284 	 -809.3640 
3.7100 	 -833.8409 	 24.4916 	 -809.3493 
3.7150 	 -834.1100 	 24.7568 	 -809.3532 
3.7200 	 -834.7365 	 25.3631 	 -809.3734 
3.7250 	 -835.4558 	 26.0666 	 -809.3892 
3.7300 	 -835.9913 	 26.5885 	 -809.4027 
3.7350 	 -836.1352 	 26.7288 	 -809.4064 
3.7400 	 -835.8452 	 26.4503 	 -809.3949 
3.7450 	 -835.3011 	 25.9205 	 -809.3806 
3.7500 	 -834.7814 	 25.4147 	 -809.3667 
3.7550 	 -834.4982 	 25.1285 	 -809.3697 
3.7600 	 -834.4653 	 25.0928 	 -809.3725 
3.7650 	 -834.6414 	 25.2701 	 -809.3713 
3.7700 	 -835.0126 	 25.6376 	 -809.3750 
3.7750 	 -835.5005 	 26.1140 	 -809.3865 
3.7800 	 -835.9013 	 26.4978 	 -809.4035 
3.7850 	 -835.9694 	 26.5612 	 -809.4083 
3.7900 	 -835.6192 	 26.2208 	 -809.3983 
3.7950 	 -835.0006 	 25.6216 	 -809.3790 
3.8000 	 -834.3942 	 25.0286 	 -809.3656 
3.8050 	 -834.0146 	 24.6550 	 -809.3597 
3.8100 	 -833.9531 	 24.5945 	 -809.3586 
3.8150 	 -834.2053 	 24.8454 	 -809.3599 
3.8200 	 -834.6871 	 25.3159 	 -809.3712 
3.8250 	 -835.1965 	 25.8049 	 -809.3916 
3.8300 	 -835.4674 	 26.0689 	 -809.3984 
3.8350 	 -835.3634 	 25.9658 	 -809.3975 
3.8400 	 -834.8976 	 25.5121 	 -809.3855 
3.8450 	 -834.2629 	 24.8966 	 -809.3662 
3.8500 	 -833.7552 	 24.4026 	 -809.3526 
3.8550 	 -833.5883 	 24.2352 	 -809.3532 
3.8600 	 -833.7797 	 24.4143 	 -809.3654 
3.8650 	 -834.1689 	 24.7915 	 -809.3775 
3.8700 	 -834.5500 	 25.1636 	 -809.3864 
3.8750 	 -834.7558 	 25.3644 	 -809.3914 
3.8800 	 -834.7071 	 25.3178 	 -809.3893 
3.8850 	 -834.4278 	 25.0441 	 -809.3837 
3.8900 	 -834.0171 	 24.6427 	 -809.3744 
3.8950 	 -833.6440 	 24.2812 	 -809.3628 
3.9000 	 -833.5194 	 24.1642 	 -809.3552 
3.9050 	 -833.7833 	 24.4241 	 -809.3592 
3.9100 	 -834.3749 	 24.9990 	 -809.3760 
3.9150 	 -835.0414 	 25.6474 	 -809.3940 
3.9200 	 -835.5277 	 26.1262 	 -809.4015 
3.9250 	 -835.7308 	 26.3358 	 -809.3951 
3.9300 	 -835.6921 	 26.3039 	 -809.3881 
3.9350 	 -835.5010 	 26.1205 	 -809.3805 
3.9400 	 -835.2603 	 25.8812 	 -809.3790 
3.9450 	 -835.0273 	 25.6489 	 -809.3784 
3.9500 	 -834.8506 	 25.4781 	 -809.3724 
3.9550 	 -834.8187 	 25.4483 	 -809.3704 
3.9600 	 -834.9854 	 25.6100 	 -809.3754 
3.9650 	 -835.2950 	 25.9115 	 -809.3835 
3.9700 	 -835.6208 	 26.2326 	 -809.3882 
3.9750 	 -835.8446 	 26.4508 	 -809.3938 
3.9800 	 -835.8658 	 26.4661 	 -809.3997 
3.9850 	 -835.6134 	 26.2120 	 -809.4015 
3.9900 	 -835.0718 	 25.6703 	 -809.4015 
3.9950 	 -834.3031 	 24.9151 	 -809.3880 
4.0000 	 -833.5421 	 24.1778 	 -809.3643 
4.0050 	 -833.1519 	 23.8050 	 -809.3469 
4.0100 	 -833.3767 	 24.0245 	 -809.3522 
4.0150 	 -834.1252 	 24.7504 	 -809.3748 
4.0200 	 -835.0355 	 25.6369 	 -809.3986 
4.0250 	 -835.7192 	 26.3050 	 -809.4142 
4.0300 	 -835.9406 	 26.5253 	 -809.4153 
4.0350 	 -835.6936 	 26.2923 	 -809.4013 
4.0400 	 -835.1901 	 25.8085 	 -809.3816 
4.0450 	 -834.7152 	 25.3449 	 -809.3703 
4.0500 	 -834.4701 	 25.1003 	 -809.3698 
4.0550 	 -834.4953 	 25.1139 	 -809.3814 
4.0600 	 -834.6451 	 25.2491 	 -809.3960 
4.0650 	 -834.7116 	 25.3066 	 -809.4050 
4.0700 	 -834.6019 	 25.2099 	 -809.3919 
4.0750 	 -834.4643 	 25.0874 	 -809.3768 
4.0800 	 -834.5041 	 25.1332 	 -809.3709 
4.0850 	 -834.7939 	 25.4166 	 -809.3773 
4.0900 	 -835.2345 	 25.8481 	 -809.3864 
4.0950 	 -835.6586 	 26.2634 	 -809.3952 
4.1000 	 -835.9074 	 26.5076 	 -809.3998 
4.1050 	 -835.8937 	 26.4939 	 -809.3998 
4.1100 	 -835.6199 	 26.2268 	 -809.3932 
4.1150 	 -835.1715 	 25.7858 	 -809.3857 
4.1200 	 -834.6710 	 25.2942 	 -809.3768 
4.1250 	 -834.2422 	 24.8729 	 -809.3693 
4.1300 	 -833.9788 	 24.6098 	 -809.3690 
4.1350 	 -833.9054 	 24.5341 	 -809.3713 
4.1400 	 -833.9894 	 24.6142 	 -809.3752 
4.1450 	 -834.1829 	 24.8086 	 -809.3743 
4.1500 	 -834.4673 	 25.0874 	 -809.3799 
4.1550 	 -834.7801 	 25.3926 	 -809.3875 
4.1600 	 -835.0328 	 25.6402 	 -809.3926 
4.1650 	 -835.1642 	 25.7707 	 -809.3935 
4.1700 	 -835.1870 	 25.8009 	 -809.3861 
4.1750 	 -835.2005 	 25.8160 	 -809.3845 
4.1800 	 -835.2784 	 25.8933 	 -809.3850 
4.1850 	 -835.4461 	 26.0586 	 -809.3875 
4.1900 	 -835.6661 	 26.2691 	 -809.3970 
4.1950 	 -835.8061 	 26.3965 	 -809.4096 
4.2000 	 -835.6692 	 26.2499 	 -809.4193 
4.2050 	 -835.1331 	 25.7199 	 -809.4133 
4.2100 	 -834.3221 	 24.9317 	 -809.3904 
4.2150 	 -833.5800 	 24.2129 	 -809.3671 
4.2200 	 -833.2525 	 23.8967 	 -809.3558 
4.2250 	 -833.4964 	 24.1320 	 -809.3644 
4.2300 	 -834.1702 	 24.7800 	 -809.3902 
4.2350 	 -834.8939 	 25.4838 	 -809.4101 
4.2400 	 -835.3299 	 25.9139 	 -809.4160 
4.2450 	 -835.3635 	 25.9590 	 -809.4044 
4.2500 	 -835.1209 	 25.7319 	 -809.3890 
4.2550 	 -834.8145 	 25.4364 	 -809.3781 
4.2600 	 -834.6028 	 25.2292 	 -809.3736 
4.2650 	 -834.5645 	 25.1948 	 -809.3698 
4.2700 	 -834.7339 	 25.3586 	 -809.3753 
4.2750 	 -835.0488 	 25.6636 	 -809.3852 
4.2800 	 -835.3741 	 25.9790 	 -809.3951 
4.2850 	 -835.5598 	 26.1596 	 -809.4003 
4.2900 	 -835.5014 	 26.1021 	 -809.3994 
4.2950 	 -835.2019 	 25.8100 	 -809.3919 
4.3000 	 -834.8038 	 25.4227 	 -809.3811 
4.3050 	 -834.4903 	 25.1179 	 -809.3724 
4.3100 	 -834.3621 	 24.9866 	 -809.3754 
4.3150 	 -834.3757 	 24.9958 	 -809.3799 
4.3200 	 -834.4530 	 25.0701 	 -809.3829 
4.3250 	 -834.5662 	 25.1865 	 -809.3797 
4.3300 	 -834.7472 	 25.3682 	 -809.3789 
4.3350 	 -834.9785 	 25.5913 	 -809.3872 
4.3400 	 -835.1428 	 25.7488 	 -809.3940 
4.3450 	 -835.1483 	 25.7587 	 -809.3896 
4.3500 	 -835.0488 	 25.6715 	 -809.3773 
4.3550 	 -835.0089 	 25.6409 	 -809.3680 
4.3600 	 -835.1639 	 25.7954 	 -809.3685 
4.3650 	 -835.4922 	 26.1115 	 -809.3808 
4.3700 	 -835.7998 	 26.4042 	 -809.3956 
4.3750 	 -835.8716 	 26.4692 	 -809.4025 
4.3800 	 -835.6245 	 26.2249 	 -809.3996 
4.3850 	 -835.1474 	 25.7619 	 -809.3854 
4.3900 	 -834.6534 	 25.2797 	 -809.3737 
4.3950 	 -834.3105 	 24.9370 	 -809.3735 
4.4000 	 -834.1203 	 24.7389 	 -809.3814 
4.4050 	 -833.9733 	 24.5896 	 -809.3837 
4.4100 	 -833.8081 	 24.4293 	 -809.3788 
4.4150 	 -833.6623 	 24.2893 	 -809.3730 
4.4200 	 -833.6079 	 24.2375 	 -809.3704 
4.4250 	 -833.6759 	 24.3057 	 -809.3702 
4.4300 	 -833.8525 	 24.4787 	 -809.3738 
4.4350 	 -834.0649 	 24.6842 	 -809.3807 
4.4400 	 -834.2161 	 24.8339 	 -809.3822 
4.4450 	 -834.3011 	 24.9276 	 -809.3735 
4.4500 	 -834.4444 	 25.0802 	 -809.3643 
4.4550 	 -834.7860 	 25.4280 	 -809.3580 
4.4600 	 -835.3814 	 26.0162 	 -809.3652 
4.4650 	 -836.1143 	 26.7334 	 -809.3809 
4.4700 	 -836.7244 	 27.3219 	 -809.4025 
4.4750 	 -836.9091 	 27.4954 	 -809.4137 
4.4800 	 -836.5317 	 27.1256 	 -809.4061 
4.4850 	 -835.7255 	 26.3410 	 -809.3844 
4.4900 	 -834.8354 	 25.4726 	 -809.3627 
4.4950 	 -834.2199 	 24.8700 	 -809.3499 
4.5000 	 -834.0462 	 24.6885 	 -809.3576 
4.5050 	 -834.1924 	 24.8168 	 -809.3756 
4.5100 	 -834.3691 	 24.9741 	 -809.3950 
4.5150 	 -834.3030 	 24.9081 	 -809.3950 
4.5200 	 -833.9674 	 24.5883 	 -809.3791 
4.5250 	 -833.5831 	 24.2240 	 -809.3590 
4.5300 	 -833.4470 	 24.0963 	 -809.3507 
4.5350 	 -833.7168 	 24.3582 	 -809.3586 
4.5400 	 -834.3281 	 24.9558 	 -809.3723 
4.5450 	 -835.0760 	 25.6889 	 -809.3871 
4.5500 	 -835.7350 	 26.3384 	 -809.3966 
4.5550 	 -836.1508 	 26.7521 	 -809.3987 
4.5600 	 -836.2730 	 26.8741 	 -809.3989 
4.5650 	 -836.1162 	 26.7175 	 -809.3987 
4.5700 	 -835.7202 	 26.3263 	 -809.3939 
4.5750 	 -835.1797 	 25.7951 	 -809.3846 
4.5800 	 -834.6628 	 25.2913 	 -809.3715 
4.5850 	 -834.3655 	 25.0008 	 -809.3647 
4.5900 	 -834.3961 	 25.0270 	 -809.3691 
4.5950 	 -834.6859 	 25.3038 	 -809.3821 
4.6000 	 -835.0210 	 25.6317 	 -809.3893 
4.6050 	 -835.2073 	 25.8097 	 -809.3976 
4.6100 	 -835.1293 	 25.7354 	 -809.3939 
4.6150 	 -834.8453 	 25.4603 	 -809.3850 
4.6200 	 -834.4938 	 25.1089 	 -809.3849 
4.6250 	 -834.1372 	 24.7542 	 -809.3830 
4.6300 	 -833.8135 	 24.4338 	 -809.3798 
4.6350 	 -833.5805 	 24.2063 	 -809.3741 
4.6400 	 -833.5148 	 24.1426 	 -809.3722 
4.6450 	 -833.6323 	 24.2577 	 -809.3746 
4.6500 	 -833.8835 	 24.5058 	 -809.3776 
4.6550 	 -834.2174 	 24.8382 	 -809.3792 
4.6600 	 -834.6015 	 25.2211 	 -809.3804 
4.6650 	 -835.0248 	 25.6472 	 -809.3776 
4.6700 	 -835.4928 	 26.1132 	 -809.3795 
4.6750 	 -835.9652 	 26.5760 	 -809.3892 
4.6800 	 -836.3248 	 26.9266 	 -809.3982 
4.6850 	 -836.4350 	 27.0316 	 -809.4034 
4.6900 	 -836.2277 	 26.8317 	 -809.3960 
4.6950 	 -835.7894 	 26.4015 	 -809.3879 
4.7000 	 -835.2538 	 25.8744 	 -809.3794 
4.7050 	 -834.7635 	 25.3946 	 -809.3690 
4.7100 	 -834.4974 	 25.1419 	 -809.3555 
4.7150 	 -834.6441 	 25.2907 	 -809.3534 
4.7200 	 -835.2383 	 25.8686 	 -809.3696 
4.7250 	 -836.0459 	 26.6480 	 -809.3979 
4.7300 	 -836.6508 	 27.2284 	 -809.4224 
4.7350 	 -836.6982 	 27.2721 	 -809.4261 
4.7400 	 -836.1159 	 26.7018 	 -809.4140 
4.7450 	 -835.1167 	 25.7279 	 -809.3888 
4.7500 	 -834.0877 	 24.7200 	 -809.3677 
4.7550 	 -833.3753 	 24.0172 	 -809.3581 
4.7600 	 -833.1221 	 23.7580 	 -809.3641 
4.7650 	 -833.2451 	 23.8723 	 -809.3727 
4.7700 	 -833.5924 	 24.2128 	 -809.3797 
4.7750 	 -833.9976 	 24.6079 	 -809.3898 
4.7800 	 -834.2713 	 24.8768 	 -809.3945 
4.7850 	 -834.3157 	 24.9274 	 -809.3882 
4.7900 	 -834.2255 	 24.8550 	 -809.3705 
4.7950 	 -834.2438 	 24.8834 	 -809.3604 
4.8000 	 -834.5119 	 25.1461 	 -809.3658 
4.8050 	 -834.9416 	 25.5623 	 -809.3793 
4.8100 	 -835.3355 	 25.9458 	 -809.3898 
4.8150 	 -835.5567 	 26.1670 	 -809.3897 
4.8200 	 -835.5866 	 26.2012 	 -809.3854 
4.8250 	 -835.4692 	 26.0902 	 -809.3790 
4.8300 	 -835.2524 	 25.8738 	 -809.3786 
4.8350 	 -834.9351 	 25.5566 	 -809.3785 
4.8400 	 -834.5355 	 25.1584 	 -809.3771 
4.8450 	 -834.1083 	 24.7354 	 -809.3729 
4.8500 	 -833.7499 	 24.3844 	 -809.3655 
4.8550 	 -833.5907 	 24.2284 	 -809.3623 
4.8600 	 -833.7065 	 24.3425 	 -809.3641 
4.8650 	 -834.0660 	 24.6892 	 -809.3768 
4.8700 	 -834.5086 	 25.1192 	 -809.3893 
4.8750 	 -834.8732 	 25.4824 	 -809.3908 
4.8800 	 -835.1291 	 25.7399 	 -809.3892 
4.8850 	 -835.3427 	 25.9584 	 -809.3843 
4.8900 	 -835.5966 	 26.2069 	 -809.3896 
4.8950 	 -835.8416 	 26.4371 	 -809.4045 
4.9000 	 -835.9266 	 26.5187 	 -809.4078 
4.9050 	 -835.8048 	 26.4043 	 -809.4004 
4.9100 	 -835.5951 	 26.2069 	 -809.3882 
4.9150 	 -835.4836 	 26.0988 	 -809.3849 
4.9200 	 -835.5332 	 26.1414 	 -809.3918 
4.9250 	 -835.6293 	 26.2264 	 -809.4030 
4.9300 	 -835.5930 	 26.1870 	 -809.4060 
4.9350 	 -835.3414 	 25.9419 	 -809.3995 
4.9400 	 -834.9462 	 25.5572 	 -809.3890 
4.9450 	 -834.5816 	 25.2037 	 -809.3779 
4.9500 	 -834.3960 	 25.0212 	 -809.3748 
4.9550 	 -834.3864 	 25.0033 	 -809.3831 
4.9600 	 -834.4251 	 25.0376 	 -809.3876 
4.9650 	 -834.4356 	 25.0512 	 -809.3844 
4.9700 	 -834.4374 	 25.0539 	 -809.3835 
4.9750 	 -834.4625 	 25.0835 	 -809.3790 
4.9800 	 -834.5608 	 25.1824 	 -809.3784 
4.9850 	 -834.7358 	 25.3538 	 -809.3820 
4.9900 	 -834.9163 	 25.5235 	 -809.3928 
4.9950 	 -834.9931 	 25.5971 	 -809.3960 
5.0000 	 -834.9412 	 25.5508 	 -809.3904 
5.0050 	 -834.8195 	 25.4324 	 -809.3871 
5.0100 	 -834.6904 	 25.3074 	 -809.3830 
5.0150 	 -834.6043 	 25.2202 	 -809.3841 
5.0200 	 -834.5616 	 25.1750 	 -809.3866 
5.0250 	 -834.5462 	 25.1592 	 -809.3869 
5.0300 	 -834.5591 	 25.1737 	 -809.3854 
5.0350 	 -834.6429 	 25.2646 	 -809.3783 
5.0400 	 -834.8822 	 25.5053 	 -809.3769 
5.0450 	 -835.3111 	 25.9324 	 -809.3787 
5.0500 	 -835.8721 	 26.4844 	 -809.3877 
5.0550 	 -836.3778 	 26.9727 	 -809.4051 
5.0600 	 -836.5900 	 27.1762 	 -809.4138 
5.0650 	 -836.3856 	 26.9723 	 -809.4133 
5.0700 	 -835.8097 	 26.4103 	 -809.3994 
5.0750 	 -835.0901 	 25.7148 	 -809.3753 
5.0800 	 -834.5760 	 25.2117 	 -809.3643 
5.0850 	 -834.4595 	 25.0848 	 -809.3747 
5.0900 	 -834.5770 	 25.1802 	 -809.3969 
5.0950 	 -834.5832 	 25.1781 	 -809.4051 
5.1000 	 -834.3043 	 24.9059 	 -809.3984 
5.1050 	 -833.8099 	 24.4294 	 -809.3805 
5.1100 	 -833.3256 	 23.9624 	 -809.3632 
5.1150 	 -833.0801 	 23.7250 	 -809.3551 
5.1200 	 -833.1727 	 23.8119 	 -809.3608 
5.1250 	 -833.5387 	 24.1710 	 -809.3677 
5.1300 	 -834.0775 	 24.7030 	 -809.3745 
5.1350 	 -834.7278 	 25.3492 	 -809.3786 
5.1400 	 -835.4669 	 26.0798 	 -809.3871 
5.1450 	 -836.2048 	 26.8069 	 -809.3979 
5.1500 	 -836.7782 	 27.3712 	 -809.4070 
5.1550 	 -837.0569 	 27.6492 	 -809.4077 
5.1600 	 -837.0276 	 27.6243 	 -809.4033 
5.1650 	 -836.7412 	 27.3376 	 -809.4035 
5.1700 	 -836.2184 	 26.8156 	 -809.4028 
5.1750 	 -835.4820 	 26.0864 	 -809.3955 
5.1800 	 -834.6539 	 25.2732 	 -809.3807 
5.1850 	 -833.9614 	 24.5939 	 -809.3675 
5.1900 	 -833.5851 	 24.2187 	 -809.3664 
5.1950 	 -833.5199 	 24.1458 	 -809.3741 
5.2000 	 -833.6138 	 24.2255 	 -809.3883 
5.2050 	 -833.6724 	 24.2740 	 -809.3984 
5.2100 	 -833.5837 	 24.1917 	 -809.3920 
5.2150 	 -833.4250 	 24.0450 	 -809.3800 
5.2200 	 -833.3915 	 24.0240 	 -809.3675 
5.2250 	 -833.6722 	 24.3084 	 -809.3639 
5.2300 	 -834.3027 	 24.9314 	 -809.3713 
5.2350 	 -835.1149 	 25.7240 	 -809.3909 
5.2400 	 -835.7985 	 26.3932 	 -809.4052 
5.2450 	 -836.1142 	 26.7097 	 -809.4045 
5.2500 	 -836.0358 	 26.6404 	 -809.3954 
5.2550 	 -835.6931 	 26.3094 	 -809.3836 
5.2600 	 -835.2635 	 25.8853 	 -809.3782 
5.2650 	 -834.8732 	 25.4965 	 -809.3766 
5.2700 	 -834.5880 	 25.2152 	 -809.3729 
5.2750 	 -834.4516 	 25.0772 	 -809.3743 
5.2800 	 -834.4494 	 25.0706 	 -809.3787 
5.2850 	 -834.5143 	 25.1277 	 -809.3866 
5.2900 	 -834.5647 	 25.1788 	 -809.3859 
5.2950 	 -834.6296 	 25.2563 	 -809.3733 
5.3000 	 -834.8669 	 25.5025 	 -809.3644 
5.3050 	 -835.3761 	 26.0061 	 -809.3700 
5.3100 	 -836.0566 	 26.6715 	 -809.3852 
5.3150 	 -836.6626 	 27.2605 	 -809.4021 
5.3200 	 -836.9379 	 27.5248 	 -809.4132 
5.3250 	 -836.7502 	 27.3410 	 -809.4092 
5.3300 	 -836.1658 	 26.7719 	 -809.3940 
5.3350 	 -835.4083 	 26.0335 	 -809.3748 
5.3400 	 -834.7422 	 25.3783 	 -809.3639 
5.3450 	 -834.3140 	 24.9496 	 -809.3644 
5.3500 	 -834.1104 	 24.7400 	 -809.3704 
5.3550 	 -834.0180 	 24.6358 	 -809.3821 
5.3600 	 -833.8750 	 24.4862 	 -809.3887 
5.3650 	 -833.6256 	 24.2481 	 -809.3775 
5.3700 	 -833.4363 	 24.0725 	 -809.3638 
5.3750 	 -833.5025 	 24.1377 	 -809.3649 
5.3800 	 -833.8061 	 24.4325 	 -809.3736 
5.3850 	 -834.1954 	 24.8141 	 -809.3813 
5.3900 	 -834.5554 	 25.1714 	 -809.3840 
5.3950 	 -834.8456 	 25.4622 	 -809.3833 
5.4000 	 -835.0577 	 25.6783 	 -809.3794 
5.4050 	 -835.2023 	 25.8250 	 -809.3773 
5.4100 	 -835.2950 	 25.9178 	 -809.3772 
5.4150 	 -835.3406 	 25.9618 	 -809.3788 
5.4200 	 -835.3086 	 25.9250 	 -809.3836 
5.4250 	 -835.1283 	 25.7376 	 -809.3907 
5.4300 	 -834.7419 	 25.3522 	 -809.3897 
5.4350 	 -834.2009 	 24.8235 	 -809.3774 
5.4400 	 -833.6774 	 24.3123 	 -809.3651 
5.4450 	 -833.3636 	 24.0051 	 -809.3584 
5.4500 	 -833.3738 	 24.0150 	 -809.3588 
5.4550 	 -833.7044 	 24.3339 	 -809.3705 
5.4600 	 -834.2061 	 24.8211 	 -809.3850 
5.4650 	 -834.6708 	 25.2806 	 -809.3902 
5.4700 	 -835.0096 	 25.6246 	 -809.3850 
5.4750 	 -835.2859 	 25.9072 	 -809.3787 
5.4800 	 -835.5947 	 26.2115 	 -809.3833 
5.4850 	 -835.9272 	 26.5365 	 -809.3907 
5.4900 	 -836.1993 	 26.8015 	 -809.3978 
5.4950 	 -836.3402 	 26.9408 	 -809.3994 
5.5000 	 -836.3383 	 26.9406 	 -809.3977 
5.5050 	 -836.1915 	 26.7926 	 -809.3989 
5.5100 	 -835.8587 	 26.4552 	 -809.4034 
5.5150 	 -835.2725 	 25.8701 	 -809.4025 
5.5200 	 -834.4447 	 25.0552 	 -809.3895 
5.5250 	 -833.5638 	 24.1990 	 -809.3648 
5.5300 	 -832.9564 	 23.6103 	 -809.3461 
5.5350 	 -832.8720 	 23.5253 	 -809.3467 
5.5400 	 -833.3184 	 23.9573 	 -809.3610 
5.5450 	 -834.0859 	 24.7074 	 -809.3785 
5.5500 	 -834.9002 	 25.5069 	 -809.3933 
5.5550 	 -835.5549 	 26.1541 	 -809.4008 
5.5600 	 -835.9583 	 26.5600 	 -809.3983 
5.5650 	 -836.1469 	 26.7557 	 -809.3912 
5.5700 	 -836.2194 	 26.8318 	 -809.3877 
5.5750 	 -836.2173 	 26.8266 	 -809.3906 
5.5800 	 -836.0910 	 26.6925 	 -809.3986 
5.5850 	 -835.7595 	 26.3619 	 -809.3976 
5.5900 	 -835.2154 	 25.8221 	 -809.3933 
5.5950 	 -834.5174 	 25.1340 	 -809.3835 
5.6000 	 -833.7866 	 24.4115 	 -809.3751 
5.6050 	 -833.1522 	 23.7814 	 -809.3708 
5.6100 	 -832.7087 	 23.3431 	 -809.3656 
5.6150 	 -832.5219 	 23.1583 	 -809.3636 
5.6200 	 -832.6033 	 23.2368 	 -809.3665 
5.6250 	 -832.8964 	 23.5238 	 -809.3726 
5.6300 	 -833.3014 	 23.9228 	 -809.3785 
5.6350 	 -833.7417 	 24.3622 	 -809.3794 
5.6400 	 -834.2096 	 24.8299 	 -809.3797 
5.6450 	 -834.7161 	 25.3356 	 -809.3805 
5.6500 	 -835.2705 	 25.8894 	 -809.3811 
5.6550 	 -835.8798 	 26.4972 	 -809.3826 
5.6600 	 -836.5096 	 27.1187 	 -809.3909 
5.6650 	 -837.0204 	 27.6172 	 -809.4032 
5.6700 	 -837.2115 	 27.7981 	 -809.4135 
5.6750 	 -836.9346 	 27.5220 	 -809.4126 
5.6800 	 -836.2174 	 26.8210 	 -809.3963 
5.6850 	 -835.3142 	 25.9410 	 -809.3732 
5.6900 	 -834.5960 	 25.2402 	 -809.3558 
5.6950 	 -834.3556 	 25.0013 	 -809.3543 
5.7000 	 -834.6145 	 25.2426 	 -809.3719 
5.7050 	 -835.1062 	 25.7166 	 -809.3896 
5.7100 	 -835.5171 	 26.1143 	 -809.4028 
5.7150 	 -835.6305 	 26.2228 	 -809.4077 
5.7200 	 -835.3777 	 25.9752 	 -809.4025 
5.7250 	 -834.8494 	 25.4602 	 -809.3893 
5.7300 	 -834.2333 	 24.8569 	 -809.3764 
5.7350 	 -833.7176 	 24.3514 	 -809.3661 
5.7400 	 -833.4437 	 24.0827 	 -809.3611 
5.7450 	 -833.4735 	 24.1102 	 -809.3633 
5.7500 	 -833.7637 	 24.3911 	 -809.3726 
5.7550 	 -834.1658 	 24.7823 	 -809.3835 
5.7600 	 -834.4918 	 25.0987 	 -809.3931 
5.7650 	 -834.6033 	 25.2141 	 -809.3892 
5.7700 	 -834.5224 	 25.1363 	 -809.3861 
5.7750 	 -834.3346 	 24.9566 	 -809.3780 
5.7800 	 -834.1499 	 24.7747 	 -809.3752 
5.7850 	 -834.0494 	 24.6744 	 -809.3751 
5.7900 	 -834.0971 	 24.7241 	 -809.3730 
5.7950 	 -834.3460 	 24.9718 	 -809.3742 
5.8000 	 -834.7897 	 25.4094 	 -809.3803 
5.8050 	 -835.3420 	 25.9530 	 -809.3890 
5.8100 	 -835.8592 	 26.4582 	 -809.4010 
5.8150 	 -836.1838 	 26.7744 	 -809.4093 
5.8200 	 -836.2262 	 26.8189 	 -809.4073 
5.8250 	 -836.0117 	 26.6086 	 -809.4031 
5.8300 	 -835.6230 	 26.2299 	 -809.3931 
5.8350 	 -835.2031 	 25.8236 	 -809.3794 
5.8400 	 -834.9019 	 25.5239 	 -809.3780 
5.8450 	 -834.7401 	 25.3559 	 -809.3842 
5.8500 	 -834.6333 	 25.2443 	 -809.3890 
5.8550 	 -834.4967 	 25.1107 	 -809.3859 
5.8600 	 -834.3202 	 24.9350 	 -809.3853 
5.8650 	 -834.1056 	 24.7216 	 -809.3840 
5.8700 	 -833.8402 	 24.4576 	 -809.3826 
5.8750 	 -833.5126 	 24.1344 	 -809.3782 
5.8800 	 -833.1879 	 23.8228 	 -809.3651 
5.8850 	 -833.0458 	 23.6926 	 -809.3532 
5.8900 	 -833.2629 	 23.9110 	 -809.3518 
5.8950 	 -833.8751 	 24.5135 	 -809.3617 
5.9000 	 -834.7431 	 25.3654 	 -809.3777 
5.9050 	 -835.6302 	 26.2401 	 -809.3901 
5.9100 	 -836.3269 	 26.9289 	 -809.3980 
5.9150 	 -836.7164 	 27.3141 	 -809.4023 
5.9200 	 -836.7715 	 27.3688 	 -809.4028 
5.9250 	 -836.5240 	 27.1255 	 -809.3985 
5.9300 	 -836.0640 	 26.6760 	 -809.3880 
5.9350 	 -835.5516 	 26.1725 	 -809.3790 
5.9400 	 -835.1221 	 25.7444 	 -809.3776 
5.9450 	 -834.7990 	 25.4162 	 -809.3828 
5.9500 	 -834.5185 	 25.1327 	 -809.3858 
5.9550 	 -834.2370 	 24.8550 	 -809.3820 
5.9600 	 -834.0131 	 24.6375 	 -809.3756 
5.9650 	 -833.9680 	 24.5964 	 -809.3716 
5.9700 	 -834.1546 	 24.7791 	 -809.3755 
5.9750 	 -834.4865 	 25.1034 	 -809.3830 
5.9800 	 -834.8195 	 25.4292 	 -809.3903 
5.9850 	 -835.0107 	 25.6154 	 -809.3953 
5.9900 	 -834.9502 	 25.5527 	 -809.3975 
5.9950 	 -834.6262 	 25.2368 	 -809.3894 
6.0000 	 -834.1746 	 24.7994 	 -809.3752 
6.0050 	 -833.8212 	 24.4583 	 -809.3630 
6.0100 	 -833.7682 	 24.4088 	 -809.3594 
6.0150 	 -834.0715 	 24.6980 	 -809.3735 
6.0200 	 -834.5481 	 25.1571 	 -809.3910 
6.0250 	 -834.9275 	 25.5256 	 -809.4020 
6.0300 	 -835.0451 	 25.6444 	 -809.4007 
6.0350 	 -834.9043 	 25.5115 	 -809.3928 
6.0400 	 -834.6252 	 25.2430 	 -809.3822 
6.0450 	 -834.3700 	 24.9949 	 -809.3751 
6.0500 	 -834.2376 	 24.8603 	 -809.3773 
6.0550 	 -834.2247 	 24.8468 	 -809.3780 
6.0600 	 -834.3050 	 24.9279 	 -809.3771 
6.0650 	 -834.4825 	 25.1102 	 -809.3723 
6.0700 	 -834.8018 	 25.4253 	 -809.3765 
6.0750 	 -835.2177 	 25.8322 	 -809.3855 
6.0800 	 -835.5964 	 26.2034 	 -809.3930 
6.0850 	 -835.7936 	 26.3957 	 -809.3978 
6.0900 	 -835.7120 	 26.3167 	 -809.3953 
6.0950 	 -835.3811 	 25.9978 	 -809.3833 
6.1000 	 -834.9879 	 25.6209 	 -809.3670 
6.1050 	 -834.7696 	 25.4078 	 -809.3617 
6.1100 	 -834.8169 	 25.4438 	 -809.3731 
6.1150 	 -834.9969 	 25.6071 	 -809.3899 
6.1200 	 -835.0788 	 25.6803 	 -809.3985 
6.1250 	 -834.9269 	 25.5317 	 -809.3952 
6.1300 	 -834.5837 	 25.1993 	 -809.3844 
6.1350 	 -834.2178 	 24.8420 	 -809.3758 
6.1400 	 -833.9748 	 24.6022 	 -809.3726 
6.1450 	 -833.9291 	 24.5635 	 -809.3656 
6.1500 	 -834.1688 	 24.8074 	 -809.3614 
6.1550 	 -834.7346 	 25.3639 	 -809.3706 
6.1600 	 -835.5078 	 26.1188 	 -809.3890 
6.1650 	 -836.2233 	 26.8127 	 -809.4105 
6.1700 	 -836.5923 	 27.1757 	 -809.4165 
6.1750 	 -836.5065 	 27.0969 	 -809.4095 
6.1800 	 -836.0621 	 26.6681 	 -809.3940 
6.1850 	 -835.4911 	 26.1072 	 -809.3838 
6.1900 	 -834.9707 	 25.5925 	 -809.3782 
6.1950 	 -834.5512 	 25.1723 	 -809.3789 
6.2000 	 -834.1886 	 24.8074 	 -809.3811 
6.2050 	 -833.8348 	 24.4586 	 -809.3762 
6.2100 	 -833.5391 	 24.1695 	 -809.3696 
6.2150 	 -833.4065 	 24.0384 	 -809.3681 
6.2200 	 -833.4715 	 24.0998 	 -809.3718 
6.2250 	 -833.6853 	 24.3117 	 -809.3736 
6.2300 	 -834.0167 	 24.6406 	 -809.3761 
6.2350 	 -834.4363 	 25.0547 	 -809.3815 
6.2400 	 -834.8551 	 25.4629 	 -809.3922 
6.2450 	 -835.1493 	 25.7572 	 -809.3921 
6.2500 	 -835.2929 	 25.9018 	 -809.3911 
6.2550 	 -835.3362 	 25.9508 	 -809.3854 
6.2600 	 -835.3774 	 25.9964 	 -809.3810 
6.2650 	 -835.4755 	 26.0958 	 -809.3797 
6.2700 	 -835.6048 	 26.2175 	 -809.3874 
6.2750 	 -835.6411 	 26.2441 	 -809.3970 
6.2800 	 -835.4503 	 26.0484 	 -809.4019 
6.2850 	 -834.9728 	 25.5777 	 -809.3951 
6.2900 	 -834.2919 	 24.9096 	 -809.3823 
6.2950 	 -833.6117 	 24.2443 	 -809.3674 
6.3000 	 -833.1663 	 23.8075 	 -809.3588 
6.3050 	 -833.1016 	 23.7448 	 -809.3568 
6.3100 	 -833.4357 	 24.0712 	 -809.3645 
6.3150 	 -834.0514 	 24.6768 	 -809.3746 
6.3200 	 -834.7687 	 25.3853 	 -809.3834 
6.3250 	 -835.3997 	 26.0062 	 -809.3935 
6.3300 	 -835.7906 	 26.3989 	 -809.3918 
6.3350 	 -835.9226 	 26.5334 	 -809.3892 
6.3400 	 -835.8447 	 26.4577 	 -809.3869 
6.3450 	 -835.6196 	 26.2349 	 -809.3847 
6.3500 	 -835.3033 	 25.9204 	 -809.3829 
6.3550 	 -834.9740 	 25.6020 	 -809.3721 
6.3600 	 -834.8028 	 25.4423 	 -809.3606 
6.3650 	 -834.9498 	 25.5878 	 -809.3620 
6.3700 	 -835.3993 	 26.0224 	 -809.3768 
6.3750 	 -835.9360 	 26.5410 	 -809.3950 
6.3800 	 -836.2713 	 26.8596 	 -809.4117 
6.3850 	 -836.1767 	 26.7589 	 -809.4178 
6.3900 	 -835.5857 	 26.1765 	 -809.4092 
6.3950 	 -834.6491 	 25.2582 	 -809.3909 
6.4000 	 -833.6926 	 24.3259 	 -809.3668 
6.4050 	 -833.0844 	 23.7317 	 -809.3527 
6.4100 	 -833.0202 	 23.6654 	 -809.3548 
6.4150 	 -833.4262 	 24.0518 	 -809.3744 
6.4200 	 -833.9968 	 24.5983 	 -809.3985 
6.4250 	 -834.3989 	 24.9903 	 -809.4087 
6.4300 	 -834.5216 	 25.1309 	 -809.3908 
6.4350 	 -834.5634 	 25.1923 	 -809.3711 
6.4400 	 -834.7457 	 25.3724 	 -809.3733 
6.4450 	 -835.0319 	 25.6411 	 -809.3908 
6.4500 	 -835.1971 	 25.7930 	 -809.4040 
6.4550 	 -835.0684 	 25.6656 	 -809.4029 
6.4600 	 -834.6624 	 25.2709 	 -809.3915 
6.4650 	 -834.1821 	 24.8108 	 -809.3713 
6.4700 	 -833.9297 	 24.5730 	 -809.3567 
6.4750 	 -834.1170 	 24.7600 	 -809.3570 
6.4800 	 -834.7406 	 25.3709 	 -809.3697 
6.4850 	 -835.5927 	 26.2059 	 -809.3868 
6.4900 	 -836.3649 	 26.9588 	 -809.4061 
6.4950 	 -836.7733 	 27.3614 	 -809.4119 
6.5000 	 -836.7270 	 27.3219 	 -809.4051 
6.5050 	 -836.3090 	 26.9157 	 -809.3932 
6.5100 	 -835.6795 	 26.2943 	 -809.3852 
6.5150 	 -834.9752 	 25.5955 	 -809.3797 
6.5200 	 -834.2759 	 24.9014 	 -809.3746 
6.5250 	 -833.6756 	 24.3126 	 -809.3630 
6.5300 	 -833.3516 	 23.9976 	 -809.3540 
6.5350 	 -833.4357 	 24.0789 	 -809.3568 
6.5400 	 -833.8732 	 24.5025 	 -809.3707 
6.5450 	 -834.4490 	 25.0630 	 -809.3860 
6.5500 	 -834.9245 	 25.5272 	 -809.3973 
6.5550 	 -835.1437 	 25.7445 	 -809.3992 
6.5600 	 -835.0637 	 25.6655 	 -809.3982 
6.5650 	 -834.7114 	 25.3142 	 -809.3971 
6.5700 	 -834.1678 	 24.7782 	 -809.3896 
6.5750 	 -833.6061 	 24.2342 	 -809.3719 
6.5800 	 -833.3150 	 23.9601 	 -809.3549 
6.5850 	 -833.5340 	 24.1763 	 -809.3577 
6.5900 	 -834.2317 	 24.8562 	 -809.3754 
6.5950 	 -835.1525 	 25.7580 	 -809.3946 
6.6000 	 -836.0043 	 26.5894 	 -809.4149 
6.6050 	 -836.5071 	 27.0807 	 -809.4265 
6.6100 	 -836.4707 	 27.0478 	 -809.4229 
6.6150 	 -835.9140 	 26.5035 	 -809.4106 
6.6200 	 -835.0697 	 25.6820 	 -809.3876 
6.6250 	 -834.3117 	 24.9437 	 -809.3680 
6.6300 	 -833.9683 	 24.6104 	 -809.3579 
6.6350 	 -834.1843 	 24.8202 	 -809.3641 
6.6400 	 -834.8427 	 25.4586 	 -809.3841 
6.6450 	 -835.6169 	 26.2107 	 -809.4061 
6.6500 	 -836.1407 	 26.7233 	 -809.4174 
6.6550 	 -836.2009 	 26.7860 	 -809.4149 
6.6600 	 -835.8191 	 26.4200 	 -809.3991 
6.6650 	 -835.1944 	 25.8098 	 -809.3845 
6.6700 	 -834.5560 	 25.1860 	 -809.3700 
6.6750 	 -834.1185 	 24.7557 	 -809.3628 
6.6800 	 -834.0023 	 24.6365 	 -809.3658 
6.6850 	 -834.1705 	 24.7934 	 -809.3771 
6.6900 	 -834.4424 	 25.0512 	 -809.3912 
6.6950 	 -834.6022 	 25.2024 	 -809.3999 
6.7000 	 -834.5116 	 25.1156 	 -809.3960 
6.7050 	 -834.2124 	 24.8337 	 -809.3788 
6.7100 	 -833.9333 	 24.5716 	 -809.3617 
6.7150 	 -833.9031 	 24.5460 	 -809.3571 
6.7200 	 -834.1757 	 24.8091 	 -809.3666 
6.7250 	 -834.6141 	 25.2298 	 -809.3843 
6.7300 	 -834.9902 	 25.5975 	 -809.3927 
6.7350 	 -835.1496 	 25.7535 	 -809.3961 
6.7400 	 -835.0674 	 25.6787 	 -809.3887 
6.7450 	 -834.8791 	 25.5022 	 -809.3768 
6.7500 	 -834.7835 	 25.4148 	 -809.3687 
6.7550 	 -834.9092 	 25.5313 	 -809.3779 
6.7600 	 -835.1803 	 25.7880 	 -809.3923 
6.7650 	 -835.4074 	 26.0082 	 -809.3992 
6.7700 	 -835.4732 	 26.0790 	 -809.3942 
6.7750 	 -835.4469 	 26.0654 	 -809.3815 
6.7800 	 -835.5273 	 26.1556 	 -809.3717 
6.7850 	 -835.8520 	 26.4786 	 -809.3734 
6.7900 	 -836.3479 	 26.9568 	 -809.3911 
6.7950 	 -836.7377 	 27.3287 	 -809.4090 
6.8000 	 -836.7214 	 27.3058 	 -809.4156 
6.8050 	 -836.1713 	 26.7637 	 -809.4077 
6.8100 	 -835.2225 	 25.8366 	 -809.3859 
6.8150 	 -834.1973 	 24.8317 	 -809.3656 
6.8200 	 -833.4040 	 24.0506 	 -809.3534 
6.8250 	 -833.0321 	 23.6797 	 -809.3524 
6.8300 	 -833.0976 	 23.7380 	 -809.3596 
6.8350 	 -833.4698 	 24.0985 	 -809.3712 
6.8400 	 -833.9478 	 24.5603 	 -809.3875 
6.8450 	 -834.3239 	 24.9262 	 -809.3977 
6.8500 	 -834.4886 	 25.0906 	 -809.3980 
6.8550 	 -834.4634 	 25.0730 	 -809.3904 
6.8600 	 -834.3821 	 25.0038 	 -809.3782 
6.8650 	 -834.4389 	 25.0689 	 -809.3700 
6.8700 	 -834.7676 	 25.3917 	 -809.3758 
6.8750 	 -835.2937 	 25.9017 	 -809.3920 
6.8800 	 -835.7758 	 26.3730 	 -809.4028 
6.8850 	 -836.0396 	 26.6354 	 -809.4043 
6.8900 	 -836.0675 	 26.6678 	 -809.3998 
6.8950 	 -835.9262 	 26.5338 	 -809.3923 
6.9000 	 -835.7084 	 26.3204 	 -809.3880 
6.9050 	 -835.4777 	 26.0903 	 -809.3874 
6.9100 	 -835.2467 	 25.8608 	 -809.3860 
6.9150 	 -835.0249 	 25.6420 	 -809.3830 
6.9200 	 -834.8514 	 25.4734 	 -809.3780 
6.9250 	 -834.7891 	 25.4094 	 -809.3798 
6.9300 	 -834.8358 	 25.4488 	 -809.3870 
6.9350 	 -834.9190 	 25.5296 	 -809.3893 
6.9400 	 -834.9832 	 25.5943 	 -809.3889 
6.9450 	 -835.0398 	 25.6519 	 -809.3880 
6.9500 	 -835.1049 	 25.7112 	 -809.3937 
6.9550 	 -835.0823 	 25.6804 	 -809.4020 
6.9600 	 -834.8511 	 25.4489 	 -809.4022 
6.9650 	 -834.4099 	 25.0203 	 -809.3896 
6.9700 	 -833.9213 	 24.5436 	 -809.3777 
6.9750 	 -833.5647 	 24.1927 	 -809.3720 
6.9800 	 -833.4279 	 24.0528 	 -809.3751 
6.9850 	 -833.4838 	 24.1050 	 -809.3788 
6.9900 	 -833.6834 	 24.3046 	 -809.3788 
6.9950 	 -834.0467 	 24.6729 	 -809.3738 
7.0000 	 -834.6295 	 25.2578 	 -809.3717 
7.0050 	 -835.4231 	 26.0422 	 -809.3809 
7.0100 	 -836.2901 	 26.8946 	 -809.3954 
7.0150 	 -836.9985 	 27.5874 	 -809.4111 
7.0200 	 -837.3203 	 27.9040 	 -809.4162 
7.0250 	 -837.1689 	 27.7588 	 -809.4101 
7.0300 	 -836.6329 	 27.2369 	 -809.3960 
7.0350 	 -835.9272 	 26.5453 	 -809.3820 
7.0400 	 -835.2563 	 25.8799 	 -809.3764 
7.0450 	 -834.7179 	 25.3412 	 -809.3766 
7.0500 	 -834.3274 	 24.9532 	 -809.3742 
7.0550 	 -834.0902 	 24.7170 	 -809.3733 
7.0600 	 -833.9918 	 24.6168 	 -809.3750 
7.0650 	 -833.9812 	 24.5988 	 -809.3824 
7.0700 	 -833.9558 	 24.5667 	 -809.3890 
7.0750 	 -833.8158 	 24.4240 	 -809.3918 
7.0800 	 -833.5260 	 24.1401 	 -809.3859 
7.0850 	 -833.1713 	 23.7994 	 -809.3719 
7.0900 	 -832.9409 	 23.5808 	 -809.3601 
7.0950 	 -832.9986 	 23.6406 	 -809.3580 
7.1000 	 -833.3767 	 24.0119 	 -809.3648 
7.1050 	 -833.9697 	 24.5954 	 -809.3742 
7.1100 	 -834.6097 	 25.2292 	 -809.3806 
7.1150 	 -835.1556 	 25.7670 	 -809.3886 
7.1200 	 -835.4895 	 26.0954 	 -809.3941 
7.1250 	 -835.5485 	 26.1544 	 -809.3942 
7.1300 	 -835.3711 	 25.9816 	 -809.3895 
7.1350 	 -835.0955 	 25.7139 	 -809.3816 
7.1400 	 -834.9054 	 25.5380 	 -809.3674 
7.1450 	 -834.9704 	 25.5999 	 -809.3705 
7.1500 	 -835.2849 	 25.9079 	 -809.3770 
7.1550 	 -835.7196 	 26.3265 	 -809.3931 
7.1600 	 -836.0580 	 26.6541 	 -809.4039 
7.1650 	 -836.1296 	 26.7238 	 -809.4058 
7.1700 	 -835.8810 	 26.4775 	 -809.4034 
7.1750 	 -835.3825 	 25.9925 	 -809.3900 
7.1800 	 -834.8357 	 25.4587 	 -809.3770 
7.1850 	 -834.4323 	 25.0581 	 -809.3742 
7.1900 	 -834.2297 	 24.8508 	 -809.3789 
7.1950 	 -834.1505 	 24.7591 	 -809.3914 
7.2000 	 -834.0513 	 24.6572 	 -809.3941 
7.2050 	 -833.8980 	 24.5151 	 -809.3829 
7.2100 	 -833.8143 	 24.4407 	 -809.3736 
7.2150 	 -833.9276 	 24.5533 	 -809.3743 
7.2200 	 -834.2336 	 24.8534 	 -809.3802 
7.2250 	 -834.6263 	 25.2401 	 -809.3863 
7.2300 	 -834.9792 	 25.5875 	 -809.3917 
7.2350 	 -835.2130 	 25.8229 	 -809.3901 
7.2400 	 -835.3403 	 25.9535 	 -809.3868 
7.2450 	 -835.4193 	 26.0385 	 -809.3808 
7.2500 	 -835.5283 	 26.1475 	 -809.3808 
7.2550 	 -835.6659 	 26.2814 	 -809.3845 
7.2600 	 -835.7707 	 26.3804 	 -809.3903 
7.2650 	 -835.7785 	 26.3841 	 -809.3944 
7.2700 	 -835.6531 	 26.2576 	 -809.3955 
7.2750 	 -835.4018 	 26.0068 	 -809.3950 
7.2800 	 -835.0594 	 25.6685 	 -809.3909 
7.2850 	 -834.6915 	 25.3065 	 -809.3850 
7.2900 	 -834.3883 	 25.0108 	 -809.3776 
7.2950 	 -834.2415 	 24.8682 	 -809.3734 
7.3000 	 -834.2787 	 24.8983 	 -809.3804 
7.3050 	 -834.3925 	 25.0004 	 -809.3921 
7.3100 	 -834.4058 	 25.0063 	 -809.3995 
7.3150 	 -834.2096 	 24.8177 	 -809.3919 
7.3200 	 -833.8759 	 24.4974 	 -809.3785 
7.3250 	 -833.6002 	 24.2323 	 -809.3679 
7.3300 	 -833.5695 	 24.2052 	 -809.3643 
7.3350 	 -833.8581 	 24.4895 	 -809.3686 
7.3400 	 -834.3989 	 25.0194 	 -809.3795 
7.3450 	 -835.0264 	 25.6355 	 -809.3910 
7.3500 	 -835.5685 	 26.1692 	 -809.3993 
7.3550 	 -835.8965 	 26.4924 	 -809.4041 
7.3600 	 -835.9393 	 26.5336 	 -809.4057 
7.3650 	 -835.6914 	 26.2914 	 -809.4000 
7.3700 	 -835.2522 	 25.8629 	 -809.3893 
7.3750 	 -834.8041 	 25.4270 	 -809.3771 
7.3800 	 -834.5301 	 25.1592 	 -809.3709 
7.3850 	 -834.5118 	 25.1362 	 -809.3756 
7.3900 	 -834.7067 	 25.3294 	 -809.3773 
7.3950 	 -835.0570 	 25.6698 	 -809.3872 
7.4000 	 -835.4258 	 26.0259 	 -809.3999 
7.4050 	 -835.6150 	 26.1997 	 -809.4153 
7.4100 	 -835.4325 	 26.0133 	 -809.4192 
7.4150 	 -834.8335 	 25.4268 	 -809.4067 
7.4200 	 -834.0113 	 24.6335 	 -809.3779 
7.4250 	 -833.3740 	 24.0198 	 -809.3542 
7.4300 	 -833.2730 	 23.9235 	 -809.3495 
7.4350 	 -833.7801 	 24.4167 	 -809.3633 
7.4400 	 -834.6856 	 25.3006 	 -809.3850 
7.4450 	 -835.6206 	 26.2137 	 -809.4070 
7.4500 	 -836.2187 	 26.8004 	 -809.4183 
7.4550 	 -836.3024 	 26.8878 	 -809.4145 
7.4600 	 -835.9350 	 26.5358 	 -809.3992 
7.4650 	 -835.3451 	 25.9629 	 -809.3823 
7.4700 	 -834.8022 	 25.4350 	 -809.3672 
7.4750 	 -834.5210 	 25.1576 	 -809.3633 
7.4800 	 -834.5660 	 25.1997 	 -809.3663 
7.4850 	 -834.8469 	 25.4664 	 -809.3805 
7.4900 	 -835.1508 	 25.7583 	 -809.3925 
7.4950 	 -835.2884 	 25.8908 	 -809.3976 
7.5000 	 -835.2020 	 25.8118 	 -809.3902 
7.5050 	 -835.0010 	 25.6198 	 -809.3811 
7.5100 	 -834.8372 	 25.4643 	 -809.3729 
7.5150 	 -834.8154 	 25.4424 	 -809.3730 
7.5200 	 -834.9243 	 25.5409 	 -809.3834 
7.5250 	 -835.0156 	 25.6221 	 -809.3935 
7.5300 	 -834.9089 	 25.5108 	 -809.3981 
7.5350 	 -834.5412 	 25.1562 	 -809.3850 
7.5400 	 -834.0816 	 24.7146 	 -809.3670 
7.5450 	 -833.7820 	 24.4214 	 -809.3605 
7.5500 	 -833.7495 	 24.3810 	 -809.3685 
7.5550 	 -833.8940 	 24.5083 	 -809.3857 
7.5600 	 -834.0212 	 24.6311 	 -809.3901 
7.5650 	 -834.0365 	 24.6465 	 -809.3900 
7.5700 	 -833.9685 	 24.5835 	 -809.3850 
7.5750 	 -833.9293 	 24.5563 	 -809.3730 
7.5800 	 -834.0764 	 24.7070 	 -809.3695 
7.5850 	 -834.4919 	 25.1182 	 -809.3737 
7.5900 	 -835.1365 	 25.7498 	 -809.3867 
7.5950 	 -835.8279 	 26.4264 	 -809.4015 
7.6000 	 -836.3367 	 26.9314 	 -809.4053 
7.6050 	 -836.5661 	 27.1640 	 -809.4021 
7.6100 	 -836.5466 	 27.1500 	 -809.3966 
7.6150 	 -836.3226 	 26.9233 	 -809.3993 
7.6200 	 -835.8754 	 26.4768 	 -809.3986 
7.6250 	 -835.2312 	 25.8406 	 -809.3907 
7.6300 	 -834.5264 	 25.1484 	 -809.3780 
7.6350 	 -833.9689 	 24.6032 	 -809.3658 
7.6400 	 -833.7181 	 24.3499 	 -809.3681 
7.6450 	 -833.7546 	 24.3788 	 -809.3758 
7.6500 	 -833.9823 	 24.6063 	 -809.3760 
7.6550 	 -834.3782 	 25.0015 	 -809.3766 
7.6600 	 -834.9208 	 25.5392 	 -809.3816 
7.6650 	 -835.4925 	 26.0995 	 -809.3930 
7.6700 	 -835.8835 	 26.4781 	 -809.4054 
7.6750 	 -835.9047 	 26.4999 	 -809.4048 
7.6800 	 -835.5345 	 26.1417 	 -809.3928 
7.6850 	 -834.9226 	 25.5435 	 -809.3792 
7.6900 	 -834.2808 	 24.9123 	 -809.3685 
7.6950 	 -833.7881 	 24.4247 	 -809.3634 
7.7000 	 -833.5431 	 24.1787 	 -809.3644 
7.7050 	 -833.5594 	 24.1928 	 -809.3666 
7.7100 	 -833.8214 	 24.4526 	 -809.3688 
7.7150 	 -834.3041 	 24.9270 	 -809.3771 
7.7200 	 -834.9038 	 25.5156 	 -809.3882 
7.7250 	 -835.4394 	 26.0420 	 -809.3974 
7.7300 	 -835.7541 	 26.3523 	 -809.4017 
7.7350 	 -835.7991 	 26.4034 	 -809.3958 
7.7400 	 -835.6464 	 26.2585 	 -809.3879 
7.7450 	 -835.4171 	 26.0307 	 -809.3864 
7.7500 	 -835.1861 	 25.7955 	 -809.3905 
7.7550 	 -834.9460 	 25.5494 	 -809.3966 
7.7600 	 -834.6651 	 25.2716 	 -809.3935 
7.7650 	 -834.3823 	 24.9974 	 -809.3850 
7.7700 	 -834.2183 	 24.8442 	 -809.3740 
7.7750 	 -834.3016 	 24.9309 	 -809.3708 
7.7800 	 -834.6414 	 25.2627 	 -809.3787 
7.7850 	 -835.1099 	 25.7252 	 -809.3847 
7.7900 	 -835.5577 	 26.1614 	 -809.3963 
7.7950 	 -835.8304 	 26.4263 	 -809.4041 
7.8000 	 -835.8215 	 26.4137 	 -809.4078 
7.8050 	 -835.5067 	 26.1024 	 -809.4043 
7.8100 	 -834.9624 	 25.5663 	 -809.3962 
7.8150 	 -834.3407 	 24.9584 	 -809.3823 
7.8200 	 -833.8562 	 24.4849 	 -809.3713 
7.8250 	 -833.6904 	 24.3259 	 -809.3645 
7.8300 	 -833.9255 	 24.5587 	 -809.3668 
7.8350 	 -834.4911 	 25.1113 	 -809.3797 
7.8400 	 -835.1809 	 25.7837 	 -809.3972 
7.8450 	 -835.7456 	 26.3344 	 -809.4112 
7.8500 	 -835.9816 	 26.5656 	 -809.4161 
7.8550 	 -835.8011 	 26.3891 	 -809.4120 
7.8600 	 -835.2599 	 25.8601 	 -809.3998 
7.8650 	 -834.5582 	 25.1784 	 -809.3798 
7.8700 	 -834.0096 	 24.6477 	 -809.3619 
7.8750 	 -833.9038 	 24.5453 	 -809.3585 
7.8800 	 -834.2989 	 24.9226 	 -809.3764 
7.8850 	 -834.9070 	 25.5058 	 -809.4012 
7.8900 	 -835.2955 	 25.8786 	 -809.4168 
7.8950 	 -835.1975 	 25.7850 	 -809.4125 
7.9000 	 -834.6701 	 25.2761 	 -809.3940 
7.9050 	 -834.0385 	 24.6723 	 -809.3662 
7.9100 	 -833.7280 	 24.3772 	 -809.3508 
7.9150 	 -833.9912 	 24.6343 	 -809.3570 
7.9200 	 -834.7692 	 25.3906 	 -809.3787 
7.9250 	 -835.7398 	 26.3332 	 -809.4066 
7.9300 	 -836.4905 	 27.0708 	 -809.4197 
7.9350 	 -836.7888 	 27.3690 	 -809.4197 
7.9400 	 -836.6281 	 27.2210 	 -809.4071 
7.9450 	 -836.1571 	 26.7628 	 -809.3942 
7.9500 	 -835.5595 	 26.1779 	 -809.3816 
7.9550 	 -835.0065 	 25.6287 	 -809.3778 
7.9600 	 -834.5911 	 25.2150 	 -809.3760 
7.9650 	 -834.3451 	 24.9680 	 -809.3771 
7.9700 	 -834.2310 	 24.8482 	 -809.3828 
7.9750 	 -834.1590 	 24.7732 	 -809.3858 
7.9800 	 -834.0758 	 24.6881 	 -809.3877 
7.9850 	 -833.9702 	 24.5874 	 -809.3828 
7.9900 	 -833.8924 	 24.5145 	 -809.3778 
7.9950 	 -833.9265 	 24.5557 	 -809.3708 
8.0000 	 -834.1865 	 24.8200 	 -809.3665 
8.0050 	 -834.7407 	 25.3699 	 -809.3708 
8.0100 	 -835.4824 	 26.0951 	 -809.3872 
8.0150 	 -836.1203 	 26.7140 	 -809.4063 
8.0200 	 -836.3840 	 26.9770 	 -809.4070 
8.0250 	 -836.2642 	 26.8709 	 -809.3934 
8.0300 	 -835.9773 	 26.6002 	 -809.3771 
8.0350 	 -835.7714 	 26.4008 	 -809.3707 
8.0400 	 -835.7350 	 26.3530 	 -809.3821 
8.0450 	 -835.7330 	 26.3347 	 -809.3983 
8.0500 	 -835.5297 	 26.1201 	 -809.4096 
8.0550 	 -834.9643 	 25.5603 	 -809.4040 
8.0600 	 -834.1133 	 24.7280 	 -809.3853 
8.0650 	 -833.2354 	 23.8668 	 -809.3685 
8.0700 	 -832.5960 	 23.2373 	 -809.3588 
8.0750 	 -832.3553 	 22.9959 	 -809.3594 
8.0800 	 -832.5184 	 23.1530 	 -809.3654 
8.0850 	 -833.0006 	 23.6268 	 -809.3738 
8.0900 	 -833.6622 	 24.2781 	 -809.3842 
8.0950 	 -834.3084 	 24.9108 	 -809.3977 
8.1000 	 -834.7470 	 25.3476 	 -809.3994 
8.1050 	 -834.9391 	 25.5466 	 -809.3924 
8.1100 	 -834.9982 	 25.6161 	 -809.3820 
8.1150 	 -835.0893 	 25.7151 	 -809.3742 
8.1200 	 -835.3277 	 25.9508 	 -809.3768 
8.1250 	 -835.6999 	 26.3134 	 -809.3865 
8.1300 	 -836.0869 	 26.6928 	 -809.3941 
8.1350 	 -836.3429 	 26.9417 	 -809.4012 
8.1400 	 -836.3474 	 26.9431 	 -809.4043 
8.1450 	 -836.0772 	 26.6797 	 -809.3975 
8.1500 	 -835.6412 	 26.2555 	 -809.3858 
8.1550 	 -835.2200 	 25.8432 	 -809.3768 
8.1600 	 -834.9607 	 25.5893 	 -809.3714 
8.1650 	 -834.9182 	 25.5434 	 -809.3748 
8.1700 	 -835.0224 	 25.6394 	 -809.3829 
8.1750 	 -835.1329 	 25.7438 	 -809.3892 
8.1800 	 -835.1253 	 25.7307 	 -809.3946 
8.1850 	 -834.9203 	 25.5269 	 -809.3934 
8.1900 	 -834.5236 	 25.1354 	 -809.3882 
8.1950 	 -834.0022 	 24.6204 	 -809.3818 
8.2000 	 -833.4608 	 24.0873 	 -809.3736 
8.2050 	 -833.0532 	 23.6907 	 -809.3625 
8.2100 	 -832.9748 	 23.6195 	 -809.3554 
8.2150 	 -833.3544 	 23.9946 	 -809.3599 
8.2200 	 -834.1206 	 24.7436 	 -809.3771 
8.2250 	 -834.9947 	 25.5957 	 -809.3990 
8.2300 	 -835.6607 	 26.2557 	 -809.4050 
8.2350 	 -835.9956 	 26.5976 	 -809.3980 
8.2400 	 -836.0685 	 26.6797 	 -809.3887 
8.2450 	 -835.9996 	 26.6115 	 -809.3881 
8.2500 	 -835.8098 	 26.4147 	 -809.3951 
8.2550 	 -835.4235 	 26.0239 	 -809.3995 
8.2600 	 -834.8053 	 25.4144 	 -809.3909 
8.2650 	 -834.0921 	 24.7194 	 -809.3726 
8.2700 	 -833.5606 	 24.2070 	 -809.3535 
8.2750 	 -833.4584 	 24.1069 	 -809.3516 
8.2800 	 -833.8305 	 24.4693 	 -809.3612 
8.2850 	 -834.5397 	 25.1628 	 -809.3770 
8.2900 	 -835.3268 	 25.9294 	 -809.3974 
8.2950 	 -835.8812 	 26.4683 	 -809.4128 
8.3000 	 -835.9795 	 26.5670 	 -809.4125 
8.3050 	 -835.6177 	 26.2196 	 -809.3981 
8.3100 	 -835.0114 	 25.6350 	 -809.3764 
8.3150 	 -834.4822 	 25.1185 	 -809.3637 
8.3200 	 -834.2574 	 24.8956 	 -809.3618 
8.3250 	 -834.3715 	 24.9974 	 -809.3741 
8.3300 	 -834.6510 	 25.2602 	 -809.3909 
8.3350 	 -834.8412 	 25.4379 	 -809.4032 
8.3400 	 -834.7845 	 25.3849 	 -809.3997 
8.3450 	 -834.5442 	 25.1571 	 -809.3871 
8.3500 	 -834.3009 	 24.9263 	 -809.3745 
8.3550 	 -834.2070 	 24.8355 	 -809.3715 
8.3600 	 -834.3045 	 24.9265 	 -809.3780 
8.3650 	 -834.5095 	 25.1212 	 -809.3883 
8.3700 	 -834.6751 	 25.2806 	 -809.3945 
8.3750 	 -834.7168 	 25.3258 	 -809.3910 
8.3800 	 -834.6710 	 25.2879 	 -809.3831 
8.3850 	 -834.6459 	 25.2711 	 -809.3748 
8.3900 	 -834.7343 	 25.3558 	 -809.3785 
8.3950 	 -834.8970 	 25.5074 	 -809.3895 
8.4000 	 -834.9808 	 25.5793 	 -809.4015 
8.4050 	 -834.8467 	 25.4427 	 -809.4040 
8.4100 	 -834.5218 	 25.1274 	 -809.3945 
8.4150 	 -834.1664 	 24.7807 	 -809.3857 
8.4200 	 -833.9162 	 24.5367 	 -809.3795 
8.4250 	 -833.8611 	 24.4878 	 -809.3734 
8.4300 	 -834.0567 	 24.6821 	 -809.3745 
8.4350 	 -834.4667 	 25.0846 	 -809.3821 
8.4400 	 -834.9813 	 25.5911 	 -809.3903 
8.4450 	 -835.4871 	 26.0908 	 -809.3963 
8.4500 	 -835.9102 	 26.5117 	 -809.3985 
8.4550 	 -836.2143 	 26.8149 	 -809.3995 
8.4600 	 -836.3697 	 26.9670 	 -809.4027 
8.4650 	 -836.3173 	 26.9095 	 -809.4078 
8.4700 	 -836.0079 	 26.6054 	 -809.4025 
8.4750 	 -835.5311 	 26.1450 	 -809.3861 
8.4800 	 -835.1073 	 25.7348 	 -809.3725 
8.4850 	 -834.9209 	 25.5497 	 -809.3712 
8.4900 	 -834.9908 	 25.6145 	 -809.3763 
8.4950 	 -835.1990 	 25.8103 	 -809.3887 
8.5000 	 -835.3770 	 25.9810 	 -809.3960 
8.5050 	 -835.4255 	 26.0283 	 -809.3971 
8.5100 	 -835.3111 	 25.9195 	 -809.3916 
8.5150 	 -835.0664 	 25.6826 	 -809.3838 
8.5200 	 -834.7725 	 25.3958 	 -809.3767 
8.5250 	 -834.5188 	 25.1464 	 -809.3723 
8.5300 	 -834.3647 	 24.9946 	 -809.3702 
8.5350 	 -834.3293 	 24.9589 	 -809.3704 
8.5400 	 -834.3737 	 24.9981 	 -809.3755 
8.5450 	 -834.3977 	 25.0141 	 -809.3836 
8.5500 	 -834.2916 	 24.9059 	 -809.3857 
8.5550 	 -834.0399 	 24.6563 	 -809.3836 
8.5600 	 -833.7338 	 24.3618 	 -809.3720 
8.5650 	 -833.5433 	 24.1787 	 -809.3646 
8.5700 	 -833.5974 	 24.2376 	 -809.3598 
8.5750 	 -833.9414 	 24.5761 	 -809.3652 
8.5800 	 -834.4939 	 25.1180 	 -809.3759 
8.5850 	 -835.0947 	 25.7050 	 -809.3897 
8.5900 	 -835.5606 	 26.1632 	 -809.3974 
8.5950 	 -835.7648 	 26.3625 	 -809.4022 
8.6000 	 -835.6515 	 26.2531 	 -809.3985 
8.6050 	 -835.2638 	 25.8710 	 -809.3928 
8.6100 	 -834.7267 	 25.3470 	 -809.3798 
8.6150 	 -834.2500 	 24.8817 	 -809.3682 
8.6200 	 -833.9940 	 24.6229 	 -809.3711 
8.6250 	 -833.9623 	 24.5892 	 -809.3731 
8.6300 	 -834.1241 	 24.7514 	 -809.3727 
8.6350 	 -834.4721 	 25.0971 	 -809.3750 
8.6400 	 -834.9700 	 25.5879 	 -809.3820 
8.6450 	 -835.4850 	 26.0850 	 -809.4000 
8.6500 	 -835.7836 	 26.3731 	 -809.4105 
8.6550 	 -835.7578 	 26.3526 	 -809.4052 
8.6600 	 -835.5083 	 26.1125 	 -809.3957 
8.6650 	 -835.1654 	 25.7742 	 -809.3911 
8.6700 	 -834.7944 	 25.4124 	 -809.3819 
8.6750 	 -834.5036 	 25.1317 	 -809.3719 
8.6800 	 -834.4205 	 25.0517 	 -809.3688 
8.6850 	 -834.5690 	 25.1919 	 -809.3771 
8.6900 	 -834.8197 	 25.4311 	 -809.3886 
8.6950 	 -835.0137 	 25.6243 	 -809.3894 
8.7000 	 -835.1338 	 25.7512 	 -809.3826 
8.7050 	 -835.2604 	 25.8782 	 -809.3822 
8.7100 	 -835.4155 	 26.0307 	 -809.3848 
8.7150 	 -835.5485 	 26.1614 	 -809.3871 
8.7200 	 -835.5797 	 26.1875 	 -809.3922 
8.7250 	 -835.4079 	 26.0094 	 -809.3986 
8.7300 	 -834.9563 	 25.5563 	 -809.4000 
8.7350 	 -834.2488 	 24.8591 	 -809.3897 
8.7400 	 -833.4795 	 24.1127 	 -809.3667 
8.7450 	 -833.0165 	 23.6697 	 -809.3468 
8.7500 	 -833.1929 	 23.8511 	 -809.3418 
8.7550 	 -834.0779 	 24.7204 	 -809.3575 
8.7600 	 -835.3933 	 25.9998 	 -809.3935 
8.7650 	 -836.6260 	 27.2026 	 -809.4235 
8.7700 	 -837.3195 	 27.8842 	 -809.4353 
8.7750 	 -837.2757 	 27.8511 	 -809.4246 
8.7800 	 -836.6265 	 27.2244 	 -809.4021 
8.7850 	 -835.6886 	 26.3060 	 -809.3826 
8.7900 	 -834.7699 	 25.3987 	 -809.3712 
8.7950 	 -834.0662 	 24.7010 	 -809.3652 
8.8000 	 -833.6757 	 24.3153 	 -809.3603 
8.8050 	 -833.6613 	 24.3033 	 -809.3579 
8.8100 	 -834.0276 	 24.6600 	 -809.3676 
8.8150 	 -834.6212 	 25.2352 	 -809.3860 
8.8200 	 -835.1507 	 25.7466 	 -809.4042 
8.8250 	 -835.3301 	 25.9198 	 -809.4104 
8.8300 	 -835.0671 	 25.6727 	 -809.3944 
8.8350 	 -834.5563 	 25.1818 	 -809.3745 
8.8400 	 -834.0938 	 24.7303 	 -809.3635 
8.8450 	 -833.8481 	 24.4765 	 -809.3716 
8.8500 	 -833.7465 	 24.3626 	 -809.3838 
8.8550 	 -833.6246 	 24.2361 	 -809.3885 
8.8600 	 -833.4386 	 24.0596 	 -809.3791 
8.8650 	 -833.3498 	 23.9868 	 -809.3630 
8.8700 	 -833.5694 	 24.2071 	 -809.3622 
8.8750 	 -834.1236 	 24.7503 	 -809.3734 
8.8800 	 -834.8389 	 25.4485 	 -809.3905 
8.8850 	 -835.4721 	 26.0756 	 -809.3965 
8.8900 	 -835.9106 	 26.5145 	 -809.3961 
8.8950 	 -836.1477 	 26.7531 	 -809.3946 
8.9000 	 -836.1736 	 26.7772 	 -809.3964 
8.9050 	 -835.9688 	 26.5765 	 -809.3923 
8.9100 	 -835.6088 	 26.2286 	 -809.3802 
8.9150 	 -835.2491 	 25.8737 	 -809.3754 
8.9200 	 -834.9816 	 25.6093 	 -809.3724 
8.9250 	 -834.8369 	 25.4641 	 -809.3728 
8.9300 	 -834.8046 	 25.4307 	 -809.3739 
8.9350 	 -834.8586 	 25.4837 	 -809.3749 
8.9400 	 -834.9716 	 25.5955 	 -809.3760 
8.9450 	 -835.1168 	 25.7405 	 -809.3764 
8.9500 	 -835.2594 	 25.8759 	 -809.3835 
8.9550 	 -835.3192 	 25.9329 	 -809.3863 
8.9600 	 -835.2322 	 25.8429 	 -809.3893 
8.9650 	 -834.9674 	 25.5838 	 -809.3836 
8.9700 	 -834.5928 	 25.2176 	 -809.3752 
8.9750 	 -834.2149 	 24.8431 	 -809.3718 
8.9800 	 -833.8921 	 24.5210 	 -809.3711 
8.9850 	 -833.6764 	 24.3114 	 -809.3650 
8.9900 	 -833.6740 	 24.3093 	 -809.3647 
8.9950 	 -833.9155 	 24.5395 	 -809.3760 
9.0000 	 -834.2487 	 24.8562 	 -809.3925 
9.0050 	 -834.4454 	 25.0452 	 -809.4003 
9.0100 	 -834.3995 	 25.0043 	 -809.3952 
9.0150 	 -834.1963 	 24.8177 	 -809.3786 
9.0200 	 -834.0469 	 24.6760 	 -809.3709 
9.0250 	 -834.0703 	 24.6975 	 -809.3728 
9.0300 	 -834.2407 	 24.8602 	 -809.3804 
9.0350 	 -834.4764 	 25.0981 	 -809.3783 
9.0400 	 -834.8016 	 25.4301 	 -809.3715 
9.0450 	 -835.2866 	 25.9120 	 -809.3746 
9.0500 	 -835.8741 	 26.4863 	 -809.3878 
9.0550 	 -836.3532 	 26.9485 	 -809.4048 
9.0600 	 -836.4553 	 27.0409 	 -809.4144 
9.0650 	 -836.0431 	 26.6329 	 -809.4102 
9.0700 	 -835.1935 	 25.7955 	 -809.3980 
9.0750 	 -834.1037 	 24.7219 	 -809.3818 
9.0800 	 -833.0351 	 23.6743 	 -809.3608 
9.0850 	 -832.2982 	 22.9553 	 -809.3430 
9.0900 	 -832.1517 	 22.8104 	 -809.3414 
9.0950 	 -832.6296 	 23.2716 	 -809.3580 
9.1000 	 -833.5081 	 24.1299 	 -809.3782 
9.1050 	 -834.4624 	 25.0618 	 -809.4007 
9.1100 	 -835.1540 	 25.7364 	 -809.4176 
9.1150 	 -835.3682 	 25.9541 	 -809.4141 
9.1200 	 -835.1722 	 25.7746 	 -809.3976 
9.1250 	 -834.8467 	 25.4723 	 -809.3744 
9.1300 	 -834.7429 	 25.3840 	 -809.3588 
9.1350 	 -835.0846 	 25.7243 	 -809.3604 
9.1400 	 -835.8492 	 26.4726 	 -809.3766 
9.1450 	 -836.8066 	 27.4093 	 -809.3973 
9.1500 	 -837.6475 	 28.2355 	 -809.4119 
9.1550 	 -838.0987 	 28.6768 	 -809.4219 
9.1600 	 -837.9875 	 28.5662 	 -809.4214 
9.1650 	 -837.3126 	 27.9013 	 -809.4112 
9.1700 	 -836.2452 	 26.8560 	 -809.3892 
9.1750 	 -835.1104 	 25.7472 	 -809.3632 
9.1800 	 -834.2681 	 24.9173 	 -809.3509 
9.1850 	 -833.9073 	 24.5510 	 -809.3563 
9.1900 	 -833.9388 	 24.5606 	 -809.3782 
9.1950 	 -834.0637 	 24.6714 	 -809.3924 
9.2000 	 -834.0647 	 24.6765 	 -809.3882 
9.2050 	 -833.9674 	 24.5944 	 -809.3731 
9.2100 	 -833.9384 	 24.5678 	 -809.3706 
9.2150 	 -834.0058 	 24.6245 	 -809.3813 
9.2200 	 -833.9995 	 24.6064 	 -809.3931 
9.2250 	 -833.7694 	 24.3812 	 -809.3881 
9.2300 	 -833.4078 	 24.0376 	 -809.3702 
9.2350 	 -833.1743 	 23.8146 	 -809.3598 
9.2400 	 -833.2364 	 23.8760 	 -809.3604 
9.2450 	 -833.5765 	 24.2053 	 -809.3712 
9.2500 	 -834.0518 	 24.6701 	 -809.3817 
9.2550 	 -834.5180 	 25.1355 	 -809.3825 
9.2600 	 -834.9451 	 25.5693 	 -809.3758 
9.2650 	 -835.4140 	 26.0455 	 -809.3685 
9.2700 	 -836.0054 	 26.6332 	 -809.3722 
9.2750 	 -836.6515 	 27.2665 	 -809.3850 
9.2800 	 -837.1325 	 27.7310 	 -809.4015 
9.2850 	 -837.1869 	 27.7776 	 -809.4093 
9.2900 	 -836.6844 	 27.2788 	 -809.4056 
9.2950 	 -835.7095 	 26.3202 	 -809.3893 
9.3000 	 -834.5364 	 25.1650 	 -809.3714 
9.3050 	 -833.4780 	 24.1168 	 -809.3612 
9.3100 	 -832.7410 	 23.3862 	 -809.3548 
9.3150 	 -832.4351 	 23.0828 	 -809.3522 
9.3200 	 -832.5863 	 23.2302 	 -809.3560 
9.3250 	 -833.1094 	 23.7405 	 -809.3690 
9.3300 	 -833.7960 	 24.4124 	 -809.3836 
9.3350 	 -834.4022 	 25.0079 	 -809.3942 
9.3400 	 -834.7455 	 25.3494 	 -809.3961 
9.3450 	 -834.7767 	 25.3877 	 -809.3889 
9.3500 	 -834.5981 	 25.2212 	 -809.3769 
9.3550 	 -834.4274 	 25.0670 	 -809.3604 
9.3600 	 -834.5308 	 25.1808 	 -809.3500 
9.3650 	 -835.0619 	 25.7054 	 -809.3565 
9.3700 	 -835.9322 	 26.5543 	 -809.3779 
9.3750 	 -836.8303 	 27.4272 	 -809.4032 
9.3800 	 -837.3836 	 27.9672 	 -809.4164 
9.3850 	 -837.3735 	 27.9563 	 -809.4172 
9.3900 	 -836.7888 	 27.3830 	 -809.4059 
9.3950 	 -835.8056 	 26.4216 	 -809.3840 
9.4000 	 -834.7361 	 25.3732 	 -809.3629 
9.4050 	 -833.8925 	 24.5448 	 -809.3477 
9.4100 	 -833.4946 	 24.1509 	 -809.3438 
9.4150 	 -833.6190 	 24.2664 	 -809.3526 
9.4200 	 -834.1531 	 24.7828 	 -809.3703 
9.4250 	 -834.8009 	 25.4103 	 -809.3906 
9.4300 	 -835.2122 	 25.8080 	 -809.4042 
9.4350 	 -835.1838 	 25.7851 	 -809.3987 
9.4400 	 -834.7782 	 25.3913 	 -809.3869 
9.4450 	 -834.2093 	 24.8386 	 -809.3707 
9.4500 	 -833.7207 	 24.3586 	 -809.3620 
9.4550 	 -833.4493 	 24.0858 	 -809.3635 
9.4600 	 -833.3888 	 24.0193 	 -809.3695 
9.4650 	 -833.4521 	 24.0705 	 -809.3817 
9.4700 	 -833.5230 	 24.1380 	 -809.3850 
9.4750 	 -833.5601 	 24.1782 	 -809.3819 
9.4800 	 -833.5945 	 24.2172 	 -809.3773 
9.4850 	 -833.6891 	 24.3148 	 -809.3743 
9.4900 	 -833.9040 	 24.5337 	 -809.3703 
9.4950 	 -834.2862 	 24.9186 	 -809.3676 
9.5000 	 -834.8139 	 25.4358 	 -809.3781 
9.5050 	 -835.3204 	 25.9240 	 -809.3964 
9.5100 	 -835.5753 	 26.1724 	 -809.4029 
9.5150 	 -835.5083 	 26.1134 	 -809.3949 
9.5200 	 -835.2808 	 25.9051 	 -809.3756 
9.5250 	 -835.1613 	 25.7931 	 -809.3682 
9.5300 	 -835.2682 	 25.8921 	 -809.3761 
9.5350 	 -835.4896 	 26.0995 	 -809.3901 
9.5400 	 -835.6038 	 26.2056 	 -809.3983 
9.5450 	 -835.4881 	 26.0971 	 -809.3910 
9.5500 	 -835.2565 	 25.8852 	 -809.3713 
9.5550 	 -835.1733 	 25.8117 	 -809.3616 
9.5600 	 -835.3921 	 26.0209 	 -809.3712 
9.5650 	 -835.7939 	 26.4024 	 -809.3915 
9.5700 	 -836.0572 	 26.6466 	 -809.4106 
9.5750 	 -835.8832 	 26.4693 	 -809.4139 
9.5800 	 -835.2209 	 25.8255 	 -809.3953 
9.5850 	 -834.3539 	 24.9869 	 -809.3670 
9.5900 	 -833.7173 	 24.3688 	 -809.3486 
9.5950 	 -833.5937 	 24.2453 	 -809.3484 
9.6000 	 -833.9659 	 24.5987 	 -809.3672 
9.6050 	 -834.5520 	 25.1669 	 -809.3851 
9.6100 	 -835.0443 	 25.6504 	 -809.3939 
9.6150 	 -835.2947 	 25.9048 	 -809.3899 
9.6200 	 -835.3363 	 25.9524 	 -809.3839 
9.6250 	 -835.2610 	 25.8783 	 -809.3827 
9.6300 	 -835.1170 	 25.7314 	 -809.3856 
9.6350 	 -834.8902 	 25.5013 	 -809.3890 
9.6400 	 -834.5688 	 25.1830 	 -809.3859 
9.6450 	 -834.2321 	 24.8624 	 -809.3697 
9.6500 	 -834.0660 	 24.7033 	 -809.3627 
9.6550 	 -834.1797 	 24.8143 	 -809.3653 
9.6600 	 -834.5341 	 25.1587 	 -809.3755 
9.6650 	 -834.9596 	 25.5689 	 -809.3907 
9.6700 	 -835.2267 	 25.8217 	 -809.4050 
9.6750 	 -835.1600 	 25.7518 	 -809.4082 
9.6800 	 -834.7370 	 25.3386 	 -809.3984 
9.6850 	 -834.1293 	 24.7523 	 -809.3770 
9.6900 	 -833.6703 	 24.3189 	 -809.3514 
9.6950 	 -833.7135 	 24.3756 	 -809.3379 
9.7000 	 -834.3950 	 25.0433 	 -809.3517 
9.7050 	 -835.4867 	 26.1068 	 -809.3798 
9.7100 	 -836.5497 	 27.1448 	 -809.4048 
9.7150 	 -837.1944 	 27.7798 	 -809.4146 
9.7200 	 -837.2393 	 27.8244 	 -809.4148 
9.7250 	 -836.6685 	 27.2562 	 -809.4123 
9.7300 	 -835.5840 	 26.1853 	 -809.3987 
9.7350 	 -834.2551 	 24.8839 	 -809.3712 
9.7400 	 -833.1283 	 23.7862 	 -809.3421 
9.7450 	 -832.6514 	 23.3186 	 -809.3328 
9.7500 	 -832.9653 	 23.6153 	 -809.3500 
9.7550 	 -833.7897 	 24.4099 	 -809.3798 
9.7600 	 -834.6500 	 25.2511 	 -809.3988 
9.7650 	 -835.2225 	 25.8225 	 -809.4001 
9.7700 	 -835.4562 	 26.0640 	 -809.3922 
9.7750 	 -835.4494 	 26.0641 	 -809.3853 
9.7800 	 -835.2946 	 25.9123 	 -809.3822 
9.7850 	 -835.0629 	 25.6888 	 -809.3741 
9.7900 	 -834.8771 	 25.5122 	 -809.3649 
9.7950 	 -834.8554 	 25.4941 	 -809.3614 
9.8000 	 -835.0007 	 25.6296 	 -809.3711 
9.8050 	 -835.1495 	 25.7645 	 -809.3849 
9.8100 	 -835.1274 	 25.7425 	 -809.3849 
9.8150 	 -834.9255 	 25.5489 	 -809.3766 
9.8200 	 -834.6487 	 25.2769 	 -809.3719 
9.8250 	 -834.3954 	 25.0257 	 -809.3697 
9.8300 	 -834.2420 	 24.8759 	 -809.3661 
9.8350 	 -834.2562 	 24.8889 	 -809.3672 
9.8400 	 -834.4328 	 25.0592 	 -809.3736 
9.8450 	 -834.6954 	 25.3164 	 -809.3790 
9.8500 	 -834.9622 	 25.5804 	 -809.3818 
9.8550 	 -835.1733 	 25.7912 	 -809.3821 
9.8600 	 -835.2739 	 25.8859 	 -809.3880 
9.8650 	 -835.1812 	 25.7910 	 -809.3903 
9.8700 	 -834.8549 	 25.4678 	 -809.3871 
9.8750 	 -834.3391 	 24.9629 	 -809.3762 
9.8800 	 -833.8011 	 24.4396 	 -809.3616 
9.8850 	 -833.4618 	 24.1084 	 -809.3534 
9.8900 	 -833.4668 	 24.1138 	 -809.3530 
9.8950 	 -833.8382 	 24.4783 	 -809.3598 
9.9000 	 -834.4718 	 25.1002 	 -809.3716 
9.9050 	 -835.1586 	 25.7688 	 -809.3898 
9.9100 	 -835.6277 	 26.2244 	 -809.4033 
9.9150 	 -835.6901 	 26.2880 	 -809.4021 
9.9200 	 -835.3715 	 25.9852 	 -809.3863 
9.9250 	 -834.9162 	 25.5534 	 -809.3628 
9.9300 	 -834.6487 	 25.2959 	 -809.3528 
9.9350 	 -834.7419 	 25.3855 	 -809.3563 
9.9400 	 -835.1472 	 25.7741 	 -809.3731 
9.9450 	 -835.6328 	 26.2432 	 -809.3896 
9.9500 	 -835.9399 	 26.5389 	 -809.4011 
9.9550 	 -835.9165 	 26.5147 	 -809.4019 
9.9600 	 -835.5901 	 26.1988 	 -809.3913 
9.9650 	 -835.1337 	 25.7561 	 -809.3776 
9.9700 	 -834.7447 	 25.3711 	 -809.3736 
9.9750 	 -834.5045 	 25.1276 	 -809.3769 
9.9800 	 -834.3835 	 25.0039 	 -809.3796 
9.9850 	 -834.3452 	 24.9692 	 -809.3760 
9.9900 	 -834.4049 	 25.0313 	 -809.3736 
9.9950 	 -834.5715 	 25.1927 	 -809.3789 
